-75.8515533703 0.0595143351 0.7340793656 0.4768421664
-75.8515496370 0.0595143472 0.7340792571 0.4768375377
-75.8515384478 0.0595143834 0.7340789319 0.4768236800
-75.8515198401 0.0595144437 0.7340783910 0.4768007279
-75.8514938931 0.0595145277 0.7340776368 0.4767690717
-75.8514607513 0.0595146350 0.7340766736 0.4767295826
-75.8514048842 0.0595148159 0.7340750449 0.4765339314
-75.8513603748 0.0595149600 0.7340737524 0.4765031736
-75.8513099210 0.0595151234 0.7340722875 0.4764723131
-75.8512535791 0.0595153058 0.7340706520 0.4764413991
-75.8511914042 0.0595155071 0.7340688473 0.4764104693
-75.8511234507 0.0595157271 0.7340668752 0.4763795527
-75.8510497719 0.0595159657 0.7340647371 0.4763486708
-75.8509704207 0.0595162226 0.7340624347 0.4763178388
-75.8508854493 0.0595164977 0.7340599693 0.4762870663
-75.8507949095 0.0595167909 0.7340573426 0.4762563587
-75.8506988523 0.0595171019 0.7340545559 0.4762257170
-75.8505973287 0.0595174306 0.7340516109 0.4761951391
-75.8504903889 0.0595177769 0.7340485088 0.4761646197
-75.8503780831 0.0595181405 0.7340452513 0.4761341514
-75.8502604611 0.0595185214 0.7340418397 0.4761037244
-75.8501375725 0.0595189193 0.7340382755 0.4760733268
-75.8500094667 0.0595193341 0.7340345600 0.4760429450
-75.8498761930 0.0595197656 0.7340306948 0.4760125642
-75.8497378005 0.0595202137 0.7340266812 0.4759821682
-75.8495943383 0.0595206782 0.7340225207 0.4759517391
-75.8494458555 0.0595211590 0.7340182146 0.4759212582
-75.8492924011 0.0595216559 0.7340137644 0.4758907061
-75.8491340243 0.0595221687 0.7340091714 0.4758600618
-75.8489707743 0.0595226974 0.7340044372 0.4758293032
-75.8488027005 0.0595232416 0.7339995631 0.4757984078
-75.8486298523 0.0595238013 0.7339945506 0.4757673518
-75.8484522794 0.0595243763 0.7339894010 0.4757361100
-75.8482700316 0.0595249665 0.7339841158 0.4757046560
-75.8480831590 0.0595255716 0.7339786964 0.4756729625
-75.8478917122 0.0595261916 0.7339731443 0.4756410006
-75.8476957418 0.0595268262 0.7339674610 0.4756087392
-75.8474952987 0.0595274753 0.7339616478 0.4755761462
-75.8472904345 0.0595281387 0.7339557064 0.4755431875
-75.8470812010 0.0595288163 0.7339496380 0.4755098262
-75.8468676504 0.0595295078 0.7339434443 0.4754760235
-75.8466498354 0.0595302132 0.7339371268 0.4754417381
-75.8464278093 0.0595309322 0.7339306870 0.4754069252
-75.8462016259 0.0595316647 0.7339241263 0.4753715370
-75.8459713397 0.0595324105 0.7339174465 0.4753355224
-75.8457370055 0.0595331695 0.7339106489 0.4752988257
-75.8454986791 0.0595339413 0.7339037354 0.4752613866
-75.8452564169 0.0595347259 0.7338967073 0.4752231405
-75.8450102760 0.0595355231 0.7338895665 0.4751840158
-75.8447603142 0.0595363327 0.7338823145 0.4751439346
-75.8445065904 0.0595371544 0.7338749529 0.4751028120
-75.8442491637 0.0595379882 0.7338674836 0.4750605526
-75.8439880945 0.0595388338 0.7338599083 0.4750170514
-75.8437234438 0.0595396909 0.7338522286 0.4749721901
-75.8434552728 0.0595405595 0.7338444463 0.4749258343
-75.8431836437 0.0595414393 0.7338365633 0.4748778309
-75.8429086185 0.0595423302 0.7338285812 0.4748280014
-75.8426302591 0.0595432318 0.7338205018 0.4747761362
-75.8423486262 0.0595441441 0.7338123269 0.4747219843
-75.8420637788 0.0595450667 0.7338040582 0.4746652398
-75.8417757724 0.0595459997 0.7337956972 0.4746055224
-75.8414846566 0.0595469427 0.7337872454 0.4745423488
-75.8411904717 0.0595478956 0.7337787038 0.4744750904
-75.8408932428 0.0595488585 0.7337700732 0.4744029077
-75.8405929704 0.0595498312 0.7337613535 0.4743246450
-75.8402896132 0.0595508139 0.7337525434 0.4742386459
-75.8399830536 0.0595518070 0.7337436395 0.4741423926
-75.8396730156 0.0595528114 0.7337346335 0.4740316681
-75.8393588173 0.0595538293 0.7337255053 0.4738980906
-75.8390382404 0.0595548679 0.7337161896 0.4737180070
-75.8386912795 0.0595559920 0.7337060980 0.4732943100
-75.8383518104 0.0595570918 0.7336962267 0.4729480338
-75.8380351075 0.0595581179 0.7336870250 0.4728217361
-75.8377255532 0.0595591209 0.7336780331 0.4727544204
-75.8374252164 0.0595600939 0.7336693102 0.4727215978
-75.8371589835 0.0595609565 0.7336615784 0.4727108535
-75.8371570127 0.0595609629 0.7336615211 0.4727112433
-75.8371474049 0.0595609940 0.7336612422 0.4727119968
-75.8371367920 0.0595610284 0.7336609342 0.4727130411
-75.8371263097 0.0595610624 0.7336606301 0.4727143532
-75.8371161500 0.0595610953 0.7336603355 0.4727159194
-75.8371063428 0.0595611271 0.7336600512 0.4727177279
-75.8370968899 0.0595611577 0.7336597773 0.4727197672
-75.8370877880 0.0595611872 0.7336595137 0.4727220259
-75.8370790326 0.0595612156 0.7336592602 0.4727244925
-75.8370706185 0.0595612428 0.7336590167 0.4727271555
-75.8370625405 0.0595612690 0.7336587831 0.4727300035
-75.8370547929 0.0595612941 0.7336585592 0.4727330251
-75.8370473698 0.0595613181 0.7336583447 0.4727362089
-75.8370402650 0.0595613412 0.7336581396 0.4727395438
-75.8370334721 0.0595613632 0.7336579436 0.4727430186
-75.8370269845 0.0595613842 0.7336577565 0.4727466223
-75.8370207953 0.0595614042 0.7336575781 0.4727503440
-75.8370148975 0.0595614233 0.7336574083 0.4727541730
-75.8370092840 0.0595614415 0.7336572467 0.4727580987
-75.8370039474 0.0595614588 0.7336570933 0.4727621107
-75.8369988805 0.0595614752 0.7336569477 0.4727661991
-75.8369940755 0.0595614908 0.7336568098 0.4727703537
-75.8369895250 0.0595615055 0.7336566793 0.4727745649
-75.8369852212 0.0595615195 0.7336565561 0.4727788233
-75.8369811564 0.0595615326 0.7336564397 0.4727831195
-75.8369773229 0.0595615451 0.7336563302 0.4727874447
-75.8369737129 0.0595615568 0.7336562271 0.4727917901
-75.8369703185 0.0595615678 0.7336561303 0.4727961473
-75.8369671320 0.0595615781 0.7336560396 0.4728005081
-75.8369641456 0.0595615877 0.7336559547 0.4728048647
-75.8369613515 0.0595615968 0.7336558754 0.4728092094
-75.8369587421 0.0595616052 0.7336558015 0.4728135349
-75.8369563098 0.0595616131 0.7336557327 0.4728178342
-75.8369540470 0.0595616205 0.7336556688 0.4728221005
-75.8369519461 0.0595616273 0.7336556097 0.4728263273
-75.8369499999 0.0595616336 0.7336555550 0.4728305085
-75.8369482009 0.0595616394 0.7336555046 0.4728346381
-75.8369465421 0.0595616448 0.7336554582 0.4728387105
-75.8369450163 0.0595616497 0.7336554157 0.4728427203
-75.8369436166 0.0595616542 0.7336553769 0.4728466624
-75.8369423363 0.0595616584 0.7336553414 0.4728505320
-75.8369411685 0.0595616622 0.7336553093 0.4728543245
-75.8369401069 0.0595616656 0.7336552801 0.4728580356
-75.8369391451 0.0595616687 0.7336552539 0.4728616611
-75.8369382768 0.0595616715 0.7336552303 0.4728651973
-75.8369374960 0.0595616740 0.7336552093 0.4728686405
-75.8369367969 0.0595616763 0.7336551906 0.4728719874
-75.8369361738 0.0595616783 0.7336551740 0.4728752346
-75.8369356211 0.0595616801 0.7336551595 0.4728783794
-75.8369351335 0.0595616817 0.7336551468 0.4728814189
-75.8369347060 0.0595616831 0.7336551358 0.4728843505
-75.8369343335 0.0595616843 0.7336551263 0.4728871718
-75.8369340112 0.0595616853 0.7336551183 0.4728898807
-75.8369337348 0.0595616862 0.7336551116 0.4728924751
-75.8369334997 0.0595616870 0.7336551059 0.4728949530
-75.8369333018 0.0595616876 0.7336551014 0.4728973128
-75.8369331372 0.0595616881 0.7336550977 0.4728995528
-75.8369330022 0.0595616886 0.7336550948 0.4729016716
-75.8369328931 0.0595616889 0.7336550927 0.4729036679
-75.8369328068 0.0595616892 0.7336550911 0.4729055404
-75.8369327400 0.0595616894 0.7336550901 0.4729072880
-75.8369326898 0.0595616896 0.7336550894 0.4729089098
-75.8369326536 0.0595616897 0.7336550891 0.4729104049
-75.8369326289 0.0595616898 0.7336550891 0.4729117724
-75.8369326133 0.0595616898 0.7336550893 0.4729130117
-75.8369326050 0.0595616899 0.7336550896 0.4729141221
-75.8369326019 0.0595616899 0.7336550900 0.4729151031
-75.8369326026 0.0595616899 0.7336550905 0.4729159542
-75.8369326055 0.0595616898 0.7336550909 0.4729166750
-75.8369326095 0.0595616898 0.7336550914 0.4729172652
-75.8369326137 0.0595616898 0.7336550917 0.4729177246
-75.8369326171 0.0595616898 0.7336550920 0.4729180528
-75.8369326195 0.0595616898 0.7336550922 0.4729182498
-75.8369326203 0.0595616898 0.7336550922 0.4729183155
-75.8371570127 0.0595609629 0.7336615211 0.4727112438
-75.8371474049 0.0595609940 0.7336612422 0.4727119968
-75.8371367920 0.0595610284 0.7336609342 0.4727130411
-75.8371263097 0.0595610624 0.7336606301 0.4727143532
-75.8371161500 0.0595610953 0.7336603355 0.4727159194
-75.8371063428 0.0595611271 0.7336600512 0.4727177279
-75.8370968899 0.0595611577 0.7336597773 0.4727197672
-75.8370877880 0.0595611872 0.7336595137 0.4727220259
-75.8370790326 0.0595612156 0.7336592602 0.4727244925
-75.8370706185 0.0595612428 0.7336590167 0.4727271555
-75.8370625405 0.0595612690 0.7336587831 0.4727300035
-75.8370547929 0.0595612941 0.7336585592 0.4727330251
-75.8370473698 0.0595613181 0.7336583447 0.4727362089
-75.8370402650 0.0595613412 0.7336581396 0.4727395438
-75.8370334721 0.0595613632 0.7336579436 0.4727430186
-75.8370269845 0.0595613842 0.7336577565 0.4727466223
-75.8370207953 0.0595614042 0.7336575781 0.4727503440
-75.8370148975 0.0595614233 0.7336574083 0.4727541730
-75.8370092840 0.0595614415 0.7336572467 0.4727580987
-75.8370039474 0.0595614588 0.7336570933 0.4727621108
-75.8369988805 0.0595614752 0.7336569477 0.4727661991
-75.8369940755 0.0595614908 0.7336568098 0.4727703537
-75.8369895250 0.0595615055 0.7336566793 0.4727745649
-75.8369852212 0.0595615195 0.7336565561 0.4727788233
-75.8369811565 0.0595615326 0.7336564397 0.4727831195
-75.8369773229 0.0595615451 0.7336563302 0.4727874447
-75.8369737129 0.0595615568 0.7336562271 0.4727917901
-75.8369703185 0.0595615678 0.7336561303 0.4727961473
-75.8369671320 0.0595615781 0.7336560396 0.4728005081
-75.8369641456 0.0595615877 0.7336559547 0.4728048647
-75.8369613515 0.0595615968 0.7336558754 0.4728092094
-75.8369587422 0.0595616052 0.7336558015 0.4728135349
-75.8369563098 0.0595616131 0.7336557327 0.4728178342
-75.8369540470 0.0595616205 0.7336556688 0.4728221005
-75.8369519461 0.0595616273 0.7336556097 0.4728263273
-75.8369499999 0.0595616336 0.7336555550 0.4728305085
-75.8369482009 0.0595616394 0.7336555046 0.4728346381
-75.8369465421 0.0595616448 0.7336554582 0.4728387105
-75.8369450163 0.0595616497 0.7336554157 0.4728427203
-75.8369436166 0.0595616542 0.7336553769 0.4728466624
-75.8369423363 0.0595616584 0.7336553414 0.4728505320
-75.8369411686 0.0595616622 0.7336553093 0.4728543245
-75.8369401070 0.0595616656 0.7336552801 0.4728580356
-75.8369391451 0.0595616687 0.7336552539 0.4728616612
-75.8369382768 0.0595616715 0.7336552303 0.4728651973
-75.8369374961 0.0595616740 0.7336552093 0.4728686405
-75.8369367969 0.0595616763 0.7336551906 0.4728719874
-75.8369361738 0.0595616783 0.7336551740 0.4728752347
-75.8369356211 0.0595616801 0.7336551595 0.4728783794
-75.8369351336 0.0595616817 0.7336551468 0.4728814189
-75.8369347060 0.0595616831 0.7336551358 0.4728843505
-75.8369343335 0.0595616843 0.7336551263 0.4728871718
-75.8369340113 0.0595616853 0.7336551183 0.4728898807
-75.8369337348 0.0595616862 0.7336551116 0.4728924751
-75.8369334997 0.0595616870 0.7336551059 0.4728949530
-75.8369333018 0.0595616876 0.7336551014 0.4728973128
-75.8369331372 0.0595616881 0.7336550977 0.4728995528
-75.8369330022 0.0595616886 0.7336550948 0.4729016716
-75.8369328932 0.0595616889 0.7336550927 0.4729036679
-75.8369328068 0.0595616892 0.7336550911 0.4729055404
-75.8369327400 0.0595616894 0.7336550901 0.4729072880
-75.8369326898 0.0595616896 0.7336550894 0.4729089098
-75.8369326536 0.0595616897 0.7336550891 0.4729104049
-75.8369326289 0.0595616898 0.7336550891 0.4729117724
-75.8369326134 0.0595616898 0.7336550893 0.4729130117
-75.8369326050 0.0595616899 0.7336550896 0.4729141221
-75.8369326020 0.0595616899 0.7336550900 0.4729151031
-75.8369326026 0.0595616899 0.7336550905 0.4729159542
-75.8369326055 0.0595616898 0.7336550909 0.4729166750
-75.8369326095 0.0595616898 0.7336550914 0.4729172653
-75.8369326137 0.0595616898 0.7336550917 0.4729177246
-75.8369326172 0.0595616898 0.7336550920 0.4729180528
-75.8369326195 0.0595616898 0.7336550922 0.4729182498
-75.8369326203 0.0595616898 0.7336550922 0.4729183155
-75.8371548849 0.0595609698 0.7336614594 0.4727106233
-75.8371429599 0.0595610084 0.7336611132 0.4727107006
-75.8371299996 0.0595610504 0.7336607371 0.4727110608
-75.8371171675 0.0595610920 0.7336603649 0.4727116889
-75.8371046618 0.0595611325 0.7336600022 0.4727125732
-75.8370925141 0.0595611719 0.7336596500 0.4727137027
-75.8370807277 0.0595612101 0.7336593084 0.4727150666
-75.8370693003 0.0595612471 0.7336589773 0.4727166540
-75.8370582287 0.0595612830 0.7336586567 0.4727184540
-75.8370475088 0.0595613177 0.7336583463 0.4727204558
-75.8370371366 0.0595613513 0.7336580461 0.4727226482
-75.8370271074 0.0595613838 0.7336577560 0.4727250206
-75.8370174164 0.0595614152 0.7336574757 0.4727275620
-75.8370080587 0.0595614455 0.7336572052 0.4727302617
-75.8369990287 0.0595614748 0.7336569443 0.4727331089
-75.8369903211 0.0595615030 0.7336566928 0.4727360930
-75.8369819299 0.0595615302 0.7336564506 0.4727392036
-75.8369738493 0.0595615563 0.7336562174 0.4727424302
-75.8369660731 0.0595615815 0.7336559932 0.4727457627
-75.8369585950 0.0595616058 0.7336557776 0.4727491911
-75.8369514085 0.0595616290 0.7336555706 0.4727527054
-75.8369445072 0.0595616514 0.7336553719 0.4727562961
-75.8369378843 0.0595616729 0.7336551813 0.4727599537
-75.8369315332 0.0595616934 0.7336549986 0.4727636688
-75.8369254469 0.0595617131 0.7336548237 0.4727674326
-75.8369196186 0.0595617320 0.7336546562 0.4727712363
-75.8369140415 0.0595617501 0.7336544961 0.4727750714
-75.8369087085 0.0595617674 0.7336543431 0.4727789295
-75.8369036127 0.0595617839 0.7336541970 0.4727828027
-75.8368987472 0.0595617996 0.7336540577 0.4727866833
-75.8368941049 0.0595618147 0.7336539248 0.4727905637
-75.8368896791 0.0595618290 0.7336537982 0.4727944368
-75.8368854628 0.0595618427 0.7336536777 0.4727982958
-75.8368814492 0.0595618557 0.7336535630 0.4728021338
-75.8368776315 0.0595618680 0.7336534541 0.4728059446
-75.8368740030 0.0595618798 0.7336533506 0.4728097221
-75.8368705571 0.0595618910 0.7336532525 0.4728134604
-75.8368672872 0.0595619015 0.7336531594 0.4728171541
-75.8368641870 0.0595619116 0.7336530713 0.4728207977
-75.8368612501 0.0595619211 0.7336529879 0.4728243863
-75.8368584703 0.0595619301 0.7336529090 0.4728279152
-75.8368558414 0.0595619386 0.7336528345 0.4728313798
-75.8368533576 0.0595619467 0.7336527641 0.4728347759
-75.8368510129 0.0595619543 0.7336526978 0.4728380994
-75.8368488017 0.0595619614 0.7336526354 0.4728413466
-75.8368467185 0.0595619682 0.7336525766 0.4728445140
-75.8368447577 0.0595619745 0.7336525213 0.4728475982
-75.8368429143 0.0595619805 0.7336524694 0.4728505960
-75.8368411830 0.0595619861 0.7336524207 0.4728535047
-75.8368395590 0.0595619913 0.7336523751 0.4728563214
-75.8368380375 0.0595619963 0.7336523324 0.4728590437
-75.8368366138 0.0595620009 0.7336522925 0.4728616692
-75.8368352837 0.0595620052 0.7336522553 0.4728641958
-75.8368340427 0.0595620092 0.7336522207 0.4728666214
-75.8368328870 0.0595620130 0.7336521884 0.4728689443
-75.8368318125 0.0595620164 0.7336521585 0.4728711628
-75.8368308155 0.0595620197 0.7336521307 0.4728732752
-75.8368298926 0.0595620226 0.7336521050 0.4728752802
-75.8368290404 0.0595620254 0.7336520814 0.4728771766
-75.8368282557 0.0595620279 0.7336520596 0.4728789630
-75.8368275356 0.0595620303 0.7336520397 0.4728806386
-75.8368268772 0.0595620324 0.7336520215 0.4728822022
-75.8368262781 0.0595620344 0.7336520049 0.4728836531
-75.8368257357 0.0595620361 0.7336519899 0.4728849905
-75.8368252480 0.0595620377 0.7336519765 0.4728862137
-75.8368248128 0.0595620391 0.7336519645 0.4728873220
-75.8368244283 0.0595620403 0.7336519539 0.4728883151
-75.8368240929 0.0595620414 0.7336519447 0.4728891923
-75.8368238051 0.0595620424 0.7336519368 0.4728899533
-75.8368235638 0.0595620431 0.7336519301 0.4728905979
-75.8368233678 0.0595620438 0.7336519248 0.4728911256
-75.8368232162 0.0595620443 0.7336519206 0.4728915362
-75.8368231084 0.0595620446 0.7336519177 0.4728918297
-75.8368230439 0.0595620448 0.7336519159 0.4728920058
-75.8368230225 0.0595620449 0.7336519153 0.4728920645
-75.8371548848 0.0595609698 0.7336614594 0.4727106227
-75.8371429599 0.0595610084 0.7336611132 0.4727107006
-75.8371299996 0.0595610504 0.7336607371 0.4727110608
-75.8371171675 0.0595610920 0.7336603649 0.4727116889
-75.8371046617 0.0595611325 0.7336600022 0.4727125732
-75.8370925141 0.0595611719 0.7336596500 0.4727137027
-75.8370807277 0.0595612101 0.7336593084 0.4727150666
-75.8370693003 0.0595612471 0.7336589773 0.4727166540
-75.8370582287 0.0595612830 0.7336586567 0.4727184540
-75.8370475088 0.0595613177 0.7336583463 0.4727204558
-75.8370371365 0.0595613513 0.7336580461 0.4727226482
-75.8370271074 0.0595613838 0.7336577560 0.4727250206
-75.8370174164 0.0595614152 0.7336574757 0.4727275620
-75.8370080587 0.0595614455 0.7336572052 0.4727302617
-75.8369990287 0.0595614748 0.7336569443 0.4727331089
-75.8369903211 0.0595615030 0.7336566928 0.4727360930
-75.8369819299 0.0595615302 0.7336564506 0.4727392036
-75.8369738493 0.0595615563 0.7336562174 0.4727424302
-75.8369660731 0.0595615815 0.7336559932 0.4727457627
-75.8369585950 0.0595616058 0.7336557776 0.4727491911
-75.8369514085 0.0595616290 0.7336555706 0.4727527054
-75.8369445072 0.0595616514 0.7336553719 0.4727562961
-75.8369378843 0.0595616729 0.7336551813 0.4727599537
-75.8369315332 0.0595616934 0.7336549986 0.4727636688
-75.8369254469 0.0595617131 0.7336548237 0.4727674326
-75.8369196186 0.0595617320 0.7336546562 0.4727712363
-75.8369140415 0.0595617501 0.7336544961 0.4727750714
-75.8369087085 0.0595617674 0.7336543431 0.4727789295
-75.8369036127 0.0595617839 0.7336541970 0.4727828027
-75.8368987471 0.0595617996 0.7336540577 0.4727866833
-75.8368941049 0.0595618147 0.7336539248 0.4727905637
-75.8368896791 0.0595618290 0.7336537982 0.4727944368
-75.8368854628 0.0595618427 0.7336536777 0.4727982958
-75.8368814491 0.0595618557 0.7336535630 0.4728021338
-75.8368776314 0.0595618680 0.7336534541 0.4728059446
-75.8368740029 0.0595618798 0.7336533506 0.4728097221
-75.8368705570 0.0595618910 0.7336532525 0.4728134604
-75.8368672872 0.0595619015 0.7336531594 0.4728171540
-75.8368641870 0.0595619116 0.7336530713 0.4728207977
-75.8368612501 0.0595619211 0.7336529879 0.4728243863
-75.8368584702 0.0595619301 0.7336529090 0.4728279152
-75.8368558414 0.0595619386 0.7336528345 0.4728313798
-75.8368533575 0.0595619467 0.7336527641 0.4728347759
-75.8368510129 0.0595619543 0.7336526978 0.4728380994
-75.8368488017 0.0595619614 0.7336526354 0.4728413466
-75.8368467184 0.0595619682 0.7336525766 0.4728445140
-75.8368447577 0.0595619745 0.7336525213 0.4728475981
-75.8368429143 0.0595619805 0.7336524694 0.4728505960
-75.8368411830 0.0595619861 0.7336524207 0.4728535046
-75.8368395590 0.0595619913 0.7336523751 0.4728563214
-75.8368380374 0.0595619963 0.7336523324 0.4728590437
-75.8368366138 0.0595620009 0.7336522925 0.4728616692
-75.8368352836 0.0595620052 0.7336522553 0.4728641958
-75.8368340427 0.0595620092 0.7336522207 0.4728666214
-75.8368328869 0.0595620130 0.7336521884 0.4728689443
-75.8368318124 0.0595620164 0.7336521584 0.4728711628
-75.8368308155 0.0595620197 0.7336521307 0.4728732752
-75.8368298926 0.0595620226 0.7336521050 0.4728752802
-75.8368290403 0.0595620254 0.7336520814 0.4728771766
-75.8368282557 0.0595620279 0.7336520596 0.4728789630
-75.8368275355 0.0595620303 0.7336520397 0.4728806386
-75.8368268772 0.0595620324 0.7336520215 0.4728822022
-75.8368262781 0.0595620344 0.7336520049 0.4728836531
-75.8368257357 0.0595620361 0.7336519899 0.4728849905
-75.8368252479 0.0595620377 0.7336519765 0.4728862136
-75.8368248127 0.0595620391 0.7336519645 0.4728873220
-75.8368244282 0.0595620403 0.7336519539 0.4728883151
-75.8368240929 0.0595620414 0.7336519447 0.4728891923
-75.8368238051 0.0595620424 0.7336519368 0.4728899533
-75.8368235637 0.0595620431 0.7336519301 0.4728905978
-75.8368233677 0.0595620438 0.7336519248 0.4728911255
-75.8368232162 0.0595620443 0.7336519206 0.4728915362
-75.8368231084 0.0595620446 0.7336519177 0.4728918296
-75.8368230439 0.0595620448 0.7336519159 0.4728920058
-75.8368230225 0.0595620449 0.7336519153 0.4728920645
-75.8371548848 0.0595609698 0.7336614594 0.4727106227
-75.8371429599 0.0595610084 0.7336611132 0.4727107006
-75.8371299996 0.0595610504 0.7336607371 0.4727110608
-75.8371171675 0.0595610920 0.7336603649 0.4727116889
-75.8371046617 0.0595611325 0.7336600022 0.4727125732
-75.8370925141 0.0595611719 0.7336596500 0.4727137027
-75.8370807277 0.0595612101 0.7336593084 0.4727150666
-75.8370693003 0.0595612471 0.7336589773 0.4727166540
-75.8370582287 0.0595612830 0.7336586567 0.4727184540
-75.8370475088 0.0595613177 0.7336583463 0.4727204558
-75.8370371365 0.0595613513 0.7336580461 0.4727226482
-75.8370271074 0.0595613838 0.7336577560 0.4727250206
-75.8370174164 0.0595614152 0.7336574757 0.4727275620
-75.8370080587 0.0595614455 0.7336572052 0.4727302617
-75.8369990287 0.0595614748 0.7336569443 0.4727331089
-75.8369903211 0.0595615030 0.7336566928 0.4727360930
-75.8369819299 0.0595615302 0.7336564506 0.4727392036
-75.8369738493 0.0595615563 0.7336562174 0.4727424302
-75.8369660731 0.0595615815 0.7336559932 0.4727457627
-75.8369585950 0.0595616058 0.7336557776 0.4727491911
-75.8369514085 0.0595616290 0.7336555706 0.4727527054
-75.8369445072 0.0595616514 0.7336553719 0.4727562961
-75.8369378843 0.0595616729 0.7336551813 0.4727599537
-75.8369315331 0.0595616934 0.7336549986 0.4727636688
-75.8369254469 0.0595617131 0.7336548237 0.4727674326
-75.8369196186 0.0595617320 0.7336546562 0.4727712363
-75.8369140415 0.0595617501 0.7336544961 0.4727750714
-75.8369087085 0.0595617674 0.7336543431 0.4727789295
-75.8369036127 0.0595617839 0.7336541970 0.4727828027
-75.8368987471 0.0595617996 0.7336540577 0.4727866833
-75.8368941049 0.0595618147 0.7336539248 0.4727905637
-75.8368896791 0.0595618290 0.7336537982 0.4727944368
-75.8368854628 0.0595618427 0.7336536777 0.4727982958
-75.8368814491 0.0595618557 0.7336535630 0.4728021338
-75.8368776314 0.0595618680 0.7336534541 0.4728059446
-75.8368740029 0.0595618798 0.7336533506 0.4728097221
-75.8368705570 0.0595618910 0.7336532525 0.4728134604
-75.8368672872 0.0595619015 0.7336531594 0.4728171540
-75.8368641870 0.0595619116 0.7336530713 0.4728207977
-75.8368612501 0.0595619211 0.7336529879 0.4728243863
-75.8368584702 0.0595619301 0.7336529090 0.4728279152
-75.8368558414 0.0595619386 0.7336528345 0.4728313798
-75.8368533575 0.0595619467 0.7336527641 0.4728347759
-75.8368510129 0.0595619543 0.7336526978 0.4728380994
-75.8368488017 0.0595619614 0.7336526354 0.4728413466
-75.8368467184 0.0595619682 0.7336525766 0.4728445140
-75.8368447577 0.0595619745 0.7336525213 0.4728475981
-75.8368429142 0.0595619805 0.7336524694 0.4728505960
-75.8368411830 0.0595619861 0.7336524207 0.4728535046
-75.8368395589 0.0595619913 0.7336523751 0.4728563214
-75.8368380374 0.0595619963 0.7336523324 0.4728590437
-75.8368366138 0.0595620009 0.7336522925 0.4728616692
-75.8368352836 0.0595620052 0.7336522553 0.4728641958
-75.8368340427 0.0595620092 0.7336522207 0.4728666214
-75.8368328869 0.0595620130 0.7336521884 0.4728689443
-75.8368318124 0.0595620164 0.7336521584 0.4728711628
-75.8368308155 0.0595620197 0.7336521307 0.4728732752
-75.8368298926 0.0595620226 0.7336521050 0.4728752802
-75.8368290403 0.0595620254 0.7336520814 0.4728771766
-75.8368282556 0.0595620279 0.7336520596 0.4728789630
-75.8368275355 0.0595620303 0.7336520397 0.4728806386
-75.8368268772 0.0595620324 0.7336520215 0.4728822022
-75.8368262781 0.0595620344 0.7336520049 0.4728836531
-75.8368257357 0.0595620361 0.7336519899 0.4728849905
-75.8368252479 0.0595620377 0.7336519765 0.4728862136
-75.8368248127 0.0595620391 0.7336519645 0.4728873220
-75.8368244282 0.0595620403 0.7336519539 0.4728883151
-75.8368240928 0.0595620414 0.7336519447 0.4728891923
-75.8368238051 0.0595620424 0.7336519368 0.4728899533
-75.8368235637 0.0595620431 0.7336519301 0.4728905978
-75.8368233677 0.0595620438 0.7336519248 0.4728911255
-75.8368232162 0.0595620443 0.7336519206 0.4728915362
-75.8368231084 0.0595620446 0.7336519177 0.4728918296
-75.8368230439 0.0595620448 0.7336519159 0.4728920058
-75.8368230224 0.0595620449 0.7336519153 0.4728920645
-75.8371548848 0.0595609698 0.7336614594 0.4727106227
-75.8371429599 0.0595610084 0.7336611132 0.4727107006
-75.8371299996 0.0595610504 0.7336607371 0.4727110608
-75.8371171675 0.0595610920 0.7336603649 0.4727116889
-75.8371046618 0.0595611325 0.7336600022 0.4727125732
-75.8370925141 0.0595611719 0.7336596500 0.4727137027
-75.8370807277 0.0595612101 0.7336593084 0.4727150666
-75.8370693003 0.0595612471 0.7336589773 0.4727166540
-75.8370582287 0.0595612830 0.7336586567 0.4727184541
-75.8370475088 0.0595613177 0.7336583463 0.4727204558
-75.8370371366 0.0595613513 0.7336580461 0.4727226482
-75.8370271074 0.0595613838 0.7336577560 0.4727250206
-75.8370174164 0.0595614152 0.7336574757 0.4727275620
-75.8370080587 0.0595614455 0.7336572052 0.4727302617
-75.8369990287 0.0595614748 0.7336569443 0.4727331089
-75.8369903211 0.0595615030 0.7336566928 0.4727360930
-75.8369819299 0.0595615302 0.7336564506 0.4727392036
-75.8369738493 0.0595615563 0.7336562174 0.4727424302
-75.8369660731 0.0595615815 0.7336559932 0.4727457627
-75.8369585950 0.0595616058 0.7336557776 0.4727491911
-75.8369514085 0.0595616290 0.7336555706 0.4727527054
-75.8369445072 0.0595616514 0.7336553719 0.4727562961
-75.8369378843 0.0595616729 0.7336551813 0.4727599537
-75.8369315332 0.0595616934 0.7336549986 0.4727636688
-75.8369254469 0.0595617131 0.7336548237 0.4727674327
-75.8369196186 0.0595617320 0.7336546562 0.4727712363
-75.8369140415 0.0595617501 0.7336544961 0.4727750714
-75.8369087085 0.0595617674 0.7336543431 0.4727789295
-75.8369036127 0.0595617839 0.7336541970 0.4727828027
-75.8368987472 0.0595617996 0.7336540577 0.4727866833
-75.8368941049 0.0595618147 0.7336539248 0.4727905637
-75.8368896791 0.0595618290 0.7336537982 0.4727944369
-75.8368854628 0.0595618427 0.7336536777 0.4727982958
-75.8368814492 0.0595618557 0.7336535630 0.4728021338
-75.8368776315 0.0595618680 0.7336534541 0.4728059446
-75.8368740030 0.0595618798 0.7336533506 0.4728097221
-75.8368705571 0.0595618910 0.7336532525 0.4728134604
-75.8368672872 0.0595619015 0.7336531594 0.4728171541
-75.8368641870 0.0595619116 0.7336530713 0.4728207977
-75.8368612501 0.0595619211 0.7336529879 0.4728243863
-75.8368584703 0.0595619301 0.7336529090 0.4728279152
-75.8368558414 0.0595619386 0.7336528345 0.4728313798
-75.8368533576 0.0595619467 0.7336527641 0.4728347759
-75.8368510129 0.0595619543 0.7336526978 0.4728380994
-75.8368488017 0.0595619614 0.7336526354 0.4728413466
-75.8368467185 0.0595619682 0.7336525766 0.4728445140
-75.8368447577 0.0595619745 0.7336525213 0.4728475982
-75.8368429143 0.0595619805 0.7336524694 0.4728505960
-75.8368411830 0.0595619861 0.7336524207 0.4728535047
-75.8368395590 0.0595619913 0.7336523751 0.4728563214
-75.8368380374 0.0595619963 0.7336523324 0.4728590437
-75.8368366138 0.0595620009 0.7336522925 0.4728616692
-75.8368352836 0.0595620052 0.7336522553 0.4728641958
-75.8368340427 0.0595620092 0.7336522207 0.4728666214
-75.8368328869 0.0595620130 0.7336521884 0.4728689443
-75.8368318124 0.0595620164 0.7336521584 0.4728711628
-75.8368308155 0.0595620197 0.7336521307 0.4728732752
-75.8368298926 0.0595620226 0.7336521050 0.4728752802
-75.8368290404 0.0595620254 0.7336520814 0.4728771766
-75.8368282557 0.0595620279 0.7336520596 0.4728789630
-75.8368275356 0.0595620303 0.7336520397 0.4728806386
-75.8368268772 0.0595620324 0.7336520215 0.4728822022
-75.8368262781 0.0595620344 0.7336520049 0.4728836531
-75.8368257357 0.0595620361 0.7336519899 0.4728849905
-75.8368252480 0.0595620377 0.7336519765 0.4728862137
-75.8368248127 0.0595620391 0.7336519645 0.4728873220
-75.8368244283 0.0595620403 0.7336519539 0.4728883151
-75.8368240929 0.0595620414 0.7336519447 0.4728891923
-75.8368238051 0.0595620424 0.7336519368 0.4728899534
-75.8368235638 0.0595620431 0.7336519301 0.4728905979
-75.8368233677 0.0595620438 0.7336519248 0.4728911256
-75.8368232162 0.0595620443 0.7336519206 0.4728915362
-75.8368231084 0.0595620446 0.7336519177 0.4728918297
-75.8368230439 0.0595620448 0.7336519159 0.4728920058
-75.8368230224 0.0595620449 0.7336519153 0.4728920640
-75.8371548848 0.0595609698 0.7336614594 0.4727106227
-75.8371429599 0.0595610084 0.7336611132 0.4727107006
-75.8371299996 0.0595610504 0.7336607371 0.4727110608
-75.8371171675 0.0595610920 0.7336603649 0.4727116889
-75.8371046618 0.0595611325 0.7336600022 0.4727125732
-75.8370925141 0.0595611719 0.7336596500 0.4727137027
-75.8370807277 0.0595612101 0.7336593084 0.4727150666
-75.8370693003 0.0595612471 0.7336589773 0.4727166540
-75.8370582287 0.0595612830 0.7336586567 0.4727184541
-75.8370475088 0.0595613177 0.7336583463 0.4727204558
-75.8370371366 0.0595613513 0.7336580461 0.4727226482
-75.8370271074 0.0595613838 0.7336577560 0.4727250206
-75.8370174164 0.0595614152 0.7336574757 0.4727275620
-75.8370080587 0.0595614455 0.7336572052 0.4727302617
-75.8369990287 0.0595614748 0.7336569443 0.4727331089
-75.8369903211 0.0595615030 0.7336566928 0.4727360930
-75.8369819299 0.0595615302 0.7336564506 0.4727392036
-75.8369738493 0.0595615563 0.7336562174 0.4727424302
-75.8369660731 0.0595615815 0.7336559932 0.4727457627
-75.8369585950 0.0595616058 0.7336557776 0.4727491911
-75.8369514085 0.0595616290 0.7336555706 0.4727527055
-75.8369445072 0.0595616514 0.7336553719 0.4727562961
-75.8369378843 0.0595616729 0.7336551813 0.4727599537
-75.8369315332 0.0595616934 0.7336549986 0.4727636689
-75.8369254469 0.0595617131 0.7336548237 0.4727674327
-75.8369196186 0.0595617320 0.7336546562 0.4727712363
-75.8369140415 0.0595617501 0.7336544961 0.4727750714
-75.8369087085 0.0595617674 0.7336543431 0.4727789295
-75.8369036127 0.0595617839 0.7336541970 0.4727828027
-75.8368987472 0.0595617996 0.7336540577 0.4727866833
-75.8368941049 0.0595618147 0.7336539248 0.4727905637
-75.8368896791 0.0595618290 0.7336537982 0.4727944369
-75.8368854628 0.0595618427 0.7336536777 0.4727982958
-75.8368814492 0.0595618557 0.7336535630 0.4728021338
-75.8368776315 0.0595618680 0.7336534541 0.4728059446
-75.8368740030 0.0595618798 0.7336533506 0.4728097221
-75.8368705571 0.0595618910 0.7336532525 0.4728134604
-75.8368672872 0.0595619015 0.7336531594 0.4728171541
-75.8368641870 0.0595619116 0.7336530713 0.4728207977
-75.8368612501 0.0595619211 0.7336529879 0.4728243863
-75.8368584703 0.0595619301 0.7336529090 0.4728279152
-75.8368558414 0.0595619386 0.7336528345 0.4728313798
-75.8368533576 0.0595619467 0.7336527641 0.4728347759
-75.8368510129 0.0595619543 0.7336526978 0.4728380994
-75.8368488017 0.0595619614 0.7336526354 0.4728413467
-75.8368467185 0.0595619682 0.7336525766 0.4728445140
-75.8368447577 0.0595619745 0.7336525213 0.4728475982
-75.8368429143 0.0595619805 0.7336524694 0.4728505960
-75.8368411830 0.0595619861 0.7336524207 0.4728535047
-75.8368395590 0.0595619913 0.7336523751 0.4728563214
-75.8368380374 0.0595619963 0.7336523324 0.4728590437
-75.8368366138 0.0595620009 0.7336522925 0.4728616692
-75.8368352836 0.0595620052 0.7336522553 0.4728641958
-75.8368340427 0.0595620092 0.7336522207 0.4728666214
-75.8368328869 0.0595620130 0.7336521884 0.4728689443
-75.8368318124 0.0595620164 0.7336521584 0.4728711628
-75.8368308155 0.0595620197 0.7336521307 0.4728732752
-75.8368298926 0.0595620226 0.7336521050 0.4728752803
-75.8368290404 0.0595620254 0.7336520814 0.4728771766
-75.8368282557 0.0595620279 0.7336520596 0.4728789631
-75.8368275355 0.0595620303 0.7336520397 0.4728806386
-75.8368268772 0.0595620324 0.7336520215 0.4728822022
-75.8368262781 0.0595620344 0.7336520049 0.4728836531
-75.8368257357 0.0595620361 0.7336519899 0.4728849905
-75.8368252479 0.0595620377 0.7336519765 0.4728862137
-75.8368248127 0.0595620391 0.7336519645 0.4728873220
-75.8368244283 0.0595620403 0.7336519539 0.4728883151
-75.8368240929 0.0595620414 0.7336519447 0.4728891923
-75.8368238051 0.0595620424 0.7336519368 0.4728899534
-75.8368235638 0.0595620431 0.7336519301 0.4728905979
-75.8368233677 0.0595620438 0.7336519248 0.4728911256
-75.8368232162 0.0595620443 0.7336519206 0.4728915362
-75.8368231084 0.0595620446 0.7336519177 0.4728918297
-75.8368230439 0.0595620448 0.7336519159 0.4728920053
-75.8368230224 0.0595620449 0.7336519153 0.4728920640
-75.8371548848 0.0595609698 0.7336614594 0.4727106227
-75.8371429599 0.0595610084 0.7336611132 0.4727107006
-75.8371299996 0.0595610504 0.7336607371 0.4727110608
-75.8371171675 0.0595610920 0.7336603649 0.4727116889
-75.8371046617 0.0595611325 0.7336600022 0.4727125732
-75.8370925141 0.0595611719 0.7336596500 0.4727137027
-75.8370807277 0.0595612101 0.7336593084 0.4727150666
-75.8370693003 0.0595612471 0.7336589773 0.4727166540
-75.8370582287 0.0595612830 0.7336586567 0.4727184541
-75.8370475088 0.0595613177 0.7336583463 0.4727204558
-75.8370371365 0.0595613513 0.7336580461 0.4727226482
-75.8370271074 0.0595613838 0.7336577560 0.4727250206
-75.8370174164 0.0595614152 0.7336574757 0.4727275620
-75.8370080587 0.0595614455 0.7336572052 0.4727302617
-75.8369990287 0.0595614748 0.7336569443 0.4727331089
-75.8369903211 0.0595615030 0.7336566928 0.4727360930
-75.8369819299 0.0595615302 0.7336564506 0.4727392036
-75.8369738493 0.0595615563 0.7336562174 0.4727424302
-75.8369660731 0.0595615815 0.7336559932 0.4727457627
-75.8369585950 0.0595616058 0.7336557776 0.4727491911
-75.8369514085 0.0595616290 0.7336555706 0.4727527055
-75.8369445072 0.0595616514 0.7336553719 0.4727562961
-75.8369378843 0.0595616729 0.7336551813 0.4727599537
-75.8369315331 0.0595616934 0.7336549986 0.4727636688
-75.8369254469 0.0595617131 0.7336548237 0.4727674327
-75.8369196186 0.0595617320 0.7336546562 0.4727712363
-75.8369140415 0.0595617501 0.7336544961 0.4727750714
-75.8369087085 0.0595617674 0.7336543431 0.4727789295
-75.8369036127 0.0595617839 0.7336541970 0.4727828027
-75.8368987471 0.0595617996 0.7336540577 0.4727866833
-75.8368941049 0.0595618147 0.7336539248 0.4727905637
-75.8368896791 0.0595618290 0.7336537982 0.4727944369
-75.8368854628 0.0595618427 0.7336536777 0.4727982958
-75.8368814491 0.0595618557 0.7336535630 0.4728021338
-75.8368776314 0.0595618680 0.7336534541 0.4728059446
-75.8368740029 0.0595618798 0.7336533506 0.4728097221
-75.8368705570 0.0595618910 0.7336532525 0.4728134604
-75.8368672872 0.0595619015 0.7336531594 0.4728171541
-75.8368641870 0.0595619116 0.7336530713 0.4728207977
-75.8368612501 0.0595619211 0.7336529879 0.4728243863
-75.8368584702 0.0595619301 0.7336529090 0.4728279152
-75.8368558414 0.0595619386 0.7336528345 0.4728313798
-75.8368533575 0.0595619467 0.7336527641 0.4728347759
-75.8368510129 0.0595619543 0.7336526978 0.4728380994
-75.8368488017 0.0595619614 0.7336526354 0.4728413466
-75.8368467184 0.0595619682 0.7336525766 0.4728445140
-75.8368447577 0.0595619745 0.7336525213 0.4728475982
-75.8368429142 0.0595619805 0.7336524694 0.4728505960
-75.8368411830 0.0595619861 0.7336524207 0.4728535047
-75.8368395589 0.0595619913 0.7336523751 0.4728563214
-75.8368380374 0.0595619963 0.7336523324 0.4728590437
-75.8368366138 0.0595620009 0.7336522925 0.4728616692
-75.8368352836 0.0595620052 0.7336522553 0.4728641958
-75.8368340427 0.0595620092 0.7336522206 0.4728666214
-75.8368328869 0.0595620130 0.7336521884 0.4728689443
-75.8368318124 0.0595620164 0.7336521584 0.4728711628
-75.8368308155 0.0595620197 0.7336521307 0.4728732752
-75.8368298925 0.0595620226 0.7336521050 0.4728752802
-75.8368290403 0.0595620254 0.7336520814 0.4728771766
-75.8368282556 0.0595620280 0.7336520596 0.4728789630
-75.8368275355 0.0595620303 0.7336520397 0.4728806386
-75.8368268772 0.0595620324 0.7336520215 0.4728822022
-75.8368262780 0.0595620344 0.7336520049 0.4728836531
-75.8368257357 0.0595620361 0.7336519899 0.4728849905
-75.8368252479 0.0595620377 0.7336519765 0.4728862137
-75.8368248127 0.0595620391 0.7336519645 0.4728873220
-75.8368244282 0.0595620403 0.7336519539 0.4728883151
-75.8368240928 0.0595620414 0.7336519447 0.4728891923
-75.8368238051 0.0595620424 0.7336519368 0.4728899534
-75.8368235637 0.0595620431 0.7336519301 0.4728905979
-75.8368233677 0.0595620438 0.7336519248 0.4728911256
-75.8368232161 0.0595620443 0.7336519206 0.4728915362
-75.8368231083 0.0595620446 0.7336519177 0.4728918297
-75.8368230438 0.0595620448 0.7336519159 0.4728920053
-75.8368230224 0.0595620449 0.7336519153 0.4728920640
-75.8371548848 0.0595609698 0.7336614594 0.4727106227
-75.8371429599 0.0595610084 0.7336611132 0.4727107006
-75.8371299996 0.0595610504 0.7336607371 0.4727110608
-75.8371171675 0.0595610920 0.7336603649 0.4727116889
-75.8371046617 0.0595611325 0.7336600022 0.4727125732
-75.8370925141 0.0595611719 0.7336596500 0.4727137027
-75.8370807277 0.0595612101 0.7336593084 0.4727150666
-75.8370693003 0.0595612471 0.7336589773 0.4727166540
-75.8370582287 0.0595612830 0.7336586567 0.4727184541
-75.8370475088 0.0595613177 0.7336583463 0.4727204558
-75.8370371365 0.0595613513 0.7336580461 0.4727226482
-75.8370271074 0.0595613838 0.7336577560 0.4727250206
-75.8370174164 0.0595614152 0.7336574757 0.4727275620
-75.8370080587 0.0595614455 0.7336572052 0.4727302617
-75.8369990287 0.0595614748 0.7336569443 0.4727331089
-75.8369903211 0.0595615030 0.7336566928 0.4727360930
-75.8369819299 0.0595615302 0.7336564506 0.4727392036
-75.8369738493 0.0595615563 0.7336562174 0.4727424302
-75.8369660731 0.0595615815 0.7336559932 0.4727457627
-75.8369585950 0.0595616058 0.7336557776 0.4727491911
-75.8369514085 0.0595616290 0.7336555706 0.4727527055
-75.8369445072 0.0595616514 0.7336553719 0.4727562961
-75.8369378843 0.0595616729 0.7336551813 0.4727599537
-75.8369315331 0.0595616934 0.7336549986 0.4727636688
-75.8369254469 0.0595617131 0.7336548237 0.4727674327
-75.8369196186 0.0595617320 0.7336546562 0.4727712363
-75.8369140415 0.0595617501 0.7336544961 0.4727750714
-75.8369087085 0.0595617674 0.7336543431 0.4727789295
-75.8369036127 0.0595617839 0.7336541970 0.4727828027
-75.8368987471 0.0595617996 0.7336540577 0.4727866833
-75.8368941049 0.0595618147 0.7336539248 0.4727905637
-75.8368896791 0.0595618290 0.7336537982 0.4727944369
-75.8368854628 0.0595618427 0.7336536777 0.4727982958
-75.8368814491 0.0595618557 0.7336535630 0.4728021338
-75.8368776314 0.0595618680 0.7336534541 0.4728059446
-75.8368740029 0.0595618798 0.7336533506 0.4728097221
-75.8368705570 0.0595618910 0.7336532525 0.4728134604
-75.8368672872 0.0595619015 0.7336531594 0.4728171541
-75.8368641870 0.0595619116 0.7336530713 0.4728207977
-75.8368612500 0.0595619211 0.7336529879 0.4728243863
-75.8368584702 0.0595619301 0.7336529090 0.4728279152
-75.8368558414 0.0595619386 0.7336528345 0.4728313798
-75.8368533575 0.0595619467 0.7336527641 0.4728347759
-75.8368510129 0.0595619543 0.7336526978 0.4728380994
-75.8368488017 0.0595619614 0.7336526354 0.4728413466
-75.8368467184 0.0595619682 0.7336525766 0.4728445140
-75.8368447577 0.0595619745 0.7336525213 0.4728475982
-75.8368429142 0.0595619805 0.7336524694 0.4728505960
-75.8368411830 0.0595619861 0.7336524207 0.4728535047
-75.8368395589 0.0595619913 0.7336523751 0.4728563214
-75.8368380374 0.0595619963 0.7336523324 0.4728590437
-75.8368366138 0.0595620009 0.7336522925 0.4728616692
-75.8368352836 0.0595620052 0.7336522553 0.4728641958
-75.8368340427 0.0595620092 0.7336522206 0.4728666214
-75.8368328869 0.0595620130 0.7336521884 0.4728689443
-75.8368318124 0.0595620164 0.7336521584 0.4728711628
-75.8368308154 0.0595620197 0.7336521307 0.4728732752
-75.8368298925 0.0595620226 0.7336521050 0.4728752802
-75.8368290403 0.0595620254 0.7336520814 0.4728771766
-75.8368282556 0.0595620280 0.7336520596 0.4728789630
-75.8368275355 0.0595620303 0.7336520397 0.4728806386
-75.8368268772 0.0595620324 0.7336520215 0.4728822022
-75.8368262780 0.0595620344 0.7336520049 0.4728836531
-75.8368257357 0.0595620361 0.7336519899 0.4728849905
-75.8368252479 0.0595620377 0.7336519765 0.4728862137
-75.8368248127 0.0595620391 0.7336519645 0.4728873220
-75.8368244282 0.0595620403 0.7336519539 0.4728883151
-75.8368240928 0.0595620414 0.7336519447 0.4728891923
-75.8368238051 0.0595620424 0.7336519368 0.4728899534
-75.8368235637 0.0595620431 0.7336519301 0.4728905979
-75.8368233677 0.0595620438 0.7336519248 0.4728911256
-75.8368232161 0.0595620443 0.7336519206 0.4728915362
-75.8368231083 0.0595620446 0.7336519177 0.4728918297
-75.8368230438 0.0595620448 0.7336519159 0.4728920053
-75.8368230224 0.0595620449 0.7336519153 0.4728920641
-75.8371548848 0.0595609698 0.7336614594 0.4727106227
-75.8371429599 0.0595610084 0.7336611132 0.4727107006
-75.8371299996 0.0595610504 0.7336607371 0.4727110608
-75.8371171675 0.0595610920 0.7336603649 0.4727116889
-75.8371046618 0.0595611325 0.7336600022 0.4727125732
-75.8370925141 0.0595611719 0.7336596500 0.4727137027
-75.8370807277 0.0595612101 0.7336593084 0.4727150666
-75.8370693003 0.0595612471 0.7336589773 0.4727166540
-75.8370582287 0.0595612830 0.7336586567 0.4727184541
-75.8370475088 0.0595613177 0.7336583463 0.4727204558
-75.8370371366 0.0595613513 0.7336580461 0.4727226483
-75.8370271074 0.0595613838 0.7336577560 0.4727250206
-75.8370174164 0.0595614152 0.7336574757 0.4727275620
-75.8370080587 0.0595614455 0.7336572052 0.4727302617
-75.8369990287 0.0595614748 0.7336569443 0.4727331089
-75.8369903211 0.0595615030 0.7336566928 0.4727360930
-75.8369819299 0.0595615302 0.7336564506 0.4727392036
-75.8369738493 0.0595615563 0.7336562174 0.4727424302
-75.8369660731 0.0595615815 0.7336559932 0.4727457628
-75.8369585950 0.0595616058 0.7336557776 0.4727491911
-75.8369514085 0.0595616290 0.7336555706 0.4727527055
-75.8369445072 0.0595616514 0.7336553719 0.4727562961
-75.8369378843 0.0595616729 0.7336551813 0.4727599537
-75.8369315332 0.0595616934 0.7336549986 0.4727636689
-75.8369254469 0.0595617131 0.7336548237 0.4727674327
-75.8369196186 0.0595617320 0.7336546562 0.4727712364
-75.8369140415 0.0595617501 0.7336544961 0.4727750714
-75.8369087085 0.0595617674 0.7336543431 0.4727789295
-75.8369036127 0.0595617839 0.7336541970 0.4727828027
-75.8368987472 0.0595617996 0.7336540577 0.4727866833
-75.8368941049 0.0595618147 0.7336539248 0.4727905637
-75.8368896791 0.0595618290 0.7336537982 0.4727944369
-75.8368854628 0.0595618427 0.7336536777 0.4727982958
-75.8368814492 0.0595618557 0.7336535630 0.4728021338
-75.8368776314 0.0595618680 0.7336534541 0.4728059447
-75.8368740029 0.0595618798 0.7336533506 0.4728097221
-75.8368705570 0.0595618910 0.7336532525 0.4728134605
-75.8368672872 0.0595619015 0.7336531594 0.4728171541
-75.8368641870 0.0595619116 0.7336530713 0.4728207977
-75.8368612501 0.0595619211 0.7336529879 0.4728243864
-75.8368584702 0.0595619301 0.7336529090 0.4728279152
-75.8368558414 0.0595619386 0.7336528345 0.4728313798
-75.8368533575 0.0595619467 0.7336527641 0.4728347759
-75.8368510129 0.0595619543 0.7336526978 0.4728380994
-75.8368488017 0.0595619614 0.7336526354 0.4728413467
-75.8368467184 0.0595619682 0.7336525766 0.4728445140
-75.8368447577 0.0595619745 0.7336525213 0.4728475982
-75.8368429143 0.0595619805 0.7336524694 0.4728505960
-75.8368411830 0.0595619861 0.7336524207 0.4728535047
-75.8368395590 0.0595619913 0.7336523751 0.4728563214
-75.8368380374 0.0595619963 0.7336523324 0.4728590437
-75.8368366138 0.0595620009 0.7336522925 0.4728616692
-75.8368352836 0.0595620052 0.7336522553 0.4728641958
-75.8368340427 0.0595620092 0.7336522207 0.4728666215
-75.8368328869 0.0595620130 0.7336521884 0.4728689443
-75.8368318124 0.0595620164 0.7336521584 0.4728711628
-75.8368308155 0.0595620197 0.7336521307 0.4728732752
-75.8368298926 0.0595620226 0.7336521050 0.4728752803
-75.8368290403 0.0595620254 0.7336520814 0.4728771766
-75.8368282556 0.0595620279 0.7336520596 0.4728789631
-75.8368275355 0.0595620303 0.7336520397 0.4728806386
-75.8368268772 0.0595620324 0.7336520215 0.4728822022
-75.8368262780 0.0595620344 0.7336520049 0.4728836531
-75.8368257357 0.0595620361 0.7336519899 0.4728849905
-75.8368252479 0.0595620377 0.7336519765 0.4728862137
-75.8368248127 0.0595620391 0.7336519645 0.4728873221
-75.8368244282 0.0595620403 0.7336519539 0.4728883151
-75.8368240928 0.0595620414 0.7336519447 0.4728891923
-75.8368238051 0.0595620424 0.7336519368 0.4728899534
-75.8368235637 0.0595620431 0.7336519301 0.4728905979
-75.8368233677 0.0595620438 0.7336519248 0.4728911256
-75.8368232161 0.0595620443 0.7336519206 0.4728915362
-75.8368231083 0.0595620446 0.7336519177 0.4728918292
-75.8368230438 0.0595620448 0.7336519159 0.4728920053
-75.8368230224 0.0595620449 0.7336519153 0.4728920640
-75.8371548848 0.0595609698 0.7336614594 0.4727106227
-75.8371429599 0.0595610084 0.7336611132 0.4727107006
-75.8371299996 0.0595610504 0.7336607371 0.4727110608
-75.8371171675 0.0595610920 0.7336603649 0.4727116889
-75.8371046618 0.0595611325 0.7336600022 0.4727125732
-75.8370925141 0.0595611719 0.7336596500 0.4727137027
-75.8370807277 0.0595612101 0.7336593084 0.4727150666
-75.8370693003 0.0595612471 0.7336589773 0.4727166541
-75.8370582287 0.0595612830 0.7336586567 0.4727184541
-75.8370475088 0.0595613177 0.7336583463 0.4727204558
-75.8370371366 0.0595613513 0.7336580461 0.4727226483
-75.8370271074 0.0595613838 0.7336577560 0.4727250206
-75.8370174164 0.0595614152 0.7336574757 0.4727275620
-75.8370080587 0.0595614455 0.7336572052 0.4727302617
-75.8369990287 0.0595614748 0.7336569443 0.4727331089
-75.8369903211 0.0595615030 0.7336566928 0.4727360930
-75.8369819299 0.0595615302 0.7336564506 0.4727392036
-75.8369738493 0.0595615563 0.7336562174 0.4727424302
-75.8369660731 0.0595615815 0.7336559932 0.4727457628
-75.8369585950 0.0595616058 0.7336557776 0.4727491911
-75.8369514085 0.0595616290 0.7336555706 0.4727527055
-75.8369445072 0.0595616514 0.7336553719 0.4727562961
-75.8369378843 0.0595616729 0.7336551813 0.4727599537
-75.8369315332 0.0595616934 0.7336549986 0.4727636689
-75.8369254469 0.0595617131 0.7336548237 0.4727674327
-75.8369196186 0.0595617320 0.7336546562 0.4727712364
-75.8369140415 0.0595617501 0.7336544961 0.4727750714
-75.8369087085 0.0595617674 0.7336543431 0.4727789295
-75.8369036127 0.0595617839 0.7336541970 0.4727828027
-75.8368987472 0.0595617996 0.7336540577 0.4727866833
-75.8368941049 0.0595618147 0.7336539248 0.4727905637
-75.8368896791 0.0595618290 0.7336537982 0.4727944369
-75.8368854628 0.0595618427 0.7336536777 0.4727982958
-75.8368814492 0.0595618557 0.7336535630 0.4728021339
-75.8368776314 0.0595618680 0.7336534541 0.4728059447
-75.8368740030 0.0595618798 0.7336533506 0.4728097221
-75.8368705570 0.0595618910 0.7336532525 0.4728134605
-75.8368672872 0.0595619015 0.7336531594 0.4728171541
-75.8368641870 0.0595619116 0.7336530713 0.4728207977
-75.8368612501 0.0595619211 0.7336529879 0.4728243864
-75.8368584702 0.0595619301 0.7336529090 0.4728279152
-75.8368558414 0.0595619386 0.7336528345 0.4728313798
-75.8368533575 0.0595619467 0.7336527641 0.4728347759
-75.8368510129 0.0595619543 0.7336526978 0.4728380995
-75.8368488017 0.0595619614 0.7336526354 0.4728413467
-75.8368467184 0.0595619682 0.7336525766 0.4728445140
-75.8368447577 0.0595619745 0.7336525213 0.4728475982
-75.8368429143 0.0595619805 0.7336524694 0.4728505960
-75.8368411830 0.0595619861 0.7336524207 0.4728535047
-75.8368395590 0.0595619913 0.7336523751 0.4728563214
-75.8368380374 0.0595619963 0.7336523324 0.4728590437
-75.8368366138 0.0595620009 0.7336522925 0.4728616692
-75.8368352836 0.0595620052 0.7336522553 0.4728641958
-75.8368340427 0.0595620092 0.7336522207 0.4728666215
-75.8368328869 0.0595620130 0.7336521884 0.4728689444
-75.8368318124 0.0595620164 0.7336521584 0.4728711628
-75.8368308155 0.0595620197 0.7336521307 0.4728732752
-75.8368298926 0.0595620226 0.7336521050 0.4728752803
-75.8368290403 0.0595620254 0.7336520814 0.4728771766
-75.8368282556 0.0595620279 0.7336520596 0.4728789631
-75.8368275355 0.0595620303 0.7336520397 0.4728806386
-75.8368268772 0.0595620324 0.7336520215 0.4728822022
-75.8368262780 0.0595620344 0.7336520049 0.4728836531
-75.8368257357 0.0595620361 0.7336519899 0.4728849905
-75.8368252479 0.0595620377 0.7336519765 0.4728862137
-75.8368248127 0.0595620391 0.7336519645 0.4728873221
-75.8368244282 0.0595620403 0.7336519539 0.4728883151
-75.8368240928 0.0595620414 0.7336519447 0.4728891923
-75.8368238051 0.0595620424 0.7336519368 0.4728899534
-75.8368235637 0.0595620431 0.7336519301 0.4728905979
-75.8368233677 0.0595620438 0.7336519248 0.4728911256
-75.8368232161 0.0595620443 0.7336519206 0.4728915357
-75.8368231083 0.0595620446 0.7336519176 0.4728918292
-75.8368230438 0.0595620448 0.7336519159 0.4728920053
-75.8368230224 0.0595620449 0.7336519153 0.4728920640
-75.8371548848 0.0595609698 0.7336614594 0.4727106227
-75.8371429599 0.0595610084 0.7336611132 0.4727107006
-75.8371299996 0.0595610504 0.7336607371 0.4727110608
-75.8371171675 0.0595610920 0.7336603649 0.4727116889
-75.8371046617 0.0595611325 0.7336600022 0.4727125732
-75.8370925141 0.0595611719 0.7336596500 0.4727137027
-75.8370807277 0.0595612101 0.7336593084 0.4727150666
-75.8370693003 0.0595612471 0.7336589773 0.4727166541
-75.8370582287 0.0595612830 0.7336586567 0.4727184541
-75.8370475088 0.0595613177 0.7336583463 0.4727204558
-75.8370371365 0.0595613513 0.7336580461 0.4727226483
-75.8370271074 0.0595613838 0.7336577560 0.4727250206
-75.8370174164 0.0595614152 0.7336574757 0.4727275620
-75.8370080587 0.0595614455 0.7336572052 0.4727302617
-75.8369990287 0.0595614748 0.7336569443 0.4727331089
-75.8369903211 0.0595615030 0.7336566928 0.4727360930
-75.8369819299 0.0595615302 0.7336564506 0.4727392036
-75.8369738493 0.0595615563 0.7336562174 0.4727424302
-75.8369660731 0.0595615815 0.7336559932 0.4727457628
-75.8369585950 0.0595616058 0.7336557776 0.4727491911
-75.8369514085 0.0595616290 0.7336555706 0.4727527055
-75.8369445072 0.0595616514 0.7336553719 0.4727562961
-75.8369378843 0.0595616729 0.7336551813 0.4727599537
-75.8369315331 0.0595616934 0.7336549986 0.4727636689
-75.8369254469 0.0595617131 0.7336548237 0.4727674327
-75.8369196186 0.0595617320 0.7336546562 0.4727712364
-75.8369140415 0.0595617501 0.7336544961 0.4727750714
-75.8369087085 0.0595617674 0.7336543431 0.4727789295
-75.8369036127 0.0595617839 0.7336541970 0.4727828027
-75.8368987471 0.0595617996 0.7336540577 0.4727866833
-75.8368941049 0.0595618147 0.7336539248 0.4727905637
-75.8368896791 0.0595618290 0.7336537982 0.4727944369
-75.8368854628 0.0595618427 0.7336536777 0.4727982958
-75.8368814491 0.0595618557 0.7336535630 0.4728021338
-75.8368776314 0.0595618680 0.7336534541 0.4728059447
-75.8368740029 0.0595618798 0.7336533506 0.4728097221
-75.8368705570 0.0595618910 0.7336532525 0.4728134605
-75.8368672872 0.0595619015 0.7336531594 0.4728171541
-75.8368641870 0.0595619116 0.7336530713 0.4728207977
-75.8368612500 0.0595619211 0.7336529879 0.4728243864
-75.8368584702 0.0595619301 0.7336529090 0.4728279152
-75.8368558414 0.0595619386 0.7336528345 0.4728313798
-75.8368533575 0.0595619467 0.7336527641 0.4728347759
-75.8368510129 0.0595619543 0.7336526978 0.4728380994
-75.8368488017 0.0595619614 0.7336526354 0.4728413467
-75.8368467184 0.0595619682 0.7336525766 0.4728445140
-75.8368447577 0.0595619745 0.7336525213 0.4728475982
-75.8368429142 0.0595619805 0.7336524694 0.4728505960
-75.8368411829 0.0595619861 0.7336524207 0.4728535047
-75.8368395589 0.0595619913 0.7336523751 0.4728563214
-75.8368380374 0.0595619963 0.7336523324 0.4728590437
-75.8368366138 0.0595620009 0.7336522925 0.4728616692
-75.8368352836 0.0595620052 0.7336522553 0.4728641958
-75.8368340427 0.0595620092 0.7336522206 0.4728666214
-75.8368328869 0.0595620130 0.7336521884 0.4728689443
-75.8368318124 0.0595620164 0.7336521584 0.4728711628
-75.8368308154 0.0595620197 0.7336521307 0.4728732752
-75.8368298925 0.0595620226 0.7336521050 0.4728752803
-75.8368290403 0.0595620254 0.7336520814 0.4728771766
-75.8368282556 0.0595620280 0.7336520596 0.4728789631
-75.8368275355 0.0595620303 0.7336520397 0.4728806386
-75.8368268771 0.0595620324 0.7336520215 0.4728822022
-75.8368262780 0.0595620344 0.7336520049 0.4728836531
-75.8368257357 0.0595620361 0.7336519899 0.4728849905
-75.8368252479 0.0595620377 0.7336519765 0.4728862137
-75.8368248127 0.0595620391 0.7336519645 0.4728873221
-75.8368244282 0.0595620403 0.7336519539 0.4728883151
-75.8368240928 0.0595620414 0.7336519447 0.4728891923
-75.8368238050 0.0595620424 0.7336519368 0.4728899534
-75.8368235637 0.0595620431 0.7336519301 0.4728905979
-75.8368233677 0.0595620438 0.7336519248 0.4728911256
-75.8368232160 0.0595620443 0.7336519206 0.4728915358
-75.8368231083 0.0595620446 0.7336519176 0.4728918292
-75.8368230438 0.0595620448 0.7336519159 0.4728920054
-75.8368230223 0.0595620449 0.7336519153 0.4728920641
-75.8371548848 0.0595609698 0.7336614594 0.4727106227
-75.8371429599 0.0595610084 0.7336611132 0.4727107006
-75.8371299996 0.0595610504 0.7336607371 0.4727110608
-75.8371171675 0.0595610920 0.7336603649 0.4727116889
-75.8371046617 0.0595611325 0.7336600022 0.4727125732
-75.8370925141 0.0595611719 0.7336596500 0.4727137027
-75.8370807277 0.0595612101 0.7336593084 0.4727150666
-75.8370693003 0.0595612471 0.7336589773 0.4727166541
-75.8370582287 0.0595612830 0.7336586567 0.4727184541
-75.8370475088 0.0595613177 0.7336583463 0.4727204558
-75.8370371366 0.0595613513 0.7336580461 0.4727226483
-75.8370271074 0.0595613838 0.7336577560 0.4727250206
-75.8370174164 0.0595614152 0.7336574757 0.4727275620
-75.8370080587 0.0595614455 0.7336572052 0.4727302617
-75.8369990287 0.0595614748 0.7336569443 0.4727331089
-75.8369903211 0.0595615030 0.7336566928 0.4727360930
-75.8369819299 0.0595615302 0.7336564506 0.4727392036
-75.8369738493 0.0595615563 0.7336562174 0.4727424302
-75.8369660731 0.0595615815 0.7336559932 0.4727457628
-75.8369585950 0.0595616058 0.7336557776 0.4727491911
-75.8369514085 0.0595616290 0.7336555706 0.4727527055
-75.8369445072 0.0595616514 0.7336553719 0.4727562961
-75.8369378843 0.0595616729 0.7336551813 0.4727599537
-75.8369315331 0.0595616934 0.7336549986 0.4727636689
-75.8369254469 0.0595617131 0.7336548237 0.4727674327
-75.8369196186 0.0595617320 0.7336546562 0.4727712364
-75.8369140415 0.0595617501 0.7336544961 0.4727750714
-75.8369087085 0.0595617674 0.7336543431 0.4727789295
-75.8369036127 0.0595617839 0.7336541970 0.4727828027
-75.8368987471 0.0595617996 0.7336540577 0.4727866833
-75.8368941049 0.0595618147 0.7336539248 0.4727905637
-75.8368896791 0.0595618290 0.7336537982 0.4727944369
-75.8368854628 0.0595618427 0.7336536777 0.4727982958
-75.8368814491 0.0595618557 0.7336535630 0.4728021338
-75.8368776314 0.0595618680 0.7336534541 0.4728059447
-75.8368740029 0.0595618798 0.7336533506 0.4728097221
-75.8368705570 0.0595618910 0.7336532525 0.4728134605
-75.8368672872 0.0595619015 0.7336531594 0.4728171541
-75.8368641870 0.0595619116 0.7336530713 0.4728207977
-75.8368612500 0.0595619211 0.7336529879 0.4728243864
-75.8368584702 0.0595619301 0.7336529090 0.4728279152
-75.8368558414 0.0595619386 0.7336528345 0.4728313798
-75.8368533575 0.0595619467 0.7336527641 0.4728347759
-75.8368510129 0.0595619543 0.7336526978 0.4728380994
-75.8368488017 0.0595619614 0.7336526354 0.4728413467
-75.8368467184 0.0595619682 0.7336525766 0.4728445140
-75.8368447577 0.0595619745 0.7336525213 0.4728475982
-75.8368429142 0.0595619805 0.7336524694 0.4728505960
-75.8368411829 0.0595619861 0.7336524207 0.4728535047
-75.8368395589 0.0595619913 0.7336523751 0.4728563214
-75.8368380374 0.0595619963 0.7336523324 0.4728590437
-75.8368366138 0.0595620009 0.7336522925 0.4728616692
-75.8368352836 0.0595620052 0.7336522553 0.4728641958
-75.8368340427 0.0595620092 0.7336522206 0.4728666214
-75.8368328869 0.0595620130 0.7336521884 0.4728689443
-75.8368318124 0.0595620164 0.7336521584 0.4728711628
-75.8368308154 0.0595620197 0.7336521307 0.4728732752
-75.8368298925 0.0595620226 0.7336521050 0.4728752803
-75.8368290403 0.0595620254 0.7336520814 0.4728771766
-75.8368282556 0.0595620280 0.7336520596 0.4728789631
-75.8368275355 0.0595620303 0.7336520397 0.4728806386
-75.8368268771 0.0595620324 0.7336520215 0.4728822022
-75.8368262780 0.0595620344 0.7336520049 0.4728836531
-75.8368257357 0.0595620361 0.7336519899 0.4728849905
-75.8368252479 0.0595620377 0.7336519765 0.4728862137
-75.8368248127 0.0595620391 0.7336519645 0.4728873221
-75.8368244282 0.0595620403 0.7336519539 0.4728883151
-75.8368240928 0.0595620414 0.7336519447 0.4728891923
-75.8368238050 0.0595620424 0.7336519368 0.4728899534
-75.8368235637 0.0595620431 0.7336519301 0.4728905979
-75.8368233677 0.0595620438 0.7336519248 0.4728911256
-75.8368232160 0.0595620443 0.7336519206 0.4728915358
-75.8368231083 0.0595620446 0.7336519176 0.4728918292
-75.8368230438 0.0595620448 0.7336519159 0.4728920054
-75.8368230223 0.0595620449 0.7336519153 0.4728920641
-75.8371548848 0.0595609698 0.7336614594 0.4727106227
-75.8371429599 0.0595610084 0.7336611132 0.4727107006
-75.8371299996 0.0595610504 0.7336607371 0.4727110608
-75.8371171675 0.0595610920 0.7336603649 0.4727116889
-75.8371046618 0.0595611325 0.7336600022 0.4727125732
-75.8370925141 0.0595611719 0.7336596500 0.4727137027
-75.8370807277 0.0595612101 0.7336593084 0.4727150666
-75.8370693003 0.0595612471 0.7336589773 0.4727166541
-75.8370582287 0.0595612830 0.7336586567 0.4727184541
-75.8370475088 0.0595613177 0.7336583463 0.4727204558
-75.8370371366 0.0595613513 0.7336580461 0.4727226483
-75.8370271074 0.0595613838 0.7336577560 0.4727250206
-75.8370174164 0.0595614152 0.7336574757 0.4727275621
-75.8370080587 0.0595614455 0.7336572052 0.4727302617
-75.8369990287 0.0595614748 0.7336569443 0.4727331089
-75.8369903211 0.0595615030 0.7336566928 0.4727360930
-75.8369819299 0.0595615302 0.7336564506 0.4727392036
-75.8369738493 0.0595615563 0.7336562174 0.4727424302
-75.8369660731 0.0595615815 0.7336559932 0.4727457628
-75.8369585950 0.0595616058 0.7336557776 0.4727491911
-75.8369514085 0.0595616290 0.7336555706 0.4727527055
-75.8369445072 0.0595616514 0.7336553719 0.4727562962
-75.8369378843 0.0595616729 0.7336551813 0.4727599537
-75.8369315332 0.0595616934 0.7336549986 0.4727636689
-75.8369254469 0.0595617131 0.7336548237 0.4727674327
-75.8369196186 0.0595617320 0.7336546562 0.4727712364
-75.8369140415 0.0595617501 0.7336544961 0.4727750714
-75.8369087085 0.0595617674 0.7336543431 0.4727789295
-75.8369036127 0.0595617839 0.7336541970 0.4727828027
-75.8368987472 0.0595617996 0.7336540577 0.4727866833
-75.8368941049 0.0595618147 0.7336539248 0.4727905638
-75.8368896791 0.0595618290 0.7336537982 0.4727944369
-75.8368854628 0.0595618427 0.7336536777 0.4727982958
-75.8368814491 0.0595618557 0.7336535630 0.4728021339
-75.8368776314 0.0595618680 0.7336534541 0.4728059447
-75.8368740029 0.0595618798 0.7336533506 0.4728097222
-75.8368705570 0.0595618910 0.7336532525 0.4728134605
-75.8368672872 0.0595619015 0.7336531594 0.4728171541
-75.8368641870 0.0595619116 0.7336530713 0.4728207977
-75.8368612501 0.0595619211 0.7336529879 0.4728243864
-75.8368584702 0.0595619301 0.7336529090 0.4728279152
-75.8368558414 0.0595619386 0.7336528345 0.4728313798
-75.8368533575 0.0595619467 0.7336527641 0.4728347759
-75.8368510129 0.0595619543 0.7336526978 0.4728380995
-75.8368488017 0.0595619614 0.7336526354 0.4728413467
-75.8368467184 0.0595619682 0.7336525766 0.4728445140
-75.8368447577 0.0595619745 0.7336525213 0.4728475982
-75.8368429142 0.0595619805 0.7336524694 0.4728505961
-75.8368411830 0.0595619861 0.7336524207 0.4728535047
-75.8368395589 0.0595619913 0.7336523751 0.4728563214
-75.8368380374 0.0595619963 0.7336523324 0.4728590437
-75.8368366138 0.0595620009 0.7336522925 0.4728616692
-75.8368352836 0.0595620052 0.7336522553 0.4728641958
-75.8368340427 0.0595620092 0.7336522206 0.4728666215
-75.8368328869 0.0595620130 0.7336521884 0.4728689444
-75.8368318124 0.0595620164 0.7336521584 0.4728711628
-75.8368308154 0.0595620197 0.7336521307 0.4728732753
-75.8368298925 0.0595620226 0.7336521050 0.4728752803
-75.8368290403 0.0595620254 0.7336520814 0.4728771766
-75.8368282556 0.0595620280 0.7336520596 0.4728789631
-75.8368275355 0.0595620303 0.7336520397 0.4728806386
-75.8368268772 0.0595620324 0.7336520215 0.4728822023
-75.8368262780 0.0595620344 0.7336520049 0.4728836531
-75.8368257357 0.0595620361 0.7336519899 0.4728849905
-75.8368252479 0.0595620377 0.7336519765 0.4728862137
-75.8368248127 0.0595620391 0.7336519645 0.4728873221
-75.8368244282 0.0595620403 0.7336519539 0.4728883151
-75.8368240928 0.0595620414 0.7336519447 0.4728891924
-75.8368238050 0.0595620424 0.7336519368 0.4728899534
-75.8368235637 0.0595620431 0.7336519301 0.4728905979
-75.8368233676 0.0595620438 0.7336519248 0.4728911251
-75.8368232160 0.0595620443 0.7336519206 0.4728915357
-75.8368231083 0.0595620446 0.7336519176 0.4728918292
-75.8368230438 0.0595620448 0.7336519159 0.4728920053
-75.8368230223 0.0595620449 0.7336519153 0.4728920640
-75.8371548848 0.0595609698 0.7336614594 0.4727106227
-75.8371429599 0.0595610084 0.7336611132 0.4727107006
-75.8371299996 0.0595610504 0.7336607371 0.4727110608
-75.8371171675 0.0595610920 0.7336603649 0.4727116889
-75.8371046618 0.0595611325 0.7336600022 0.4727125732
-75.8370925141 0.0595611719 0.7336596500 0.4727137027
-75.8370807277 0.0595612101 0.7336593084 0.4727150667
-75.8370693004 0.0595612471 0.7336589773 0.4727166541
-75.8370582287 0.0595612830 0.7336586567 0.4727184541
-75.8370475088 0.0595613177 0.7336583463 0.4727204558
-75.8370371366 0.0595613513 0.7336580461 0.4727226483
-75.8370271074 0.0595613838 0.7336577560 0.4727250207
-75.8370174164 0.0595614152 0.7336574757 0.4727275621
-75.8370080587 0.0595614455 0.7336572052 0.4727302617
-75.8369990287 0.0595614748 0.7336569443 0.4727331089
-75.8369903211 0.0595615030 0.7336566928 0.4727360930
-75.8369819299 0.0595615302 0.7336564506 0.4727392036
-75.8369738493 0.0595615563 0.7336562174 0.4727424303
-75.8369660731 0.0595615815 0.7336559932 0.4727457628
-75.8369585950 0.0595616058 0.7336557776 0.4727491911
-75.8369514085 0.0595616290 0.7336555706 0.4727527055
-75.8369445072 0.0595616514 0.7336553719 0.4727562962
-75.8369378843 0.0595616729 0.7336551813 0.4727599537
-75.8369315332 0.0595616934 0.7336549986 0.4727636689
-75.8369254469 0.0595617131 0.7336548237 0.4727674327
-75.8369196186 0.0595617320 0.7336546562 0.4727712364
-75.8369140415 0.0595617501 0.7336544961 0.4727750714
-75.8369087085 0.0595617674 0.7336543431 0.4727789295
-75.8369036127 0.0595617839 0.7336541970 0.4727828027
-75.8368987472 0.0595617996 0.7336540577 0.4727866833
-75.8368941049 0.0595618147 0.7336539248 0.4727905638
-75.8368896791 0.0595618290 0.7336537982 0.4727944369
-75.8368854628 0.0595618427 0.7336536777 0.4727982958
-75.8368814492 0.0595618557 0.7336535630 0.4728021339
-75.8368776314 0.0595618680 0.7336534541 0.4728059447
-75.8368740029 0.0595618798 0.7336533506 0.4728097222
-75.8368705570 0.0595618910 0.7336532525 0.4728134605
-75.8368672872 0.0595619015 0.7336531594 0.4728171541
-75.8368641870 0.0595619116 0.7336530713 0.4728207977
-75.8368612501 0.0595619211 0.7336529879 0.4728243864
-75.8368584702 0.0595619301 0.7336529090 0.4728279153
-75.8368558414 0.0595619386 0.7336528345 0.4728313799
-75.8368533575 0.0595619467 0.7336527641 0.4728347759
-75.8368510129 0.0595619543 0.7336526978 0.4728380995
-75.8368488017 0.0595619614 0.7336526354 0.4728413467
-75.8368467184 0.0595619682 0.7336525766 0.4728445140
-75.8368447577 0.0595619745 0.7336525213 0.4728475982
-75.8368429142 0.0595619805 0.7336524694 0.4728505961
-75.8368411830 0.0595619861 0.7336524207 0.4728535047
-75.8368395589 0.0595619913 0.7336523751 0.4728563214
-75.8368380374 0.0595619963 0.7336523324 0.4728590437
-75.8368366138 0.0595620009 0.7336522925 0.4728616692
-75.8368352836 0.0595620052 0.7336522553 0.4728641958
-75.8368340427 0.0595620092 0.7336522206 0.4728666215
-75.8368328869 0.0595620130 0.7336521884 0.4728689444
-75.8368318124 0.0595620164 0.7336521584 0.4728711628
-75.8368308154 0.0595620197 0.7336521307 0.4728732753
-75.8368298925 0.0595620226 0.7336521050 0.4728752803
-75.8368290403 0.0595620254 0.7336520814 0.4728771766
-75.8368282556 0.0595620280 0.7336520596 0.4728789631
-75.8368275355 0.0595620303 0.7336520397 0.4728806386
-75.8368268772 0.0595620324 0.7336520215 0.4728822023
-75.8368262780 0.0595620344 0.7336520049 0.4728836532
-75.8368257357 0.0595620361 0.7336519899 0.4728849905
-75.8368252479 0.0595620377 0.7336519765 0.4728862137
-75.8368248127 0.0595620391 0.7336519645 0.4728873221
-75.8368244282 0.0595620403 0.7336519539 0.4728883151
-75.8368240928 0.0595620414 0.7336519447 0.4728891924
-75.8368238050 0.0595620424 0.7336519368 0.4728899534
-75.8368235636 0.0595620431 0.7336519301 0.4728905974
-75.8368233676 0.0595620438 0.7336519248 0.4728911251
-75.8368232160 0.0595620443 0.7336519206 0.4728915358
-75.8368231083 0.0595620446 0.7336519176 0.4728918292
-75.8368230438 0.0595620448 0.7336519159 0.4728920053
-75.8368230223 0.0595620449 0.7336519153 0.4728920640
-75.8371548848 0.0595609698 0.7336614594 0.4727106227
-75.8371429599 0.0595610084 0.7336611132 0.4727107006
-75.8371299996 0.0595610504 0.7336607371 0.4727110608
-75.8371171675 0.0595610920 0.7336603649 0.4727116889
-75.8371046618 0.0595611325 0.7336600022 0.4727125732
-75.8370925141 0.0595611719 0.7336596500 0.4727137027
-75.8370807277 0.0595612101 0.7336593084 0.4727150666
-75.8370693003 0.0595612471 0.7336589773 0.4727166541
-75.8370582287 0.0595612830 0.7336586567 0.4727184541
-75.8370475088 0.0595613177 0.7336583463 0.4727204558
-75.8370371366 0.0595613513 0.7336580461 0.4727226483
-75.8370271074 0.0595613838 0.7336577560 0.4727250206
-75.8370174164 0.0595614152 0.7336574757 0.4727275621
-75.8370080587 0.0595614455 0.7336572052 0.4727302617
-75.8369990287 0.0595614748 0.7336569443 0.4727331089
-75.8369903211 0.0595615030 0.7336566928 0.4727360930
-75.8369819299 0.0595615302 0.7336564506 0.4727392036
-75.8369738493 0.0595615563 0.7336562174 0.4727424302
-75.8369660731 0.0595615815 0.7336559932 0.4727457628
-75.8369585950 0.0595616058 0.7336557776 0.4727491911
-75.8369514085 0.0595616290 0.7336555706 0.4727527055
-75.8369445072 0.0595616514 0.7336553719 0.4727562962
-75.8369378843 0.0595616729 0.7336551813 0.4727599537
-75.8369315332 0.0595616934 0.7336549986 0.4727636689
-75.8369254469 0.0595617131 0.7336548237 0.4727674327
-75.8369196186 0.0595617320 0.7336546562 0.4727712364
-75.8369140415 0.0595617501 0.7336544961 0.4727750714
-75.8369087085 0.0595617674 0.7336543431 0.4727789295
-75.8369036127 0.0595617839 0.7336541970 0.4727828027
-75.8368987471 0.0595617996 0.7336540577 0.4727866833
-75.8368941049 0.0595618147 0.7336539248 0.4727905638
-75.8368896791 0.0595618290 0.7336537982 0.4727944369
-75.8368854628 0.0595618427 0.7336536777 0.4727982958
-75.8368814491 0.0595618557 0.7336535630 0.4728021339
-75.8368776314 0.0595618680 0.7336534541 0.4728059447
-75.8368740029 0.0595618798 0.7336533506 0.4728097221
-75.8368705570 0.0595618910 0.7336532525 0.4728134605
-75.8368672872 0.0595619015 0.7336531594 0.4728171541
-75.8368641870 0.0595619116 0.7336530713 0.4728207977
-75.8368612500 0.0595619211 0.7336529879 0.4728243864
-75.8368584702 0.0595619301 0.7336529090 0.4728279152
-75.8368558414 0.0595619386 0.7336528345 0.4728313798
-75.8368533575 0.0595619467 0.7336527641 0.4728347759
-75.8368510129 0.0595619543 0.7336526978 0.4728380995
-75.8368488017 0.0595619614 0.7336526354 0.4728413467
-75.8368467184 0.0595619682 0.7336525766 0.4728445140
-75.8368447577 0.0595619745 0.7336525213 0.4728475982
-75.8368429142 0.0595619805 0.7336524694 0.4728505960
-75.8368411829 0.0595619861 0.7336524207 0.4728535047
-75.8368395589 0.0595619913 0.7336523751 0.4728563214
-75.8368380374 0.0595619963 0.7336523324 0.4728590437
-75.8368366137 0.0595620009 0.7336522925 0.4728616692
-75.8368352836 0.0595620052 0.7336522553 0.4728641958
-75.8368340426 0.0595620092 0.7336522206 0.4728666215
-75.8368328869 0.0595620130 0.7336521884 0.4728689444
-75.8368318124 0.0595620164 0.7336521584 0.4728711628
-75.8368308154 0.0595620197 0.7336521307 0.4728732753
-75.8368298925 0.0595620227 0.7336521050 0.4728752803
-75.8368290403 0.0595620254 0.7336520814 0.4728771766
-75.8368282556 0.0595620280 0.7336520596 0.4728789631
-75.8368275355 0.0595620303 0.7336520397 0.4728806386
-75.8368268771 0.0595620324 0.7336520215 0.4728822022
-75.8368262780 0.0595620344 0.7336520049 0.4728836531
-75.8368257356 0.0595620361 0.7336519899 0.4728849905
-75.8368252479 0.0595620377 0.7336519765 0.4728862137
-75.8368248126 0.0595620391 0.7336519645 0.4728873221
-75.8368244282 0.0595620403 0.7336519539 0.4728883151
-75.8368240928 0.0595620414 0.7336519447 0.4728891924
-75.8368238050 0.0595620424 0.7336519368 0.4728899534
-75.8368235636 0.0595620431 0.7336519301 0.4728905975
-75.8368233676 0.0595620438 0.7336519248 0.4728911252
-75.8368232160 0.0595620443 0.7336519206 0.4728915358
-75.8368231082 0.0595620446 0.7336519176 0.4728918293
-75.8368230438 0.0595620448 0.7336519159 0.4728920054
-75.8368230223 0.0595620449 0.7336519153 0.4728920641
-75.8371548848 0.0595609698 0.7336614594 0.4727106227
-75.8371429599 0.0595610084 0.7336611132 0.4727107006
-75.8371299996 0.0595610504 0.7336607371 0.4727110608
-75.8371171675 0.0595610920 0.7336603649 0.4727116889
-75.8371046618 0.0595611325 0.7336600022 0.4727125732
-75.8370925141 0.0595611719 0.7336596500 0.4727137027
-75.8370807277 0.0595612101 0.7336593084 0.4727150666
-75.8370693003 0.0595612471 0.7336589773 0.4727166541
-75.8370582287 0.0595612830 0.7336586567 0.4727184541
-75.8370475088 0.0595613177 0.7336583463 0.4727204558
-75.8370371366 0.0595613513 0.7336580461 0.4727226483
-75.8370271074 0.0595613838 0.7336577560 0.4727250206
-75.8370174164 0.0595614152 0.7336574757 0.4727275621
-75.8370080587 0.0595614455 0.7336572052 0.4727302617
-75.8369990287 0.0595614748 0.7336569443 0.4727331089
-75.8369903211 0.0595615030 0.7336566928 0.4727360930
-75.8369819299 0.0595615302 0.7336564506 0.4727392036
-75.8369738493 0.0595615563 0.7336562174 0.4727424302
-75.8369660731 0.0595615815 0.7336559932 0.4727457628
-75.8369585950 0.0595616058 0.7336557776 0.4727491911
-75.8369514085 0.0595616290 0.7336555706 0.4727527055
-75.8369445072 0.0595616514 0.7336553719 0.4727562962
-75.8369378843 0.0595616729 0.7336551813 0.4727599537
-75.8369315331 0.0595616934 0.7336549986 0.4727636689
-75.8369254469 0.0595617131 0.7336548237 0.4727674327
-75.8369196186 0.0595617320 0.7336546562 0.4727712364
-75.8369140415 0.0595617501 0.7336544961 0.4727750714
-75.8369087085 0.0595617674 0.7336543431 0.4727789295
-75.8369036127 0.0595617839 0.7336541970 0.4727828027
-75.8368987471 0.0595617996 0.7336540577 0.4727866833
-75.8368941049 0.0595618147 0.7336539248 0.4727905638
-75.8368896791 0.0595618290 0.7336537982 0.4727944369
-75.8368854628 0.0595618427 0.7336536777 0.4727982958
-75.8368814491 0.0595618557 0.7336535630 0.4728021339
-75.8368776314 0.0595618680 0.7336534541 0.4728059447
-75.8368740029 0.0595618798 0.7336533506 0.4728097221
-75.8368705570 0.0595618910 0.7336532525 0.4728134605
-75.8368672872 0.0595619015 0.7336531594 0.4728171541
-75.8368641869 0.0595619116 0.7336530713 0.4728207977
-75.8368612500 0.0595619211 0.7336529879 0.4728243864
-75.8368584702 0.0595619301 0.7336529090 0.4728279152
-75.8368558413 0.0595619386 0.7336528345 0.4728313798
-75.8368533575 0.0595619467 0.7336527641 0.4728347759
-75.8368510128 0.0595619543 0.7336526978 0.4728380995
-75.8368488017 0.0595619614 0.7336526354 0.4728413467
-75.8368467184 0.0595619682 0.7336525766 0.4728445140
-75.8368447577 0.0595619745 0.7336525213 0.4728475982
-75.8368429142 0.0595619805 0.7336524694 0.4728505960
-75.8368411829 0.0595619861 0.7336524207 0.4728535047
-75.8368395589 0.0595619913 0.7336523751 0.4728563214
-75.8368380374 0.0595619963 0.7336523324 0.4728590437
-75.8368366137 0.0595620009 0.7336522925 0.4728616692
-75.8368352836 0.0595620052 0.7336522553 0.4728641958
-75.8368340426 0.0595620092 0.7336522206 0.4728666215
-75.8368328869 0.0595620130 0.7336521884 0.4728689444
-75.8368318123 0.0595620164 0.7336521584 0.4728711628
-75.8368308154 0.0595620197 0.7336521307 0.4728732752
-75.8368298925 0.0595620227 0.7336521050 0.4728752803
-75.8368290403 0.0595620254 0.7336520814 0.4728771766
-75.8368282556 0.0595620280 0.7336520596 0.4728789631
-75.8368275354 0.0595620303 0.7336520397 0.4728806386
-75.8368268771 0.0595620324 0.7336520215 0.4728822022
-75.8368262780 0.0595620344 0.7336520049 0.4728836531
-75.8368257356 0.0595620361 0.7336519899 0.4728849905
-75.8368252478 0.0595620377 0.7336519765 0.4728862137
-75.8368248126 0.0595620391 0.7336519645 0.4728873221
-75.8368244281 0.0595620403 0.7336519539 0.4728883151
-75.8368240927 0.0595620414 0.7336519447 0.4728891924
-75.8368238050 0.0595620424 0.7336519368 0.4728899534
-75.8368235636 0.0595620431 0.7336519301 0.4728905975
-75.8368233676 0.0595620438 0.7336519248 0.4728911252
-75.8368232160 0.0595620443 0.7336519206 0.4728915358
-75.8368231082 0.0595620446 0.7336519176 0.4728918293
-75.8368230437 0.0595620448 0.7336519159 0.4728920054
-75.8368230223 0.0595620449 0.7336519153 0.4728920641
-75.8371548848 0.0595609698 0.7336614594 0.4727106228
-75.8371429599 0.0595610084 0.7336611132 0.4727107006
-75.8371299996 0.0595610504 0.7336607371 0.4727110608
-75.8371171675 0.0595610920 0.7336603649 0.4727116889
-75.8371046618 0.0595611325 0.7336600022 0.4727125732
-75.8370925141 0.0595611719 0.7336596500 0.4727137028
-75.8370807277 0.0595612101 0.7336593084 0.4727150667
-75.8370693004 0.0595612471 0.7336589773 0.4727166541
-75.8370582287 0.0595612830 0.7336586567 0.4727184541
-75.8370475088 0.0595613177 0.7336583463 0.4727204558
-75.8370371366 0.0595613513 0.7336580461 0.4727226483
-75.8370271074 0.0595613838 0.7336577560 0.4727250207
-75.8370174164 0.0595614152 0.7336574757 0.4727275621
-75.8370080587 0.0595614455 0.7336572052 0.4727302617
-75.8369990287 0.0595614748 0.7336569443 0.4727331089
-75.8369903211 0.0595615030 0.7336566928 0.4727360930
-75.8369819299 0.0595615302 0.7336564506 0.4727392036
-75.8369738493 0.0595615563 0.7336562174 0.4727424303
-75.8369660731 0.0595615815 0.7336559932 0.4727457628
-75.8369585950 0.0595616058 0.7336557776 0.4727491912
-75.8369514085 0.0595616290 0.7336555706 0.4727527055
-75.8369445072 0.0595616514 0.7336553719 0.4727562962
-75.8369378843 0.0595616729 0.7336551813 0.4727599537
-75.8369315332 0.0595616934 0.7336549986 0.4727636689
-75.8369254469 0.0595617131 0.7336548237 0.4727674327
-75.8369196186 0.0595617320 0.7336546562 0.4727712364
-75.8369140415 0.0595617501 0.7336544961 0.4727750714
-75.8369087085 0.0595617674 0.7336543431 0.4727789295
-75.8369036127 0.0595617839 0.7336541970 0.4727828028
-75.8368987472 0.0595617996 0.7336540577 0.4727866833
-75.8368941049 0.0595618147 0.7336539248 0.4727905638
-75.8368896791 0.0595618290 0.7336537982 0.4727944369
-75.8368854628 0.0595618427 0.7336536777 0.4727982958
-75.8368814491 0.0595618557 0.7336535630 0.4728021339
-75.8368776314 0.0595618680 0.7336534541 0.4728059447
-75.8368740029 0.0595618798 0.7336533506 0.4728097222
-75.8368705570 0.0595618910 0.7336532525 0.4728134605
-75.8368672872 0.0595619015 0.7336531594 0.4728171541
-75.8368641870 0.0595619116 0.7336530713 0.4728207978
-75.8368612501 0.0595619211 0.7336529879 0.4728243864
-75.8368584702 0.0595619301 0.7336529090 0.4728279153
-75.8368558414 0.0595619386 0.7336528345 0.4728313799
-75.8368533575 0.0595619467 0.7336527641 0.4728347759
-75.8368510129 0.0595619543 0.7336526978 0.4728380995
-75.8368488017 0.0595619614 0.7336526354 0.4728413467
-75.8368467184 0.0595619682 0.7336525766 0.4728445141
-75.8368447577 0.0595619745 0.7336525213 0.4728475982
-75.8368429142 0.0595619805 0.7336524694 0.4728505961
-75.8368411829 0.0595619861 0.7336524207 0.4728535047
-75.8368395589 0.0595619913 0.7336523751 0.4728563214
-75.8368380374 0.0595619963 0.7336523324 0.4728590437
-75.8368366137 0.0595620009 0.7336522925 0.4728616692
-75.8368352836 0.0595620052 0.7336522553 0.4728641958
-75.8368340426 0.0595620092 0.7336522206 0.4728666215
-75.8368328869 0.0595620130 0.7336521884 0.4728689444
-75.8368318124 0.0595620164 0.7336521584 0.4728711628
-75.8368308154 0.0595620197 0.7336521307 0.4728732753
-75.8368298925 0.0595620227 0.7336521050 0.4728752803
-75.8368290403 0.0595620254 0.7336520814 0.4728771766
-75.8368282556 0.0595620280 0.7336520596 0.4728789631
-75.8368275355 0.0595620303 0.7336520397 0.4728806386
-75.8368268771 0.0595620324 0.7336520215 0.4728822023
-75.8368262780 0.0595620344 0.7336520049 0.4728836532
-75.8368257356 0.0595620361 0.7336519899 0.4728849906
-75.8368252479 0.0595620377 0.7336519765 0.4728862137
-75.8368248126 0.0595620391 0.7336519645 0.4728873221
-75.8368244281 0.0595620403 0.7336519539 0.4728883151
-75.8368240928 0.0595620414 0.7336519447 0.4728891924
-75.8368238049 0.0595620424 0.7336519368 0.4728899529
-75.8368235636 0.0595620431 0.7336519301 0.4728905974
-75.8368233676 0.0595620438 0.7336519248 0.4728911251
-75.8368232160 0.0595620443 0.7336519206 0.4728915358
-75.8368231082 0.0595620446 0.7336519176 0.4728918292
-75.8368230437 0.0595620448 0.7336519159 0.4728920053
-75.8368230223 0.0595620449 0.7336519153 0.4728920641
-75.8371570127 0.0595609629 0.7336615211 0.4727112434
-75.8371474049 0.0595609940 0.7336612422 0.4727119969
-75.8371367920 0.0595610284 0.7336609342 0.4727130411
-75.8371263097 0.0595610624 0.7336606301 0.4727143532
-75.8371161500 0.0595610953 0.7336603355 0.4727159194
-75.8371063428 0.0595611271 0.7336600512 0.4727177279
-75.8370968899 0.0595611577 0.7336597773 0.4727197673
-75.8370877880 0.0595611872 0.7336595137 0.4727220259
-75.8370790326 0.0595612156 0.7336592602 0.4727244925
-75.8370706185 0.0595612428 0.7336590167 0.4727271555
-75.8370625405 0.0595612690 0.7336587831 0.4727300035
-75.8370547929 0.0595612941 0.7336585592 0.4727330251
-75.8370473698 0.0595613181 0.7336583447 0.4727362090
-75.8370402650 0.0595613412 0.7336581396 0.4727395439
-75.8370334721 0.0595613632 0.7336579436 0.4727430187
-75.8370269845 0.0595613842 0.7336577565 0.4727466224
-75.8370207953 0.0595614042 0.7336575781 0.4727503441
-75.8370148975 0.0595614233 0.7336574083 0.4727541730
-75.8370092840 0.0595614415 0.7336572467 0.4727580987
-75.8370039474 0.0595614588 0.7336570933 0.4727621108
-75.8369988805 0.0595614752 0.7336569477 0.4727661991
-75.8369940755 0.0595614908 0.7336568098 0.4727703538
-75.8369895250 0.0595615055 0.7336566793 0.4727745650
-75.8369852212 0.0595615195 0.7336565561 0.4727788233
-75.8369811564 0.0595615326 0.7336564397 0.4727831196
-75.8369773229 0.0595615451 0.7336563302 0.4727874448
-75.8369737129 0.0595615568 0.7336562271 0.4727917902
-75.8369703185 0.0595615678 0.7336561303 0.4727961474
-75.8369671320 0.0595615781 0.7336560396 0.4728005082
-75.8369641455 0.0595615877 0.7336559547 0.4728048648
-75.8369613515 0.0595615968 0.7336558754 0.4728092095
-75.8369587421 0.0595616052 0.7336558015 0.4728135350
-75.8369563098 0.0595616131 0.7336557327 0.4728178343
-75.8369540469 0.0595616205 0.7336556688 0.4728221006
-75.8369519461 0.0595616273 0.7336556097 0.4728263274
-75.8369499998 0.0595616336 0.7336555550 0.4728305086
-75.8369482009 0.0595616394 0.7336555046 0.4728346382
-75.8369465420 0.0595616448 0.7336554582 0.4728387106
-75.8369450163 0.0595616497 0.7336554157 0.4728427204
-75.8369436166 0.0595616542 0.7336553769 0.4728466625
-75.8369423362 0.0595616584 0.7336553414 0.4728505321
-75.8369411685 0.0595616622 0.7336553093 0.4728543246
-75.8369401069 0.0595616656 0.7336552801 0.4728580357
-75.8369391450 0.0595616687 0.7336552539 0.4728616612
-75.8369382768 0.0595616715 0.7336552303 0.4728651974
-75.8369374960 0.0595616740 0.7336552093 0.4728686406
-75.8369367969 0.0595616763 0.7336551906 0.4728719874
-75.8369361737 0.0595616783 0.7336551740 0.4728752347
-75.8369356210 0.0595616801 0.7336551595 0.4728783795
-75.8369351335 0.0595616817 0.7336551468 0.4728814190
-75.8369347059 0.0595616831 0.7336551358 0.4728843506
-75.8369343334 0.0595616843 0.7336551263 0.4728871719
-75.8369340112 0.0595616853 0.7336551183 0.4728898808
-75.8369337347 0.0595616862 0.7336551115 0.4728924751
-75.8369334996 0.0595616870 0.7336551059 0.4728949531
-75.8369333017 0.0595616876 0.7336551014 0.4728973128
-75.8369331371 0.0595616881 0.7336550977 0.4728995529
-75.8369330021 0.0595616886 0.7336550948 0.4729016717
-75.8369328930 0.0595616889 0.7336550927 0.4729036679
-75.8369328067 0.0595616892 0.7336550911 0.4729055404
-75.8369327398 0.0595616894 0.7336550901 0.4729072881
-75.8369326897 0.0595616896 0.7336550894 0.4729089099
-75.8369326535 0.0595616897 0.7336550891 0.4729104050
-75.8369326287 0.0595616898 0.7336550891 0.4729117725
-75.8369326132 0.0595616898 0.7336550893 0.4729130118
-75.8369326049 0.0595616899 0.7336550896 0.4729141222
-75.8369326018 0.0595616899 0.7336550900 0.4729151032
-75.8369326024 0.0595616899 0.7336550905 0.4729159538
-75.8369326053 0.0595616898 0.7336550909 0.4729166746
-75.8369326093 0.0595616898 0.7336550914 0.4729172648
-75.8369326135 0.0595616898 0.7336550917 0.4729177241
-75.8369326170 0.0595616898 0.7336550920 0.4729180524
-75.8369326193 0.0595616898 0.7336550922 0.4729182494
-75.8369326201 0.0595616898 0.7336550922 0.4729183151
-75.8371570127 0.0595609629 0.7336615211 0.4727112434
-75.8371474049 0.0595609940 0.7336612422 0.4727119968
-75.8371367920 0.0595610284 0.7336609342 0.4727130411
-75.8371263097 0.0595610624 0.7336606301 0.4727143532
-75.8371161500 0.0595610953 0.7336603355 0.4727159194
-75.8371063428 0.0595611271 0.7336600512 0.4727177279
-75.8370968899 0.0595611577 0.7336597773 0.4727197672
-75.8370877880 0.0595611872 0.7336595137 0.4727220259
-75.8370790325 0.0595612156 0.7336592602 0.4727244925
-75.8370706185 0.0595612428 0.7336590167 0.4727271555
-75.8370625405 0.0595612690 0.7336587831 0.4727300035
-75.8370547929 0.0595612941 0.7336585592 0.4727330251
-75.8370473698 0.0595613181 0.7336583447 0.4727362090
-75.8370402650 0.0595613412 0.7336581396 0.4727395439
-75.8370334721 0.0595613632 0.7336579436 0.4727430187
-75.8370269845 0.0595613842 0.7336577565 0.4727466224
-75.8370207952 0.0595614042 0.7336575781 0.4727503440
-75.8370148975 0.0595614233 0.7336574083 0.4727541730
-75.8370092840 0.0595614415 0.7336572467 0.4727580987
-75.8370039474 0.0595614588 0.7336570933 0.4727621108
-75.8369988804 0.0595614752 0.7336569477 0.4727661991
-75.8369940755 0.0595614908 0.7336568098 0.4727703538
-75.8369895250 0.0595615055 0.7336566793 0.4727745650
-75.8369852212 0.0595615195 0.7336565561 0.4727788233
-75.8369811564 0.0595615326 0.7336564397 0.4727831196
-75.8369773229 0.0595615451 0.7336563302 0.4727874447
-75.8369737128 0.0595615568 0.7336562271 0.4727917902
-75.8369703185 0.0595615678 0.7336561303 0.4727961473
-75.8369671319 0.0595615781 0.7336560396 0.4728005082
-75.8369641455 0.0595615877 0.7336559547 0.4728048647
-75.8369613515 0.0595615968 0.7336558754 0.4728092094
-75.8369587421 0.0595616052 0.7336558015 0.4728135350
-75.8369563098 0.0595616131 0.7336557327 0.4728178342
-75.8369540469 0.0595616205 0.7336556688 0.4728221005
-75.8369519461 0.0595616273 0.7336556097 0.4728263274
-75.8369499998 0.0595616336 0.7336555550 0.4728305085
-75.8369482008 0.0595616394 0.7336555046 0.4728346381
-75.8369465420 0.0595616448 0.7336554582 0.4728387105
-75.8369450162 0.0595616497 0.7336554157 0.4728427203
-75.8369436166 0.0595616542 0.7336553769 0.4728466625
-75.8369423362 0.0595616584 0.7336553414 0.4728505321
-75.8369411685 0.0595616622 0.7336553093 0.4728543246
-75.8369401069 0.0595616656 0.7336552801 0.4728580356
-75.8369391450 0.0595616687 0.7336552539 0.4728616612
-75.8369382767 0.0595616715 0.7336552303 0.4728651974
-75.8369374960 0.0595616740 0.7336552093 0.4728686406
-75.8369367968 0.0595616763 0.7336551906 0.4728719874
-75.8369361737 0.0595616783 0.7336551740 0.4728752347
-75.8369356210 0.0595616801 0.7336551595 0.4728783795
-75.8369351334 0.0595616817 0.7336551468 0.4728814189
-75.8369347059 0.0595616831 0.7336551358 0.4728843505
-75.8369343334 0.0595616843 0.7336551263 0.4728871719
-75.8369340111 0.0595616853 0.7336551183 0.4728898808
-75.8369337346 0.0595616862 0.7336551115 0.4728924751
-75.8369334995 0.0595616870 0.7336551059 0.4728949530
-75.8369333017 0.0595616876 0.7336551014 0.4728973128
-75.8369331371 0.0595616881 0.7336550977 0.4728995528
-75.8369330021 0.0595616886 0.7336550948 0.4729016716
-75.8369328930 0.0595616889 0.7336550927 0.4729036679
-75.8369328066 0.0595616892 0.7336550911 0.4729055404
-75.8369327398 0.0595616894 0.7336550901 0.4729072881
-75.8369326897 0.0595616896 0.7336550894 0.4729089099
-75.8369326535 0.0595616897 0.7336550891 0.4729104049
-75.8369326287 0.0595616898 0.7336550891 0.4729117725
-75.8369326132 0.0595616898 0.7336550893 0.4729130117
-75.8369326048 0.0595616899 0.7336550896 0.4729141221
-75.8369326018 0.0595616899 0.7336550900 0.4729151031
-75.8369326024 0.0595616899 0.7336550905 0.4729159543
-75.8369326053 0.0595616898 0.7336550909 0.4729166746
-75.8369326093 0.0595616898 0.7336550914 0.4729172649
-75.8369326134 0.0595616898 0.7336550917 0.4729177242
-75.8369326169 0.0595616898 0.7336550920 0.4729180524
-75.8369326193 0.0595616898 0.7336550922 0.4729182494
-75.8369326201 0.0595616898 0.7336550922 0.4729183151
-75.8371548848 0.0595609698 0.7336614594 0.4727106227
-75.8371429599 0.0595610084 0.7336611132 0.4727107006
-75.8371299996 0.0595610504 0.7336607371 0.4727110608
-75.8371171675 0.0595610920 0.7336603649 0.4727116889
-75.8371046617 0.0595611325 0.7336600022 0.4727125732
-75.8370925141 0.0595611719 0.7336596500 0.4727137027
-75.8370807277 0.0595612101 0.7336593084 0.4727150666
-75.8370693003 0.0595612471 0.7336589773 0.4727166541
-75.8370582287 0.0595612830 0.7336586567 0.4727184541
-75.8370475088 0.0595613177 0.7336583463 0.4727204558
-75.8370371365 0.0595613513 0.7336580461 0.4727226483
-75.8370271074 0.0595613838 0.7336577560 0.4727250206
-75.8370174164 0.0595614152 0.7336574757 0.4727275621
-75.8370080587 0.0595614455 0.7336572052 0.4727302617
-75.8369990287 0.0595614748 0.7336569443 0.4727331089
-75.8369903211 0.0595615030 0.7336566928 0.4727360930
-75.8369819299 0.0595615302 0.7336564506 0.4727392036
-75.8369738493 0.0595615563 0.7336562174 0.4727424302
-75.8369660731 0.0595615815 0.7336559932 0.4727457628
-75.8369585950 0.0595616058 0.7336557776 0.4727491911
-75.8369514085 0.0595616290 0.7336555706 0.4727527055
-75.8369445072 0.0595616514 0.7336553719 0.4727562962
-75.8369378843 0.0595616729 0.7336551813 0.4727599537
-75.8369315331 0.0595616934 0.7336549986 0.4727636689
-75.8369254469 0.0595617131 0.7336548237 0.4727674327
-75.8369196186 0.0595617320 0.7336546562 0.4727712364
-75.8369140414 0.0595617501 0.7336544961 0.4727750714
-75.8369087084 0.0595617674 0.7336543431 0.4727789295
-75.8369036127 0.0595617839 0.7336541970 0.4727828027
-75.8368987471 0.0595617996 0.7336540577 0.4727866833
-75.8368941049 0.0595618147 0.7336539248 0.4727905638
-75.8368896791 0.0595618290 0.7336537982 0.4727944369
-75.8368854627 0.0595618427 0.7336536777 0.4727982958
-75.8368814491 0.0595618557 0.7336535630 0.4728021339
-75.8368776314 0.0595618680 0.7336534541 0.4728059447
-75.8368740029 0.0595618798 0.7336533506 0.4728097221
-75.8368705570 0.0595618910 0.7336532525 0.4728134605
-75.8368672871 0.0595619015 0.7336531594 0.4728171541
-75.8368641869 0.0595619116 0.7336530713 0.4728207977
-75.8368612500 0.0595619211 0.7336529879 0.4728243864
-75.8368584702 0.0595619301 0.7336529090 0.4728279152
-75.8368558413 0.0595619386 0.7336528345 0.4728313798
-75.8368533575 0.0595619467 0.7336527641 0.4728347759
-75.8368510128 0.0595619543 0.7336526978 0.4728380995
-75.8368488016 0.0595619614 0.7336526354 0.4728413467
-75.8368467184 0.0595619682 0.7336525766 0.4728445140
-75.8368447576 0.0595619745 0.7336525213 0.4728475982
-75.8368429142 0.0595619805 0.7336524694 0.4728505960
-75.8368411829 0.0595619861 0.7336524207 0.4728535047
-75.8368395589 0.0595619913 0.7336523751 0.4728563214
-75.8368380373 0.0595619963 0.7336523324 0.4728590437
-75.8368366137 0.0595620009 0.7336522925 0.4728616692
-75.8368352835 0.0595620052 0.7336522553 0.4728641958
-75.8368340426 0.0595620092 0.7336522206 0.4728666215
-75.8368328868 0.0595620130 0.7336521884 0.4728689444
-75.8368318123 0.0595620164 0.7336521584 0.4728711628
-75.8368308154 0.0595620197 0.7336521307 0.4728732753
-75.8368298925 0.0595620227 0.7336521050 0.4728752803
-75.8368290402 0.0595620254 0.7336520814 0.4728771766
-75.8368282556 0.0595620280 0.7336520596 0.4728789631
-75.8368275354 0.0595620303 0.7336520397 0.4728806386
-75.8368268771 0.0595620324 0.7336520215 0.4728822022
-75.8368262779 0.0595620344 0.7336520049 0.4728836531
-75.8368257356 0.0595620361 0.7336519899 0.4728849905
-75.8368252478 0.0595620377 0.7336519765 0.4728862137
-75.8368248126 0.0595620391 0.7336519645 0.4728873221
-75.8368244281 0.0595620403 0.7336519539 0.4728883151
-75.8368240927 0.0595620414 0.7336519447 0.4728891924
-75.8368238050 0.0595620424 0.7336519368 0.4728899534
-75.8368235636 0.0595620431 0.7336519301 0.4728905975
-75.8368233675 0.0595620438 0.7336519248 0.4728911252
-75.8368232160 0.0595620443 0.7336519206 0.4728915358
-75.8368231082 0.0595620446 0.7336519176 0.4728918293
-75.8368230437 0.0595620448 0.7336519159 0.4728920054
-75.8368230223 0.0595620449 0.7336519153 0.4728920641
-75.8371548848 0.0595609698 0.7336614594 0.4727106227
-75.8371429599 0.0595610084 0.7336611132 0.4727107006
-75.8371299996 0.0595610504 0.7336607371 0.4727110608
-75.8371171675 0.0595610920 0.7336603649 0.4727116889
-75.8371046618 0.0595611325 0.7336600022 0.4727125732
-75.8370925141 0.0595611719 0.7336596500 0.4727137027
-75.8370807277 0.0595612101 0.7336593084 0.4727150667
-75.8370693003 0.0595612471 0.7336589773 0.4727166541
-75.8370582287 0.0595612830 0.7336586567 0.4727184541
-75.8370475088 0.0595613177 0.7336583463 0.4727204558
-75.8370371365 0.0595613513 0.7336580461 0.4727226483
-75.8370271074 0.0595613838 0.7336577560 0.4727250207
-75.8370174164 0.0595614152 0.7336574757 0.4727275621
-75.8370080587 0.0595614455 0.7336572052 0.4727302617
-75.8369990287 0.0595614748 0.7336569443 0.4727331089
-75.8369903211 0.0595615030 0.7336566928 0.4727360930
-75.8369819299 0.0595615302 0.7336564506 0.4727392036
-75.8369738493 0.0595615563 0.7336562174 0.4727424303
-75.8369660731 0.0595615815 0.7336559932 0.4727457628
-75.8369585950 0.0595616058 0.7336557776 0.4727491911
-75.8369514085 0.0595616290 0.7336555706 0.4727527055
-75.8369445072 0.0595616514 0.7336553719 0.4727562962
-75.8369378843 0.0595616729 0.7336551813 0.4727599537
-75.8369315331 0.0595616934 0.7336549986 0.4727636689
-75.8369254469 0.0595617131 0.7336548237 0.4727674327
-75.8369196186 0.0595617320 0.7336546562 0.4727712364
-75.8369140414 0.0595617501 0.7336544961 0.4727750714
-75.8369087084 0.0595617674 0.7336543431 0.4727789295
-75.8369036127 0.0595617839 0.7336541970 0.4727828027
-75.8368987471 0.0595617996 0.7336540577 0.4727866833
-75.8368941049 0.0595618147 0.7336539248 0.4727905638
-75.8368896791 0.0595618290 0.7336537982 0.4727944369
-75.8368854627 0.0595618427 0.7336536777 0.4727982958
-75.8368814491 0.0595618557 0.7336535630 0.4728021339
-75.8368776314 0.0595618680 0.7336534541 0.4728059447
-75.8368740029 0.0595618798 0.7336533506 0.4728097222
-75.8368705570 0.0595618910 0.7336532525 0.4728134605
-75.8368672872 0.0595619015 0.7336531594 0.4728171541
-75.8368641869 0.0595619116 0.7336530713 0.4728207977
-75.8368612500 0.0595619211 0.7336529879 0.4728243864
-75.8368584702 0.0595619301 0.7336529090 0.4728279152
-75.8368558413 0.0595619386 0.7336528345 0.4728313799
-75.8368533575 0.0595619467 0.7336527641 0.4728347759
-75.8368510128 0.0595619543 0.7336526978 0.4728380995
-75.8368488016 0.0595619614 0.7336526354 0.4728413467
-75.8368467184 0.0595619682 0.7336525766 0.4728445140
-75.8368447576 0.0595619745 0.7336525213 0.4728475982
-75.8368429142 0.0595619805 0.7336524694 0.4728505961
-75.8368411829 0.0595619861 0.7336524207 0.4728535047
-75.8368395589 0.0595619913 0.7336523751 0.4728563214
-75.8368380373 0.0595619963 0.7336523324 0.4728590437
-75.8368366137 0.0595620009 0.7336522925 0.4728616692
-75.8368352835 0.0595620052 0.7336522553 0.4728641958
-75.8368340426 0.0595620092 0.7336522206 0.4728666215
-75.8368328868 0.0595620130 0.7336521884 0.4728689444
-75.8368318123 0.0595620164 0.7336521584 0.4728711628
-75.8368308154 0.0595620197 0.7336521307 0.4728732753
-75.8368298925 0.0595620227 0.7336521050 0.4728752803
-75.8368290402 0.0595620254 0.7336520814 0.4728771766
-75.8368282556 0.0595620280 0.7336520596 0.4728789631
-75.8368275354 0.0595620303 0.7336520397 0.4728806386
-75.8368268771 0.0595620324 0.7336520215 0.4728822023
-75.8368262779 0.0595620344 0.7336520049 0.4728836532
-75.8368257356 0.0595620361 0.7336519899 0.4728849905
-75.8368252478 0.0595620377 0.7336519765 0.4728862137
-75.8368248126 0.0595620391 0.7336519645 0.4728873221
-75.8368244281 0.0595620403 0.7336519539 0.4728883151
-75.8368240927 0.0595620414 0.7336519447 0.4728891924
-75.8368238049 0.0595620424 0.7336519368 0.4728899530
-75.8368235636 0.0595620431 0.7336519301 0.4728905975
-75.8368233675 0.0595620438 0.7336519248 0.4728911252
-75.8368232160 0.0595620443 0.7336519206 0.4728915358
-75.8368231082 0.0595620446 0.7336519176 0.4728918293
-75.8368230437 0.0595620448 0.7336519159 0.4728920054
-75.8368230223 0.0595620449 0.7336519153 0.4728920641
