-75.5113683943 0.0606224264 0.7254154849 0.4734398514
-75.5113648904 0.0606224380 0.7254153814 0.4734355740
-75.5113543864 0.0606224726 0.7254150709 0.4734227488
-75.5113369096 0.0606225301 0.7254145544 0.4734014343
-75.5113125194 0.0606226104 0.7254138336 0.4733718587
-75.5112813275 0.0606227131 0.7254129118 0.4733346239
-75.5112268723 0.0606228924 0.7254112965 0.4731314329
-75.5111850319 0.0606230301 0.7254100612 0.4731027921
-75.5111376529 0.0606231861 0.7254086627 0.4730743772
-75.5110847873 0.0606233601 0.7254071025 0.4730462362
-75.5110264852 0.0606235521 0.7254053822 0.4730184058
-75.5109627955 0.0606237617 0.7254035032 0.4729909131
-75.5108937658 0.0606239890 0.7254014669 0.4729637777
-75.5108194423 0.0606242337 0.7253992747 0.4729370127
-75.5107398703 0.0606244956 0.7253969279 0.4729106260
-75.5106550939 0.0606247747 0.7253944278 0.4728846201
-75.5105651565 0.0606250708 0.7253917757 0.4728589940
-75.5104701001 0.0606253837 0.7253889728 0.4728337433
-75.5103699664 0.0606257134 0.7253860204 0.4728088603
-75.5102647959 0.0606260596 0.7253829197 0.4727843347
-75.5101546284 0.0606264223 0.7253796717 0.4727601540
-75.5100395032 0.0606268013 0.7253762777 0.4727363040
-75.5099194587 0.0606271966 0.7253727389 0.4727127684
-75.5097945327 0.0606276078 0.7253690562 0.4726895291
-75.5096647626 0.0606280351 0.7253652308 0.4726665668
-75.5095301852 0.0606284781 0.7253612638 0.4726438610
-75.5093908367 0.0606289369 0.7253571562 0.4726213897
-75.5092467529 0.0606294113 0.7253529091 0.4725991293
-75.5090979693 0.0606299011 0.7253485234 0.4725770556
-75.5089445209 0.0606304064 0.7253440003 0.4725551432
-75.5087864424 0.0606309268 0.7253393407 0.4725333649
-75.5086237682 0.0606314624 0.7253345456 0.4725116921
-75.5084565325 0.0606320130 0.7253296160 0.4724900957
-75.5082847692 0.0606325785 0.7253245529 0.4724685442
-75.5081085119 0.0606331589 0.7253193573 0.4724470042
-75.5079277943 0.0606337539 0.7253140300 0.4724254410
-75.5077426498 0.0606343635 0.7253085722 0.4724038178
-75.5075531117 0.0606349876 0.7253029847 0.4723820949
-75.5073592134 0.0606356260 0.7252972685 0.4723602300
-75.5071609880 0.0606362787 0.7252914246 0.4723381787
-75.5069584689 0.0606369455 0.7252854538 0.4723158925
-75.5067516894 0.0606376264 0.7252793573 0.4722933195
-75.5065406830 0.0606383212 0.7252731359 0.4722704041
-75.5063254834 0.0606390298 0.7252667905 0.4722470863
-75.5061061242 0.0606397521 0.7252603222 0.4722233006
-75.5058826396 0.0606404880 0.7252537319 0.4721989767
-75.5056550640 0.0606412374 0.7252470207 0.4721740382
-75.5054234320 0.0606420001 0.7252401894 0.4721484013
-75.5051877787 0.0606427762 0.7252332392 0.4721219752
-75.5049481397 0.0606435653 0.7252261709 0.4720946605
-75.5047045509 0.0606443674 0.7252189857 0.4720663475
-75.5044570491 0.0606451825 0.7252116847 0.4720369164
-75.5042056712 0.0606460103 0.7252042687 0.4720062339
-75.5039504549 0.0606468508 0.7251967390 0.4719741522
-75.5036914384 0.0606477038 0.7251890966 0.4719405066
-75.5034286602 0.0606485692 0.7251813426 0.4719051109
-75.5031621595 0.0606494469 0.7251734781 0.4718677548
-75.5028919751 0.0606503367 0.7251655043 0.4718281967
-75.5026181457 0.0606512385 0.7251574222 0.4717861568
-75.5023407089 0.0606521523 0.7251492330 0.4717413057
-75.5020597002 0.0606530778 0.7251409376 0.4716932498
-75.5017751515 0.0606540150 0.7251325368 0.4716415092
-75.5014870888 0.0606549637 0.7251240315 0.4715854864
-75.5011955277 0.0606559240 0.7251154221 0.4715244190
-75.5009004679 0.0606568959 0.7251067084 0.4714573069
-75.5006018824 0.0606578794 0.7250978897 0.4713827956
-75.5002996990 0.0606588747 0.7250889636 0.4712989747
-75.4999937643 0.0606598824 0.7250799256 0.4712029930
-75.4996837592 0.0606609036 0.7250707659 0.4710901933
-75.4993689532 0.0606619405 0.7250614627 0.4709516337
-75.4990470866 0.0606630008 0.7250519483 0.4707630163
-75.4987020751 0.0606641373 0.7250417408 0.4703641368
-75.4983644070 0.0606652497 0.7250317531 0.4700435629
-75.4980475407 0.0606662935 0.7250223880 0.4699185019
-75.4977436915 0.0606672945 0.7250134097 0.4698538442
-75.4974847815 0.0606681474 0.7250057603 0.4698258357
-75.4974819825 0.0606681566 0.7250056778 0.4698256146
-75.4974602184 0.0606682283 0.7250050351 0.4698236999
-75.4974351086 0.0606683110 0.7250042934 0.4698214163
-75.4974093329 0.0606683959 0.7250035321 0.4698189565
-75.4973833514 0.0606684815 0.7250027647 0.4698163223
-75.4973572442 0.0606685675 0.7250019934 0.4698134858
-75.4973310264 0.0606686539 0.7250012189 0.4698104164
-75.4973047026 0.0606687406 0.7250004412 0.4698070849
-75.4972782761 0.0606688277 0.7249996604 0.4698034649
-75.4972517507 0.0606689151 0.7249988766 0.4697995325
-75.4972251309 0.0606690028 0.7249980900 0.4697952670
-75.4971984220 0.0606690907 0.7249973007 0.4697906508
-75.4971716304 0.0606691790 0.7249965088 0.4697856696
-75.4971447632 0.0606692675 0.7249957147 0.4697803123
-75.4971178285 0.0606693562 0.7249949185 0.4697745710
-75.4970908353 0.0606694452 0.7249941205 0.4697684411
-75.4970637937 0.0606695343 0.7249933210 0.4697619208
-75.4970367145 0.0606696235 0.7249925203 0.4697550115
-75.4970096094 0.0606697128 0.7249917188 0.4697477172
-75.4969824913 0.0606698021 0.7249909169 0.4697400445
-75.4969553735 0.0606698914 0.7249901148 0.4697320025
-75.4969282705 0.0606699807 0.7249893131 0.4697236023
-75.4969011973 0.0606700699 0.7249885123 0.4697148570
-75.4968741697 0.0606701590 0.7249877127 0.4697057815
-75.4968472043 0.0606702478 0.7249869149 0.4696963921
-75.4968203181 0.0606703364 0.7249861194 0.4696867065
-75.4967935290 0.0606704246 0.7249853266 0.4696767437
-75.4967668551 0.0606705125 0.7249845372 0.4696665233
-75.4967403152 0.0606706000 0.7249837517 0.4696560659
-75.4967139285 0.0606706869 0.7249829707 0.4696453928
-75.4966877145 0.0606707732 0.7249821948 0.4696345255
-75.4966616932 0.0606708590 0.7249814244 0.4696234862
-75.4966358848 0.0606709440 0.7249806604 0.4696122970
-75.4966103097 0.0606710283 0.7249799032 0.4696009806
-75.4965849886 0.0606711117 0.7249791534 0.4695895593
-75.4965599424 0.0606711942 0.7249784117 0.4695780557
-75.4965351919 0.0606712757 0.7249776788 0.4695664922
-75.4965107582 0.0606713562 0.7249769551 0.4695548912
-75.4964866624 0.0606714356 0.7249762415 0.4695432749
-75.4964629255 0.0606715138 0.7249755384 0.4695316654
-75.4964395686 0.0606715908 0.7249748465 0.4695200844
-75.4964166125 0.0606716664 0.7249741665 0.4695085535
-75.4963940782 0.0606717407 0.7249734989 0.4694970941
-75.4963719863 0.0606718134 0.7249728444 0.4694857274
-75.4963503573 0.0606718847 0.7249722036 0.4694744742
-75.4963292116 0.0606719544 0.7249715771 0.4694633551
-75.4963085691 0.0606720224 0.7249709654 0.4694523904
-75.4962884497 0.0606720887 0.7249703692 0.4694416002
-75.4962688727 0.0606721532 0.7249697891 0.4694310041
-75.4962498573 0.0606722158 0.7249692255 0.4694206215
-75.4962314222 0.0606722765 0.7249686792 0.4694104715
-75.4962135857 0.0606723353 0.7249681505 0.4694005729
-75.4961963655 0.0606723920 0.7249676402 0.4693909440
-75.4961797792 0.0606724467 0.7249671485 0.4693816026
-75.4961638435 0.0606724992 0.7249666762 0.4693725664
-75.4961485747 0.0606725495 0.7249662236 0.4693638524
-75.4961339887 0.0606725976 0.7249657912 0.4693554771
-75.4961201005 0.0606726433 0.7249653795 0.4693474564
-75.4961069246 0.0606726867 0.7249649889 0.4693398059
-75.4960944749 0.0606727277 0.7249646199 0.4693325402
-75.4960827645 0.0606727663 0.7249642727 0.4693256735
-75.4960718059 0.0606728024 0.7249639478 0.4693192191
-75.4960616108 0.0606728360 0.7249636455 0.4693131899
-75.4960521900 0.0606728671 0.7249633662 0.4693075976
-75.4960435538 0.0606728955 0.7249631102 0.4693024533
-75.4960357114 0.0606729214 0.7249628776 0.4692977673
-75.4960286713 0.0606729446 0.7249626689 0.4692935490
-75.4960224413 0.0606729651 0.7249624842 0.4692898067
-75.4960170281 0.0606729829 0.7249623237 0.4692865480
-75.4960124375 0.0606729980 0.7249621876 0.4692837794
-75.4960086748 0.0606730104 0.7249620760 0.4692815065
-75.4960057439 0.0606730201 0.7249619891 0.4692797340
-75.4960036481 0.0606730270 0.7249619269 0.4692784653
-75.4960023897 0.0606730311 0.7249618896 0.4692777031
-75.4960019703 0.0606730325 0.7249618772 0.4692774508
-75.4974841746 0.0606681494 0.7250057423 0.4698259318
-75.4974647981 0.0606682132 0.7250051697 0.4698243615
-75.4974421081 0.0606682880 0.7250044992 0.4698224250
-75.4974187560 0.0606683649 0.7250038091 0.4698203109
-75.4973951967 0.0606684425 0.7250031129 0.4698180195
-75.4973715086 0.0606685205 0.7250024128 0.4698155227
-75.4973477061 0.0606685989 0.7250017093 0.4698127893
-75.4973237932 0.0606686777 0.7250010025 0.4698097900
-75.4972997726 0.0606687569 0.7250002924 0.4698064979
-75.4972756475 0.0606688363 0.7249995792 0.4698028892
-75.4972514220 0.0606689161 0.7249988630 0.4697989430
-75.4972271008 0.0606689963 0.7249981438 0.4697946416
-75.4972026896 0.0606690767 0.7249974220 0.4697899708
-75.4971781952 0.0606691574 0.7249966976 0.4697849197
-75.4971536251 0.0606692383 0.7249959710 0.4697794805
-75.4971289878 0.0606693195 0.7249952422 0.4697736489
-75.4971042930 0.0606694008 0.7249945118 0.4697674235
-75.4970795509 0.0606694824 0.7249937798 0.4697608060
-75.4970547730 0.0606695640 0.7249930467 0.4697538010
-75.4970299715 0.0606696457 0.7249923129 0.4697464155
-75.4970051595 0.0606697274 0.7249915787 0.4697386592
-75.4969803509 0.0606698092 0.7249908445 0.4697305437
-75.4969555603 0.0606698908 0.7249901107 0.4697220828
-75.4969308032 0.0606699724 0.7249893779 0.4697132920
-75.4969060956 0.0606700538 0.7249886466 0.4697041883
-75.4968814543 0.0606701350 0.7249879171 0.4696947901
-75.4968568966 0.0606702159 0.7249871900 0.4696851168
-75.4968324403 0.0606702965 0.7249864658 0.4696751890
-75.4968081037 0.0606703766 0.7249857452 0.4696650278
-75.4967839057 0.0606704564 0.7249850286 0.4696546551
-75.4967598652 0.0606705356 0.7249843166 0.4696440932
-75.4967360018 0.0606706142 0.7249836098 0.4696333647
-75.4967123352 0.0606706922 0.7249829087 0.4696224927
-75.4966888854 0.0606707694 0.7249822141 0.4696115001
-75.4966656726 0.0606708459 0.7249815264 0.4696004099
-75.4966427172 0.0606709215 0.7249808463 0.4695892452
-75.4966200395 0.0606709962 0.7249801743 0.4695780291
-75.4965976600 0.0606710700 0.7249795112 0.4695667842
-75.4965755993 0.0606711426 0.7249788575 0.4695555333
-75.4965538779 0.0606712142 0.7249782138 0.4695442988
-75.4965325161 0.0606712846 0.7249775807 0.4695331027
-75.4965115344 0.0606713537 0.7249769588 0.4695219670
-75.4964909529 0.0606714215 0.7249763488 0.4695109133
-75.4964707918 0.0606714879 0.7249757512 0.4694999630
-75.4964510707 0.0606715529 0.7249751666 0.4694891369
-75.4964318093 0.0606716164 0.7249745956 0.4694784558
-75.4964130270 0.0606716783 0.7249740387 0.4694679399
-75.4963947427 0.0606717385 0.7249734967 0.4694576093
-75.4963769752 0.0606717970 0.7249729699 0.4694474836
-75.4963597427 0.0606718538 0.7249724589 0.4694375818
-75.4963430632 0.0606719088 0.7249719644 0.4694279229
-75.4963269540 0.0606719618 0.7249714867 0.4694185252
-75.4963114322 0.0606720130 0.7249710264 0.4694094067
-75.4962965143 0.0606720621 0.7249705840 0.4694005846
-75.4962822162 0.0606721092 0.7249701600 0.4693920761
-75.4962685533 0.0606721543 0.7249697548 0.4693838974
-75.4962555404 0.0606721971 0.7249693689 0.4693760644
-75.4962431917 0.0606722378 0.7249690027 0.4693685924
-75.4962315206 0.0606722763 0.7249686565 0.4693614959
-75.4962205402 0.0606723124 0.7249683308 0.4693547888
-75.4962102625 0.0606723463 0.7249680260 0.4693484844
-75.4962006989 0.0606723778 0.7249677423 0.4693425951
-75.4961918601 0.0606724069 0.7249674801 0.4693371325
-75.4961837560 0.0606724336 0.7249672398 0.4693321075
-75.4961763958 0.0606724579 0.7249670214 0.4693275302
-75.4961697878 0.0606724797 0.7249668254 0.4693234097
-75.4961639393 0.0606724989 0.7249666519 0.4693197542
-75.4961588571 0.0606725157 0.7249665012 0.4693165711
-75.4961545469 0.0606725299 0.7249663733 0.4693138667
-75.4961510137 0.0606725415 0.7249662685 0.4693116466
-75.4961482614 0.0606725506 0.7249661869 0.4693099152
-75.4961462933 0.0606725571 0.7249661285 0.4693086759
-75.4961451115 0.0606725610 0.7249660934 0.4693079314
-75.4961447176 0.0606725623 0.7249660817 0.4693076851
-75.4974841746 0.0606681494 0.7250057423 0.4698259318
-75.4974647981 0.0606682132 0.7250051697 0.4698243615
-75.4974421081 0.0606682880 0.7250044992 0.4698224250
-75.4974187560 0.0606683649 0.7250038091 0.4698203109
-75.4973951967 0.0606684425 0.7250031129 0.4698180195
-75.4973715086 0.0606685205 0.7250024128 0.4698155227
-75.4973477061 0.0606685989 0.7250017093 0.4698127893
-75.4973237932 0.0606686777 0.7250010025 0.4698097900
-75.4972997726 0.0606687569 0.7250002924 0.4698064979
-75.4972756475 0.0606688363 0.7249995792 0.4698028892
-75.4972514220 0.0606689161 0.7249988630 0.4697989430
-75.4972271008 0.0606689963 0.7249981438 0.4697946416
-75.4972026896 0.0606690767 0.7249974220 0.4697899708
-75.4971781952 0.0606691574 0.7249966976 0.4697849197
-75.4971536251 0.0606692383 0.7249959710 0.4697794805
-75.4971289878 0.0606693195 0.7249952422 0.4697736489
-75.4971042930 0.0606694008 0.7249945118 0.4697674235
-75.4970795509 0.0606694824 0.7249937798 0.4697608060
-75.4970547730 0.0606695640 0.7249930467 0.4697538010
-75.4970299715 0.0606696457 0.7249923129 0.4697464155
-75.4970051595 0.0606697274 0.7249915787 0.4697386592
-75.4969803509 0.0606698092 0.7249908445 0.4697305437
-75.4969555603 0.0606698908 0.7249901107 0.4697220828
-75.4969308032 0.0606699724 0.7249893779 0.4697132920
-75.4969060956 0.0606700538 0.7249886466 0.4697041883
-75.4968814543 0.0606701350 0.7249879171 0.4696947901
-75.4968568966 0.0606702159 0.7249871900 0.4696851168
-75.4968324403 0.0606702965 0.7249864658 0.4696751890
-75.4968081037 0.0606703766 0.7249857452 0.4696650278
-75.4967839056 0.0606704564 0.7249850286 0.4696546551
-75.4967598652 0.0606705356 0.7249843166 0.4696440932
-75.4967360018 0.0606706142 0.7249836098 0.4696333647
-75.4967123352 0.0606706922 0.7249829087 0.4696224927
-75.4966888854 0.0606707694 0.7249822141 0.4696115001
-75.4966656726 0.0606708459 0.7249815264 0.4696004099
-75.4966427172 0.0606709215 0.7249808463 0.4695892452
-75.4966200395 0.0606709962 0.7249801743 0.4695780291
-75.4965976600 0.0606710700 0.7249795112 0.4695667842
-75.4965755993 0.0606711426 0.7249788575 0.4695555333
-75.4965538779 0.0606712142 0.7249782138 0.4695442988
-75.4965325161 0.0606712846 0.7249775807 0.4695331027
-75.4965115344 0.0606713537 0.7249769588 0.4695219670
-75.4964909529 0.0606714215 0.7249763488 0.4695109133
-75.4964707917 0.0606714879 0.7249757512 0.4694999630
-75.4964510707 0.0606715529 0.7249751666 0.4694891369
-75.4964318093 0.0606716164 0.7249745956 0.4694784558
-75.4964130270 0.0606716783 0.7249740387 0.4694679399
-75.4963947427 0.0606717385 0.7249734967 0.4694576093
-75.4963769752 0.0606717970 0.7249729699 0.4694474836
-75.4963597427 0.0606718538 0.7249724589 0.4694375818
-75.4963430632 0.0606719088 0.7249719644 0.4694279229
-75.4963269540 0.0606719618 0.7249714867 0.4694185252
-75.4963114322 0.0606720130 0.7249710264 0.4694094067
-75.4962965143 0.0606720621 0.7249705840 0.4694005846
-75.4962822162 0.0606721092 0.7249701600 0.4693920761
-75.4962685533 0.0606721543 0.7249697548 0.4693838974
-75.4962555404 0.0606721971 0.7249693689 0.4693760644
-75.4962431916 0.0606722378 0.7249690027 0.4693685924
-75.4962315206 0.0606722763 0.7249686565 0.4693614959
-75.4962205402 0.0606723124 0.7249683308 0.4693547888
-75.4962102624 0.0606723463 0.7249680260 0.4693484844
-75.4962006989 0.0606723778 0.7249677423 0.4693425951
-75.4961918601 0.0606724069 0.7249674801 0.4693371325
-75.4961837560 0.0606724336 0.7249672398 0.4693321075
-75.4961763958 0.0606724579 0.7249670214 0.4693275302
-75.4961697877 0.0606724797 0.7249668254 0.4693234097
-75.4961639393 0.0606724989 0.7249666519 0.4693197542
-75.4961588571 0.0606725157 0.7249665012 0.4693165711
-75.4961545469 0.0606725299 0.7249663733 0.4693138667
-75.4961510137 0.0606725415 0.7249662685 0.4693116466
-75.4961482614 0.0606725506 0.7249661869 0.4693099152
-75.4961462933 0.0606725571 0.7249661285 0.4693086759
-75.4961451115 0.0606725610 0.7249660934 0.4693079314
-75.4961447176 0.0606725623 0.7249660817 0.4693076851
-75.4974841746 0.0606681494 0.7250057423 0.4698259318
-75.4974647981 0.0606682132 0.7250051697 0.4698243615
-75.4974421081 0.0606682880 0.7250044992 0.4698224250
-75.4974187560 0.0606683649 0.7250038091 0.4698203109
-75.4973951967 0.0606684425 0.7250031129 0.4698180195
-75.4973715086 0.0606685205 0.7250024128 0.4698155227
-75.4973477061 0.0606685989 0.7250017093 0.4698127893
-75.4973237932 0.0606686777 0.7250010025 0.4698097900
-75.4972997726 0.0606687569 0.7250002924 0.4698064979
-75.4972756475 0.0606688363 0.7249995792 0.4698028892
-75.4972514220 0.0606689161 0.7249988630 0.4697989430
-75.4972271008 0.0606689963 0.7249981438 0.4697946416
-75.4972026896 0.0606690767 0.7249974220 0.4697899708
-75.4971781952 0.0606691574 0.7249966976 0.4697849197
-75.4971536251 0.0606692383 0.7249959710 0.4697794805
-75.4971289878 0.0606693195 0.7249952422 0.4697736489
-75.4971042930 0.0606694008 0.7249945118 0.4697674235
-75.4970795509 0.0606694824 0.7249937798 0.4697608060
-75.4970547730 0.0606695640 0.7249930467 0.4697538010
-75.4970299715 0.0606696457 0.7249923129 0.4697464155
-75.4970051595 0.0606697274 0.7249915787 0.4697386592
-75.4969803509 0.0606698092 0.7249908445 0.4697305437
-75.4969555603 0.0606698908 0.7249901107 0.4697220828
-75.4969308032 0.0606699724 0.7249893779 0.4697132920
-75.4969060956 0.0606700538 0.7249886466 0.4697041883
-75.4968814543 0.0606701350 0.7249879171 0.4696947901
-75.4968568966 0.0606702159 0.7249871900 0.4696851168
-75.4968324403 0.0606702965 0.7249864658 0.4696751890
-75.4968081037 0.0606703766 0.7249857452 0.4696650278
-75.4967839056 0.0606704564 0.7249850286 0.4696546551
-75.4967598652 0.0606705356 0.7249843166 0.4696440932
-75.4967360018 0.0606706142 0.7249836098 0.4696333647
-75.4967123352 0.0606706922 0.7249829087 0.4696224927
-75.4966888854 0.0606707694 0.7249822141 0.4696115001
-75.4966656726 0.0606708459 0.7249815264 0.4696004099
-75.4966427172 0.0606709215 0.7249808463 0.4695892452
-75.4966200395 0.0606709962 0.7249801743 0.4695780291
-75.4965976600 0.0606710700 0.7249795112 0.4695667842
-75.4965755993 0.0606711426 0.7249788575 0.4695555333
-75.4965538779 0.0606712142 0.7249782138 0.4695442988
-75.4965325161 0.0606712846 0.7249775807 0.4695331027
-75.4965115344 0.0606713537 0.7249769588 0.4695219670
-75.4964909529 0.0606714215 0.7249763488 0.4695109133
-75.4964707917 0.0606714879 0.7249757512 0.4694999630
-75.4964510707 0.0606715529 0.7249751666 0.4694891369
-75.4964318093 0.0606716164 0.7249745956 0.4694784558
-75.4964130270 0.0606716783 0.7249740387 0.4694679399
-75.4963947427 0.0606717385 0.7249734967 0.4694576093
-75.4963769752 0.0606717970 0.7249729699 0.4694474836
-75.4963597427 0.0606718538 0.7249724589 0.4694375818
-75.4963430632 0.0606719088 0.7249719644 0.4694279229
-75.4963269540 0.0606719618 0.7249714867 0.4694185252
-75.4963114322 0.0606720130 0.7249710264 0.4694094067
-75.4962965143 0.0606720621 0.7249705840 0.4694005846
-75.4962822162 0.0606721092 0.7249701600 0.4693920761
-75.4962685533 0.0606721543 0.7249697548 0.4693838974
-75.4962555404 0.0606721971 0.7249693689 0.4693760644
-75.4962431916 0.0606722378 0.7249690027 0.4693685924
-75.4962315206 0.0606722763 0.7249686565 0.4693614959
-75.4962205402 0.0606723124 0.7249683308 0.4693547888
-75.4962102624 0.0606723463 0.7249680260 0.4693484844
-75.4962006989 0.0606723778 0.7249677423 0.4693425951
-75.4961918601 0.0606724069 0.7249674801 0.4693371325
-75.4961837560 0.0606724336 0.7249672398 0.4693321075
-75.4961763958 0.0606724579 0.7249670214 0.4693275302
-75.4961697877 0.0606724797 0.7249668254 0.4693234097
-75.4961639393 0.0606724989 0.7249666519 0.4693197542
-75.4961588571 0.0606725157 0.7249665012 0.4693165711
-75.4961545469 0.0606725299 0.7249663733 0.4693138667
-75.4961510137 0.0606725415 0.7249662685 0.4693116466
-75.4961482614 0.0606725506 0.7249661869 0.4693099152
-75.4961462933 0.0606725571 0.7249661285 0.4693086759
-75.4961451115 0.0606725610 0.7249660934 0.4693079314
-75.4961447176 0.0606725623 0.7249660817 0.4693076851
-75.4974841746 0.0606681494 0.7250057423 0.4698259318
-75.4974647981 0.0606682132 0.7250051697 0.4698243615
-75.4974421081 0.0606682880 0.7250044992 0.4698224250
-75.4974187560 0.0606683649 0.7250038091 0.4698203109
-75.4973951967 0.0606684425 0.7250031129 0.4698180195
-75.4973715086 0.0606685205 0.7250024128 0.4698155227
-75.4973477061 0.0606685989 0.7250017093 0.4698127893
-75.4973237932 0.0606686777 0.7250010025 0.4698097900
-75.4972997726 0.0606687569 0.7250002924 0.4698064979
-75.4972756475 0.0606688363 0.7249995792 0.4698028892
-75.4972514220 0.0606689161 0.7249988630 0.4697989430
-75.4972271008 0.0606689963 0.7249981438 0.4697946416
-75.4972026896 0.0606690767 0.7249974220 0.4697899708
-75.4971781952 0.0606691574 0.7249966976 0.4697849197
-75.4971536251 0.0606692383 0.7249959710 0.4697794805
-75.4971289878 0.0606693195 0.7249952422 0.4697736489
-75.4971042930 0.0606694008 0.7249945118 0.4697674235
-75.4970795509 0.0606694824 0.7249937798 0.4697608060
-75.4970547730 0.0606695640 0.7249930467 0.4697538010
-75.4970299715 0.0606696457 0.7249923129 0.4697464155
-75.4970051595 0.0606697274 0.7249915787 0.4697386592
-75.4969803509 0.0606698092 0.7249908445 0.4697305437
-75.4969555603 0.0606698908 0.7249901107 0.4697220828
-75.4969308032 0.0606699724 0.7249893779 0.4697132920
-75.4969060956 0.0606700538 0.7249886466 0.4697041883
-75.4968814543 0.0606701350 0.7249879171 0.4696947901
-75.4968568966 0.0606702159 0.7249871900 0.4696851168
-75.4968324403 0.0606702965 0.7249864658 0.4696751890
-75.4968081037 0.0606703766 0.7249857452 0.4696650278
-75.4967839056 0.0606704564 0.7249850286 0.4696546551
-75.4967598652 0.0606705356 0.7249843166 0.4696440932
-75.4967360018 0.0606706142 0.7249836098 0.4696333647
-75.4967123352 0.0606706922 0.7249829087 0.4696224927
-75.4966888854 0.0606707694 0.7249822141 0.4696115001
-75.4966656726 0.0606708459 0.7249815264 0.4696004099
-75.4966427172 0.0606709215 0.7249808463 0.4695892452
-75.4966200395 0.0606709962 0.7249801743 0.4695780291
-75.4965976600 0.0606710700 0.7249795112 0.4695667842
-75.4965755993 0.0606711426 0.7249788575 0.4695555333
-75.4965538779 0.0606712142 0.7249782138 0.4695442988
-75.4965325161 0.0606712846 0.7249775807 0.4695331027
-75.4965115344 0.0606713537 0.7249769588 0.4695219670
-75.4964909529 0.0606714215 0.7249763488 0.4695109133
-75.4964707917 0.0606714879 0.7249757512 0.4694999630
-75.4964510707 0.0606715529 0.7249751666 0.4694891369
-75.4964318093 0.0606716164 0.7249745956 0.4694784558
-75.4964130270 0.0606716783 0.7249740387 0.4694679399
-75.4963947427 0.0606717385 0.7249734967 0.4694576093
-75.4963769752 0.0606717970 0.7249729699 0.4694474836
-75.4963597427 0.0606718538 0.7249724589 0.4694375818
-75.4963430632 0.0606719088 0.7249719644 0.4694279229
-75.4963269540 0.0606719618 0.7249714867 0.4694185252
-75.4963114322 0.0606720130 0.7249710264 0.4694094067
-75.4962965143 0.0606720621 0.7249705840 0.4694005846
-75.4962822162 0.0606721092 0.7249701600 0.4693920761
-75.4962685533 0.0606721543 0.7249697548 0.4693838974
-75.4962555404 0.0606721971 0.7249693689 0.4693760644
-75.4962431916 0.0606722378 0.7249690027 0.4693685924
-75.4962315206 0.0606722763 0.7249686565 0.4693614959
-75.4962205402 0.0606723124 0.7249683308 0.4693547888
-75.4962102624 0.0606723463 0.7249680260 0.4693484844
-75.4962006988 0.0606723778 0.7249677423 0.4693425951
-75.4961918601 0.0606724069 0.7249674801 0.4693371325
-75.4961837560 0.0606724336 0.7249672398 0.4693321075
-75.4961763958 0.0606724579 0.7249670214 0.4693275302
-75.4961697877 0.0606724797 0.7249668254 0.4693234097
-75.4961639393 0.0606724989 0.7249666519 0.4693197542
-75.4961588571 0.0606725157 0.7249665012 0.4693165711
-75.4961545469 0.0606725299 0.7249663733 0.4693138667
-75.4961510137 0.0606725415 0.7249662685 0.4693116466
-75.4961482614 0.0606725506 0.7249661869 0.4693099152
-75.4961462933 0.0606725571 0.7249661285 0.4693086759
-75.4961451115 0.0606725610 0.7249660934 0.4693079314
-75.4961447176 0.0606725623 0.7249660817 0.4693076851
-75.4974841746 0.0606681494 0.7250057423 0.4698259318
-75.4974647981 0.0606682132 0.7250051697 0.4698243615
-75.4974421081 0.0606682880 0.7250044992 0.4698224250
-75.4974187560 0.0606683649 0.7250038091 0.4698203109
-75.4973951967 0.0606684425 0.7250031129 0.4698180195
-75.4973715086 0.0606685205 0.7250024128 0.4698155227
-75.4973477061 0.0606685989 0.7250017093 0.4698127893
-75.4973237932 0.0606686777 0.7250010025 0.4698097900
-75.4972997726 0.0606687569 0.7250002924 0.4698064979
-75.4972756475 0.0606688363 0.7249995792 0.4698028892
-75.4972514220 0.0606689161 0.7249988630 0.4697989430
-75.4972271008 0.0606689963 0.7249981438 0.4697946416
-75.4972026896 0.0606690767 0.7249974220 0.4697899708
-75.4971781952 0.0606691574 0.7249966976 0.4697849197
-75.4971536251 0.0606692383 0.7249959710 0.4697794805
-75.4971289878 0.0606693195 0.7249952422 0.4697736489
-75.4971042930 0.0606694008 0.7249945118 0.4697674235
-75.4970795509 0.0606694824 0.7249937798 0.4697608060
-75.4970547730 0.0606695640 0.7249930467 0.4697538010
-75.4970299715 0.0606696457 0.7249923129 0.4697464155
-75.4970051595 0.0606697274 0.7249915787 0.4697386592
-75.4969803509 0.0606698092 0.7249908445 0.4697305437
-75.4969555603 0.0606698908 0.7249901107 0.4697220828
-75.4969308032 0.0606699724 0.7249893779 0.4697132920
-75.4969060956 0.0606700538 0.7249886466 0.4697041883
-75.4968814543 0.0606701350 0.7249879171 0.4696947901
-75.4968568966 0.0606702159 0.7249871900 0.4696851168
-75.4968324403 0.0606702965 0.7249864658 0.4696751890
-75.4968081037 0.0606703766 0.7249857452 0.4696650278
-75.4967839056 0.0606704564 0.7249850286 0.4696546551
-75.4967598652 0.0606705356 0.7249843166 0.4696440932
-75.4967360017 0.0606706142 0.7249836098 0.4696333647
-75.4967123352 0.0606706922 0.7249829087 0.4696224927
-75.4966888854 0.0606707694 0.7249822141 0.4696115001
-75.4966656726 0.0606708459 0.7249815264 0.4696004099
-75.4966427172 0.0606709215 0.7249808463 0.4695892452
-75.4966200395 0.0606709962 0.7249801743 0.4695780291
-75.4965976600 0.0606710700 0.7249795112 0.4695667842
-75.4965755993 0.0606711426 0.7249788575 0.4695555333
-75.4965538779 0.0606712142 0.7249782138 0.4695442988
-75.4965325161 0.0606712846 0.7249775807 0.4695331027
-75.4965115344 0.0606713537 0.7249769588 0.4695219670
-75.4964909529 0.0606714215 0.7249763488 0.4695109133
-75.4964707917 0.0606714879 0.7249757512 0.4694999630
-75.4964510707 0.0606715529 0.7249751666 0.4694891369
-75.4964318093 0.0606716164 0.7249745956 0.4694784558
-75.4964130270 0.0606716783 0.7249740387 0.4694679399
-75.4963947427 0.0606717385 0.7249734967 0.4694576093
-75.4963769752 0.0606717970 0.7249729699 0.4694474836
-75.4963597427 0.0606718538 0.7249724589 0.4694375818
-75.4963430632 0.0606719088 0.7249719644 0.4694279229
-75.4963269540 0.0606719618 0.7249714867 0.4694185252
-75.4963114322 0.0606720130 0.7249710264 0.4694094067
-75.4962965143 0.0606720621 0.7249705840 0.4694005846
-75.4962822162 0.0606721092 0.7249701600 0.4693920761
-75.4962685533 0.0606721543 0.7249697548 0.4693838974
-75.4962555404 0.0606721971 0.7249693689 0.4693760644
-75.4962431916 0.0606722378 0.7249690027 0.4693685924
-75.4962315206 0.0606722763 0.7249686565 0.4693614959
-75.4962205402 0.0606723124 0.7249683308 0.4693547888
-75.4962102624 0.0606723463 0.7249680260 0.4693484844
-75.4962006988 0.0606723778 0.7249677423 0.4693425951
-75.4961918601 0.0606724069 0.7249674801 0.4693371325
-75.4961837560 0.0606724336 0.7249672398 0.4693321075
-75.4961763958 0.0606724579 0.7249670214 0.4693275302
-75.4961697877 0.0606724797 0.7249668254 0.4693234097
-75.4961639393 0.0606724989 0.7249666519 0.4693197542
-75.4961588571 0.0606725157 0.7249665012 0.4693165711
-75.4961545469 0.0606725299 0.7249663733 0.4693138667
-75.4961510137 0.0606725415 0.7249662685 0.4693116466
-75.4961482614 0.0606725506 0.7249661869 0.4693099152
-75.4961462933 0.0606725571 0.7249661285 0.4693086759
-75.4961451115 0.0606725610 0.7249660934 0.4693079314
-75.4961447176 0.0606725623 0.7249660817 0.4693076851
-75.4974841746 0.0606681494 0.7250057423 0.4698259318
-75.4974647981 0.0606682132 0.7250051697 0.4698243615
-75.4974421081 0.0606682880 0.7250044992 0.4698224250
-75.4974187560 0.0606683649 0.7250038091 0.4698203109
-75.4973951967 0.0606684425 0.7250031129 0.4698180195
-75.4973715086 0.0606685205 0.7250024128 0.4698155227
-75.4973477061 0.0606685989 0.7250017093 0.4698127893
-75.4973237932 0.0606686777 0.7250010025 0.4698097900
-75.4972997726 0.0606687569 0.7250002924 0.4698064979
-75.4972756475 0.0606688363 0.7249995792 0.4698028892
-75.4972514220 0.0606689161 0.7249988630 0.4697989430
-75.4972271008 0.0606689963 0.7249981438 0.4697946416
-75.4972026896 0.0606690767 0.7249974220 0.4697899708
-75.4971781952 0.0606691574 0.7249966976 0.4697849197
-75.4971536251 0.0606692383 0.7249959710 0.4697794805
-75.4971289878 0.0606693195 0.7249952422 0.4697736489
-75.4971042930 0.0606694008 0.7249945118 0.4697674235
-75.4970795509 0.0606694824 0.7249937798 0.4697608060
-75.4970547730 0.0606695640 0.7249930467 0.4697538010
-75.4970299715 0.0606696457 0.7249923129 0.4697464155
-75.4970051595 0.0606697274 0.7249915787 0.4697386592
-75.4969803509 0.0606698092 0.7249908445 0.4697305437
-75.4969555603 0.0606698908 0.7249901107 0.4697220828
-75.4969308032 0.0606699724 0.7249893779 0.4697132920
-75.4969060956 0.0606700538 0.7249886466 0.4697041883
-75.4968814543 0.0606701350 0.7249879171 0.4696947901
-75.4968568966 0.0606702159 0.7249871900 0.4696851168
-75.4968324403 0.0606702965 0.7249864658 0.4696751890
-75.4968081037 0.0606703766 0.7249857452 0.4696650278
-75.4967839056 0.0606704564 0.7249850286 0.4696546551
-75.4967598652 0.0606705356 0.7249843166 0.4696440932
-75.4967360017 0.0606706142 0.7249836098 0.4696333647
-75.4967123352 0.0606706922 0.7249829087 0.4696224927
-75.4966888854 0.0606707694 0.7249822141 0.4696115001
-75.4966656726 0.0606708459 0.7249815264 0.4696004099
-75.4966427172 0.0606709215 0.7249808463 0.4695892452
-75.4966200395 0.0606709962 0.7249801743 0.4695780291
-75.4965976600 0.0606710700 0.7249795112 0.4695667842
-75.4965755993 0.0606711426 0.7249788575 0.4695555333
-75.4965538779 0.0606712142 0.7249782138 0.4695442988
-75.4965325161 0.0606712846 0.7249775807 0.4695331027
-75.4965115344 0.0606713537 0.7249769588 0.4695219670
-75.4964909529 0.0606714215 0.7249763488 0.4695109133
-75.4964707917 0.0606714879 0.7249757512 0.4694999630
-75.4964510707 0.0606715529 0.7249751666 0.4694891369
-75.4964318093 0.0606716164 0.7249745956 0.4694784558
-75.4964130270 0.0606716783 0.7249740387 0.4694679399
-75.4963947427 0.0606717385 0.7249734967 0.4694576093
-75.4963769752 0.0606717970 0.7249729699 0.4694474836
-75.4963597427 0.0606718538 0.7249724589 0.4694375818
-75.4963430632 0.0606719088 0.7249719644 0.4694279229
-75.4963269540 0.0606719618 0.7249714867 0.4694185252
-75.4963114322 0.0606720130 0.7249710264 0.4694094067
-75.4962965143 0.0606720621 0.7249705840 0.4694005846
-75.4962822162 0.0606721092 0.7249701600 0.4693920761
-75.4962685533 0.0606721543 0.7249697548 0.4693838974
-75.4962555404 0.0606721971 0.7249693689 0.4693760644
-75.4962431916 0.0606722378 0.7249690027 0.4693685924
-75.4962315206 0.0606722763 0.7249686565 0.4693614959
-75.4962205402 0.0606723124 0.7249683308 0.4693547888
-75.4962102624 0.0606723463 0.7249680260 0.4693484844
-75.4962006988 0.0606723778 0.7249677423 0.4693425951
-75.4961918601 0.0606724069 0.7249674801 0.4693371325
-75.4961837560 0.0606724336 0.7249672398 0.4693321075
-75.4961763958 0.0606724579 0.7249670214 0.4693275302
-75.4961697877 0.0606724797 0.7249668254 0.4693234097
-75.4961639393 0.0606724989 0.7249666519 0.4693197542
-75.4961588571 0.0606725157 0.7249665012 0.4693165711
-75.4961545469 0.0606725299 0.7249663733 0.4693138667
-75.4961510137 0.0606725415 0.7249662685 0.4693116466
-75.4961482614 0.0606725506 0.7249661869 0.4693099152
-75.4961462933 0.0606725571 0.7249661285 0.4693086759
-75.4961451115 0.0606725610 0.7249660934 0.4693079314
-75.4961447176 0.0606725623 0.7249660817 0.4693076851
-75.4974841746 0.0606681494 0.7250057423 0.4698259318
-75.4974647981 0.0606682132 0.7250051697 0.4698243615
-75.4974421081 0.0606682880 0.7250044992 0.4698224250
-75.4974187560 0.0606683649 0.7250038091 0.4698203109
-75.4973951967 0.0606684425 0.7250031129 0.4698180195
-75.4973715086 0.0606685205 0.7250024128 0.4698155227
-75.4973477061 0.0606685989 0.7250017093 0.4698127893
-75.4973237932 0.0606686777 0.7250010025 0.4698097900
-75.4972997726 0.0606687569 0.7250002924 0.4698064979
-75.4972756475 0.0606688363 0.7249995792 0.4698028892
-75.4972514220 0.0606689161 0.7249988630 0.4697989430
-75.4972271008 0.0606689963 0.7249981438 0.4697946416
-75.4972026896 0.0606690767 0.7249974220 0.4697899708
-75.4971781952 0.0606691574 0.7249966976 0.4697849197
-75.4971536251 0.0606692383 0.7249959710 0.4697794805
-75.4971289878 0.0606693195 0.7249952422 0.4697736489
-75.4971042930 0.0606694008 0.7249945118 0.4697674235
-75.4970795509 0.0606694824 0.7249937798 0.4697608060
-75.4970547730 0.0606695640 0.7249930467 0.4697538010
-75.4970299715 0.0606696457 0.7249923129 0.4697464155
-75.4970051595 0.0606697274 0.7249915787 0.4697386592
-75.4969803509 0.0606698092 0.7249908445 0.4697305437
-75.4969555603 0.0606698908 0.7249901107 0.4697220828
-75.4969308032 0.0606699724 0.7249893779 0.4697132920
-75.4969060956 0.0606700538 0.7249886466 0.4697041883
-75.4968814543 0.0606701350 0.7249879171 0.4696947901
-75.4968568966 0.0606702159 0.7249871900 0.4696851168
-75.4968324403 0.0606702965 0.7249864658 0.4696751890
-75.4968081037 0.0606703766 0.7249857452 0.4696650278
-75.4967839056 0.0606704564 0.7249850286 0.4696546551
-75.4967598652 0.0606705356 0.7249843166 0.4696440932
-75.4967360017 0.0606706142 0.7249836098 0.4696333647
-75.4967123352 0.0606706922 0.7249829087 0.4696224927
-75.4966888854 0.0606707694 0.7249822141 0.4696115001
-75.4966656726 0.0606708459 0.7249815264 0.4696004099
-75.4966427172 0.0606709215 0.7249808463 0.4695892452
-75.4966200395 0.0606709962 0.7249801743 0.4695780291
-75.4965976600 0.0606710700 0.7249795112 0.4695667842
-75.4965755993 0.0606711426 0.7249788575 0.4695555333
-75.4965538779 0.0606712142 0.7249782138 0.4695442988
-75.4965325161 0.0606712846 0.7249775807 0.4695331027
-75.4965115344 0.0606713537 0.7249769588 0.4695219670
-75.4964909529 0.0606714215 0.7249763488 0.4695109133
-75.4964707917 0.0606714879 0.7249757512 0.4694999630
-75.4964510707 0.0606715529 0.7249751666 0.4694891369
-75.4964318093 0.0606716164 0.7249745956 0.4694784558
-75.4964130270 0.0606716783 0.7249740387 0.4694679399
-75.4963947427 0.0606717385 0.7249734967 0.4694576093
-75.4963769752 0.0606717970 0.7249729699 0.4694474836
-75.4963597427 0.0606718538 0.7249724589 0.4694375818
-75.4963430631 0.0606719088 0.7249719644 0.4694279229
-75.4963269540 0.0606719618 0.7249714867 0.4694185252
-75.4963114322 0.0606720130 0.7249710264 0.4694094067
-75.4962965143 0.0606720621 0.7249705840 0.4694005846
-75.4962822162 0.0606721092 0.7249701600 0.4693920761
-75.4962685533 0.0606721543 0.7249697548 0.4693838974
-75.4962555404 0.0606721971 0.7249693689 0.4693760644
-75.4962431916 0.0606722378 0.7249690027 0.4693685924
-75.4962315206 0.0606722763 0.7249686565 0.4693614959
-75.4962205402 0.0606723124 0.7249683308 0.4693547888
-75.4962102624 0.0606723463 0.7249680260 0.4693484844
-75.4962006988 0.0606723778 0.7249677423 0.4693425951
-75.4961918601 0.0606724069 0.7249674801 0.4693371325
-75.4961837560 0.0606724336 0.7249672398 0.4693321075
-75.4961763958 0.0606724579 0.7249670214 0.4693275302
-75.4961697877 0.0606724797 0.7249668254 0.4693234097
-75.4961639393 0.0606724989 0.7249666519 0.4693197542
-75.4961588571 0.0606725157 0.7249665012 0.4693165711
-75.4961545469 0.0606725299 0.7249663733 0.4693138667
-75.4961510137 0.0606725415 0.7249662685 0.4693116466
-75.4961482614 0.0606725506 0.7249661869 0.4693099152
-75.4961462932 0.0606725571 0.7249661285 0.4693086759
-75.4961451115 0.0606725610 0.7249660934 0.4693079314
-75.4961447176 0.0606725623 0.7249660817 0.4693076851
-75.4974841746 0.0606681494 0.7250057423 0.4698259318
-75.4974647981 0.0606682132 0.7250051697 0.4698243615
-75.4974421081 0.0606682880 0.7250044992 0.4698224250
-75.4974187560 0.0606683649 0.7250038091 0.4698203109
-75.4973951967 0.0606684425 0.7250031129 0.4698180195
-75.4973715086 0.0606685205 0.7250024128 0.4698155227
-75.4973477061 0.0606685989 0.7250017093 0.4698127893
-75.4973237932 0.0606686777 0.7250010025 0.4698097900
-75.4972997726 0.0606687569 0.7250002924 0.4698064979
-75.4972756475 0.0606688363 0.7249995792 0.4698028892
-75.4972514220 0.0606689161 0.7249988630 0.4697989430
-75.4972271008 0.0606689963 0.7249981438 0.4697946416
-75.4972026896 0.0606690767 0.7249974220 0.4697899708
-75.4971781952 0.0606691574 0.7249966976 0.4697849197
-75.4971536251 0.0606692383 0.7249959710 0.4697794805
-75.4971289878 0.0606693195 0.7249952422 0.4697736489
-75.4971042930 0.0606694008 0.7249945118 0.4697674235
-75.4970795509 0.0606694824 0.7249937798 0.4697608060
-75.4970547730 0.0606695640 0.7249930467 0.4697538010
-75.4970299715 0.0606696457 0.7249923129 0.4697464155
-75.4970051595 0.0606697274 0.7249915787 0.4697386592
-75.4969803509 0.0606698092 0.7249908445 0.4697305437
-75.4969555603 0.0606698908 0.7249901107 0.4697220828
-75.4969308032 0.0606699724 0.7249893779 0.4697132920
-75.4969060956 0.0606700538 0.7249886466 0.4697041883
-75.4968814543 0.0606701350 0.7249879171 0.4696947901
-75.4968568966 0.0606702159 0.7249871900 0.4696851168
-75.4968324403 0.0606702965 0.7249864658 0.4696751890
-75.4968081037 0.0606703766 0.7249857452 0.4696650278
-75.4967839056 0.0606704564 0.7249850286 0.4696546551
-75.4967598652 0.0606705356 0.7249843166 0.4696440932
-75.4967360017 0.0606706142 0.7249836098 0.4696333647
-75.4967123352 0.0606706922 0.7249829087 0.4696224927
-75.4966888854 0.0606707694 0.7249822141 0.4696115001
-75.4966656726 0.0606708459 0.7249815264 0.4696004099
-75.4966427172 0.0606709215 0.7249808463 0.4695892452
-75.4966200395 0.0606709962 0.7249801743 0.4695780291
-75.4965976600 0.0606710700 0.7249795112 0.4695667842
-75.4965755993 0.0606711426 0.7249788575 0.4695555333
-75.4965538779 0.0606712142 0.7249782138 0.4695442988
-75.4965325161 0.0606712846 0.7249775807 0.4695331027
-75.4965115344 0.0606713537 0.7249769588 0.4695219670
-75.4964909529 0.0606714215 0.7249763488 0.4695109133
-75.4964707917 0.0606714879 0.7249757512 0.4694999630
-75.4964510707 0.0606715529 0.7249751666 0.4694891369
-75.4964318093 0.0606716164 0.7249745956 0.4694784558
-75.4964130270 0.0606716783 0.7249740387 0.4694679399
-75.4963947427 0.0606717385 0.7249734967 0.4694576093
-75.4963769752 0.0606717970 0.7249729699 0.4694474836
-75.4963597427 0.0606718538 0.7249724589 0.4694375818
-75.4963430632 0.0606719088 0.7249719644 0.4694279229
-75.4963269540 0.0606719618 0.7249714867 0.4694185252
-75.4963114322 0.0606720130 0.7249710264 0.4694094067
-75.4962965143 0.0606720621 0.7249705840 0.4694005846
-75.4962822162 0.0606721092 0.7249701600 0.4693920761
-75.4962685533 0.0606721543 0.7249697548 0.4693838974
-75.4962555404 0.0606721971 0.7249693689 0.4693760644
-75.4962431916 0.0606722378 0.7249690027 0.4693685924
-75.4962315206 0.0606722763 0.7249686565 0.4693614959
-75.4962205402 0.0606723124 0.7249683308 0.4693547888
-75.4962102624 0.0606723463 0.7249680260 0.4693484844
-75.4962006988 0.0606723778 0.7249677423 0.4693425951
-75.4961918601 0.0606724069 0.7249674801 0.4693371325
-75.4961837560 0.0606724336 0.7249672398 0.4693321075
-75.4961763958 0.0606724579 0.7249670214 0.4693275302
-75.4961697877 0.0606724797 0.7249668254 0.4693234097
-75.4961639393 0.0606724989 0.7249666519 0.4693197542
-75.4961588571 0.0606725157 0.7249665012 0.4693165711
-75.4961545469 0.0606725299 0.7249663733 0.4693138667
-75.4961510137 0.0606725415 0.7249662685 0.4693116466
-75.4961482614 0.0606725506 0.7249661869 0.4693099152
-75.4961462933 0.0606725571 0.7249661285 0.4693086759
-75.4961451115 0.0606725610 0.7249660934 0.4693079314
-75.4961447176 0.0606725623 0.7249660817 0.4693076851
-75.4974841746 0.0606681494 0.7250057423 0.4698259318
-75.4974647981 0.0606682132 0.7250051697 0.4698243615
-75.4974421081 0.0606682880 0.7250044992 0.4698224250
-75.4974187560 0.0606683649 0.7250038091 0.4698203109
-75.4973951967 0.0606684425 0.7250031129 0.4698180195
-75.4973715086 0.0606685205 0.7250024128 0.4698155227
-75.4973477061 0.0606685989 0.7250017093 0.4698127893
-75.4973237932 0.0606686777 0.7250010025 0.4698097900
-75.4972997726 0.0606687569 0.7250002924 0.4698064979
-75.4972756475 0.0606688363 0.7249995792 0.4698028892
-75.4972514220 0.0606689161 0.7249988630 0.4697989430
-75.4972271008 0.0606689963 0.7249981438 0.4697946416
-75.4972026896 0.0606690767 0.7249974220 0.4697899708
-75.4971781952 0.0606691574 0.7249966976 0.4697849197
-75.4971536251 0.0606692383 0.7249959710 0.4697794805
-75.4971289878 0.0606693195 0.7249952422 0.4697736489
-75.4971042930 0.0606694008 0.7249945118 0.4697674235
-75.4970795509 0.0606694824 0.7249937798 0.4697608060
-75.4970547730 0.0606695640 0.7249930467 0.4697538010
-75.4970299715 0.0606696457 0.7249923129 0.4697464155
-75.4970051595 0.0606697274 0.7249915787 0.4697386592
-75.4969803509 0.0606698092 0.7249908445 0.4697305437
-75.4969555603 0.0606698908 0.7249901107 0.4697220828
-75.4969308032 0.0606699724 0.7249893779 0.4697132920
-75.4969060956 0.0606700538 0.7249886466 0.4697041883
-75.4968814543 0.0606701350 0.7249879171 0.4696947901
-75.4968568966 0.0606702159 0.7249871900 0.4696851168
-75.4968324403 0.0606702965 0.7249864658 0.4696751890
-75.4968081037 0.0606703766 0.7249857452 0.4696650278
-75.4967839056 0.0606704564 0.7249850286 0.4696546551
-75.4967598652 0.0606705356 0.7249843166 0.4696440932
-75.4967360017 0.0606706142 0.7249836098 0.4696333647
-75.4967123352 0.0606706922 0.7249829087 0.4696224927
-75.4966888854 0.0606707694 0.7249822141 0.4696115001
-75.4966656726 0.0606708459 0.7249815264 0.4696004099
-75.4966427172 0.0606709215 0.7249808463 0.4695892452
-75.4966200395 0.0606709962 0.7249801743 0.4695780291
-75.4965976600 0.0606710700 0.7249795112 0.4695667842
-75.4965755993 0.0606711426 0.7249788575 0.4695555333
-75.4965538779 0.0606712142 0.7249782138 0.4695442988
-75.4965325161 0.0606712846 0.7249775807 0.4695331027
-75.4965115344 0.0606713537 0.7249769588 0.4695219670
-75.4964909529 0.0606714215 0.7249763488 0.4695109133
-75.4964707917 0.0606714879 0.7249757512 0.4694999630
-75.4964510707 0.0606715529 0.7249751666 0.4694891369
-75.4964318093 0.0606716164 0.7249745956 0.4694784558
-75.4964130270 0.0606716783 0.7249740387 0.4694679399
-75.4963947427 0.0606717385 0.7249734967 0.4694576093
-75.4963769752 0.0606717970 0.7249729699 0.4694474836
-75.4963597427 0.0606718538 0.7249724589 0.4694375818
-75.4963430631 0.0606719088 0.7249719644 0.4694279229
-75.4963269540 0.0606719618 0.7249714867 0.4694185252
-75.4963114322 0.0606720130 0.7249710264 0.4694094067
-75.4962965143 0.0606720621 0.7249705840 0.4694005846
-75.4962822162 0.0606721092 0.7249701600 0.4693920761
-75.4962685532 0.0606721543 0.7249697548 0.4693838974
-75.4962555403 0.0606721971 0.7249693689 0.4693760644
-75.4962431916 0.0606722378 0.7249690027 0.4693685924
-75.4962315206 0.0606722763 0.7249686565 0.4693614959
-75.4962205402 0.0606723124 0.7249683308 0.4693547888
-75.4962102624 0.0606723463 0.7249680260 0.4693484844
-75.4962006988 0.0606723778 0.7249677423 0.4693425951
-75.4961918601 0.0606724069 0.7249674801 0.4693371325
-75.4961837560 0.0606724336 0.7249672398 0.4693321075
-75.4961763958 0.0606724579 0.7249670214 0.4693275302
-75.4961697877 0.0606724797 0.7249668254 0.4693234097
-75.4961639393 0.0606724989 0.7249666519 0.4693197542
-75.4961588571 0.0606725157 0.7249665012 0.4693165711
-75.4961545469 0.0606725299 0.7249663733 0.4693138667
-75.4961510137 0.0606725415 0.7249662685 0.4693116466
-75.4961482614 0.0606725506 0.7249661869 0.4693099152
-75.4961462932 0.0606725571 0.7249661285 0.4693086759
-75.4961451114 0.0606725610 0.7249660934 0.4693079314
-75.4961447176 0.0606725623 0.7249660817 0.4693076851
-75.4974841746 0.0606681494 0.7250057423 0.4698259318
-75.4974647981 0.0606682132 0.7250051697 0.4698243615
-75.4974421081 0.0606682880 0.7250044992 0.4698224250
-75.4974187560 0.0606683649 0.7250038091 0.4698203109
-75.4973951967 0.0606684425 0.7250031129 0.4698180195
-75.4973715086 0.0606685205 0.7250024128 0.4698155227
-75.4973477061 0.0606685989 0.7250017093 0.4698127893
-75.4973237932 0.0606686777 0.7250010025 0.4698097900
-75.4972997726 0.0606687569 0.7250002924 0.4698064979
-75.4972756475 0.0606688363 0.7249995792 0.4698028892
-75.4972514220 0.0606689161 0.7249988630 0.4697989430
-75.4972271008 0.0606689963 0.7249981438 0.4697946416
-75.4972026896 0.0606690767 0.7249974220 0.4697899708
-75.4971781952 0.0606691574 0.7249966976 0.4697849197
-75.4971536251 0.0606692383 0.7249959710 0.4697794805
-75.4971289878 0.0606693195 0.7249952422 0.4697736489
-75.4971042930 0.0606694008 0.7249945118 0.4697674235
-75.4970795509 0.0606694824 0.7249937798 0.4697608060
-75.4970547730 0.0606695640 0.7249930467 0.4697538010
-75.4970299715 0.0606696457 0.7249923129 0.4697464156
-75.4970051595 0.0606697274 0.7249915787 0.4697386592
-75.4969803509 0.0606698092 0.7249908445 0.4697305437
-75.4969555603 0.0606698908 0.7249901107 0.4697220829
-75.4969308032 0.0606699724 0.7249893779 0.4697132920
-75.4969060956 0.0606700538 0.7249886466 0.4697041883
-75.4968814543 0.0606701350 0.7249879171 0.4696947901
-75.4968568966 0.0606702159 0.7249871900 0.4696851168
-75.4968324403 0.0606702965 0.7249864658 0.4696751890
-75.4968081037 0.0606703766 0.7249857452 0.4696650278
-75.4967839056 0.0606704564 0.7249850286 0.4696546551
-75.4967598651 0.0606705356 0.7249843166 0.4696440932
-75.4967360017 0.0606706142 0.7249836098 0.4696333648
-75.4967123352 0.0606706922 0.7249829087 0.4696224927
-75.4966888854 0.0606707694 0.7249822141 0.4696115001
-75.4966656726 0.0606708459 0.7249815264 0.4696004099
-75.4966427172 0.0606709215 0.7249808463 0.4695892453
-75.4966200395 0.0606709962 0.7249801743 0.4695780291
-75.4965976600 0.0606710700 0.7249795112 0.4695667843
-75.4965755993 0.0606711426 0.7249788575 0.4695555333
-75.4965538779 0.0606712142 0.7249782138 0.4695442988
-75.4965325161 0.0606712846 0.7249775807 0.4695331027
-75.4965115344 0.0606713537 0.7249769588 0.4695219670
-75.4964909529 0.0606714215 0.7249763488 0.4695109133
-75.4964707917 0.0606714879 0.7249757512 0.4694999630
-75.4964510706 0.0606715529 0.7249751666 0.4694891369
-75.4964318093 0.0606716164 0.7249745956 0.4694784558
-75.4964130270 0.0606716783 0.7249740387 0.4694679399
-75.4963947427 0.0606717385 0.7249734967 0.4694576093
-75.4963769752 0.0606717970 0.7249729699 0.4694474836
-75.4963597427 0.0606718538 0.7249724589 0.4694375818
-75.4963430631 0.0606719088 0.7249719644 0.4694279230
-75.4963269540 0.0606719618 0.7249714867 0.4694185253
-75.4963114322 0.0606720130 0.7249710264 0.4694094067
-75.4962965142 0.0606720621 0.7249705840 0.4694005846
-75.4962822161 0.0606721092 0.7249701600 0.4693920761
-75.4962685532 0.0606721543 0.7249697548 0.4693838974
-75.4962555403 0.0606721971 0.7249693689 0.4693760644
-75.4962431916 0.0606722378 0.7249690027 0.4693685924
-75.4962315206 0.0606722763 0.7249686565 0.4693614959
-75.4962205401 0.0606723124 0.7249683308 0.4693547889
-75.4962102624 0.0606723463 0.7249680260 0.4693484844
-75.4962006988 0.0606723778 0.7249677423 0.4693425951
-75.4961918600 0.0606724069 0.7249674801 0.4693371325
-75.4961837560 0.0606724336 0.7249672398 0.4693321075
-75.4961763958 0.0606724579 0.7249670214 0.4693275302
-75.4961697877 0.0606724797 0.7249668254 0.4693234097
-75.4961639392 0.0606724989 0.7249666519 0.4693197542
-75.4961588570 0.0606725157 0.7249665012 0.4693165711
-75.4961545469 0.0606725299 0.7249663733 0.4693138667
-75.4961510136 0.0606725415 0.7249662685 0.4693116466
-75.4961482614 0.0606725506 0.7249661869 0.4693099152
-75.4961462932 0.0606725571 0.7249661285 0.4693086760
-75.4961451114 0.0606725610 0.7249660934 0.4693079314
-75.4961447173 0.0606725623 0.7249660817 0.4693076831
-75.4974819825 0.0606681566 0.7250056778 0.4698256146
-75.4974602184 0.0606682283 0.7250050351 0.4698236999
-75.4974351086 0.0606683110 0.7250042934 0.4698214163
-75.4974093328 0.0606683959 0.7250035321 0.4698189565
-75.4973833514 0.0606684815 0.7250027647 0.4698163223
-75.4973572442 0.0606685675 0.7250019934 0.4698134858
-75.4973310264 0.0606686539 0.7250012189 0.4698104164
-75.4973047026 0.0606687406 0.7250004412 0.4698070849
-75.4972782761 0.0606688277 0.7249996604 0.4698034649
-75.4972517507 0.0606689151 0.7249988766 0.4697995325
-75.4972251308 0.0606690028 0.7249980900 0.4697952670
-75.4971984220 0.0606690907 0.7249973007 0.4697906508
-75.4971716304 0.0606691790 0.7249965088 0.4697856696
-75.4971447632 0.0606692675 0.7249957147 0.4697803123
-75.4971178285 0.0606693562 0.7249949185 0.4697745711
-75.4970908353 0.0606694452 0.7249941205 0.4697684411
-75.4970637937 0.0606695343 0.7249933210 0.4697619208
-75.4970367145 0.0606696235 0.7249925203 0.4697550115
-75.4970096094 0.0606697128 0.7249917188 0.4697477172
-75.4969824913 0.0606698021 0.7249909169 0.4697400445
-75.4969553735 0.0606698914 0.7249901148 0.4697320025
-75.4969282705 0.0606699807 0.7249893131 0.4697236023
-75.4969011973 0.0606700699 0.7249885123 0.4697148570
-75.4968741697 0.0606701590 0.7249877127 0.4697057815
-75.4968472043 0.0606702478 0.7249869149 0.4696963921
-75.4968203181 0.0606703364 0.7249861194 0.4696867066
-75.4967935290 0.0606704246 0.7249853266 0.4696767437
-75.4967668551 0.0606705125 0.7249845372 0.4696665233
-75.4967403152 0.0606706000 0.7249837517 0.4696560660
-75.4967139284 0.0606706869 0.7249829707 0.4696453928
-75.4966877145 0.0606707732 0.7249821948 0.4696345255
-75.4966616932 0.0606708590 0.7249814244 0.4696234862
-75.4966358848 0.0606709440 0.7249806604 0.4696122971
-75.4966103097 0.0606710283 0.7249799032 0.4696009806
-75.4965849886 0.0606711117 0.7249791534 0.4695895593
-75.4965599424 0.0606711942 0.7249784117 0.4695780557
-75.4965351919 0.0606712757 0.7249776788 0.4695664922
-75.4965107582 0.0606713562 0.7249769551 0.4695548912
-75.4964866624 0.0606714356 0.7249762415 0.4695432750
-75.4964629255 0.0606715138 0.7249755384 0.4695316654
-75.4964395685 0.0606715908 0.7249748465 0.4695200844
-75.4964166125 0.0606716664 0.7249741665 0.4695085535
-75.4963940782 0.0606717407 0.7249734989 0.4694970942
-75.4963719863 0.0606718134 0.7249728444 0.4694857275
-75.4963503573 0.0606718847 0.7249722036 0.4694744743
-75.4963292115 0.0606719544 0.7249715771 0.4694633552
-75.4963085691 0.0606720224 0.7249709654 0.4694523905
-75.4962884496 0.0606720887 0.7249703692 0.4694416002
-75.4962688727 0.0606721532 0.7249697891 0.4694310041
-75.4962498573 0.0606722158 0.7249692255 0.4694206215
-75.4962314222 0.0606722765 0.7249686792 0.4694104716
-75.4962135856 0.0606723353 0.7249681505 0.4694005729
-75.4961963655 0.0606723920 0.7249676402 0.4693909440
-75.4961797791 0.0606724467 0.7249671485 0.4693816027
-75.4961638434 0.0606724992 0.7249666762 0.4693725665
-75.4961485747 0.0606725495 0.7249662236 0.4693638524
-75.4961339886 0.0606725976 0.7249657912 0.4693554771
-75.4961201004 0.0606726433 0.7249653795 0.4693474565
-75.4961069246 0.0606726867 0.7249649889 0.4693398059
-75.4960944749 0.0606727277 0.7249646198 0.4693325402
-75.4960827645 0.0606727663 0.7249642727 0.4693256735
-75.4960718059 0.0606728024 0.7249639478 0.4693192192
-75.4960616107 0.0606728360 0.7249636455 0.4693131899
-75.4960521899 0.0606728671 0.7249633662 0.4693075976
-75.4960435537 0.0606728955 0.7249631102 0.4693024533
-75.4960357113 0.0606729214 0.7249628776 0.4692977673
-75.4960286712 0.0606729446 0.7249626689 0.4692935490
-75.4960224412 0.0606729651 0.7249624842 0.4692898067
-75.4960170280 0.0606729829 0.7249623237 0.4692865480
-75.4960124375 0.0606729980 0.7249621876 0.4692837794
-75.4960086747 0.0606730104 0.7249620760 0.4692815065
-75.4960057438 0.0606730201 0.7249619891 0.4692797340
-75.4960036480 0.0606730270 0.7249619269 0.4692784653
-75.4960023896 0.0606730311 0.7249618896 0.4692777031
-75.4960019700 0.0606730325 0.7249618772 0.4692774488
-75.4974819825 0.0606681566 0.7250056778 0.4698256146
-75.4974602184 0.0606682283 0.7250050351 0.4698236999
-75.4974351086 0.0606683110 0.7250042934 0.4698214163
-75.4974093328 0.0606683959 0.7250035321 0.4698189565
-75.4973833514 0.0606684815 0.7250027647 0.4698163223
-75.4973572442 0.0606685675 0.7250019934 0.4698134858
-75.4973310264 0.0606686539 0.7250012189 0.4698104164
-75.4973047026 0.0606687406 0.7250004412 0.4698070849
-75.4972782761 0.0606688277 0.7249996604 0.4698034649
-75.4972517507 0.0606689151 0.7249988766 0.4697995325
-75.4972251308 0.0606690028 0.7249980900 0.4697952670
-75.4971984220 0.0606690907 0.7249973007 0.4697906508
-75.4971716304 0.0606691790 0.7249965088 0.4697856696
-75.4971447632 0.0606692675 0.7249957147 0.4697803123
-75.4971178285 0.0606693562 0.7249949185 0.4697745710
-75.4970908353 0.0606694452 0.7249941205 0.4697684411
-75.4970637937 0.0606695343 0.7249933210 0.4697619208
-75.4970367144 0.0606696235 0.7249925203 0.4697550115
-75.4970096094 0.0606697128 0.7249917188 0.4697477172
-75.4969824913 0.0606698021 0.7249909169 0.4697400445
-75.4969553735 0.0606698914 0.7249901148 0.4697320025
-75.4969282705 0.0606699807 0.7249893131 0.4697236023
-75.4969011973 0.0606700699 0.7249885123 0.4697148570
-75.4968741697 0.0606701590 0.7249877127 0.4697057814
-75.4968472043 0.0606702478 0.7249869149 0.4696963921
-75.4968203181 0.0606703364 0.7249861194 0.4696867065
-75.4967935289 0.0606704246 0.7249853266 0.4696767437
-75.4967668550 0.0606705125 0.7249845372 0.4696665233
-75.4967403151 0.0606706000 0.7249837517 0.4696560659
-75.4967139284 0.0606706869 0.7249829707 0.4696453928
-75.4966877145 0.0606707732 0.7249821948 0.4696345255
-75.4966616932 0.0606708590 0.7249814244 0.4696234862
-75.4966358848 0.0606709440 0.7249806604 0.4696122970
-75.4966103097 0.0606710283 0.7249799032 0.4696009806
-75.4965849886 0.0606711117 0.7249791534 0.4695895593
-75.4965599423 0.0606711942 0.7249784117 0.4695780556
-75.4965351919 0.0606712757 0.7249776788 0.4695664922
-75.4965107582 0.0606713562 0.7249769551 0.4695548912
-75.4964866624 0.0606714356 0.7249762415 0.4695432749
-75.4964629255 0.0606715138 0.7249755384 0.4695316654
-75.4964395685 0.0606715908 0.7249748465 0.4695200844
-75.4964166125 0.0606716664 0.7249741665 0.4695085535
-75.4963940781 0.0606717407 0.7249734989 0.4694970941
-75.4963719862 0.0606718134 0.7249728444 0.4694857274
-75.4963503573 0.0606718847 0.7249722036 0.4694744742
-75.4963292115 0.0606719544 0.7249715770 0.4694633551
-75.4963085691 0.0606720224 0.7249709654 0.4694523904
-75.4962884496 0.0606720887 0.7249703692 0.4694416002
-75.4962688727 0.0606721532 0.7249697891 0.4694310041
-75.4962498573 0.0606722158 0.7249692255 0.4694206215
-75.4962314222 0.0606722765 0.7249686792 0.4694104715
-75.4962135856 0.0606723353 0.7249681505 0.4694005729
-75.4961963655 0.0606723920 0.7249676402 0.4693909440
-75.4961797791 0.0606724467 0.7249671485 0.4693816026
-75.4961638434 0.0606724992 0.7249666762 0.4693725664
-75.4961485747 0.0606725495 0.7249662236 0.4693638524
-75.4961339887 0.0606725976 0.7249657912 0.4693554771
-75.4961201004 0.0606726433 0.7249653795 0.4693474564
-75.4961069246 0.0606726867 0.7249649889 0.4693398059
-75.4960944749 0.0606727277 0.7249646198 0.4693325402
-75.4960827645 0.0606727663 0.7249642727 0.4693256735
-75.4960718059 0.0606728024 0.7249639478 0.4693192191
-75.4960616107 0.0606728360 0.7249636455 0.4693131899
-75.4960521900 0.0606728671 0.7249633662 0.4693075976
-75.4960435537 0.0606728955 0.7249631102 0.4693024533
-75.4960357113 0.0606729214 0.7249628776 0.4692977673
-75.4960286713 0.0606729446 0.7249626689 0.4692935490
-75.4960224412 0.0606729651 0.7249624842 0.4692898067
-75.4960170280 0.0606729829 0.7249623237 0.4692865480
-75.4960124375 0.0606729980 0.7249621876 0.4692837794
-75.4960086747 0.0606730104 0.7249620760 0.4692815065
-75.4960057438 0.0606730201 0.7249619891 0.4692797340
-75.4960036480 0.0606730270 0.7249619269 0.4692784653
-75.4960023896 0.0606730311 0.7249618896 0.4692777030
-75.4960019702 0.0606730325 0.7249618772 0.4692774509
