-75.3910298777 0.0610187830 0.7223381352 0.4722640840
-75.3910264935 0.0610187942 0.7223380347 0.4722599307
-75.3910163480 0.0610188278 0.7223377332 0.4722474723
-75.3909994660 0.0610188837 0.7223372315 0.4722267476
-75.3909759007 0.0610189617 0.7223365313 0.4721979406
-75.3909457543 0.0610190616 0.7223356356 0.4721615724
-75.3908922412 0.0610192388 0.7223340390 0.4719558584
-75.3908518541 0.0610193725 0.7223328402 0.4719280213
-75.3908061504 0.0610195239 0.7223314840 0.4719005385
-75.3907551804 0.0610196926 0.7223299718 0.4718734586
-75.3906989926 0.0610198787 0.7223283051 0.4718468192
-75.3906376339 0.0610200819 0.7223264853 0.4718206481
-75.3905711497 0.0610203021 0.7223245137 0.4717949657
-75.3904995841 0.0610205390 0.7223223917 0.4717697862
-75.3904229796 0.0610207927 0.7223201205 0.4717451180
-75.3903413779 0.0610210629 0.7223177014 0.4717209652
-75.3902548190 0.0610213496 0.7223151356 0.4716973276
-75.3901633422 0.0610216525 0.7223124241 0.4716742019
-75.3900669857 0.0610219716 0.7223095682 0.4716515819
-75.3899657863 0.0610223067 0.7223065690 0.4716294588
-75.3898597803 0.0610226578 0.7223034274 0.4716078215
-75.3897490028 0.0610230246 0.7223001446 0.4715866572
-75.3896334882 0.0610234072 0.7222967215 0.4715659516
-75.3895132700 0.0610238053 0.7222931592 0.4715456886
-75.3893883807 0.0610242189 0.7222894585 0.4715258505
-75.3892588523 0.0610246478 0.7222856205 0.4715064191
-75.3891247162 0.0610250920 0.7222816460 0.4714873747
-75.3889860027 0.0610255514 0.7222775360 0.4714686964
-75.3888427419 0.0610260258 0.7222732912 0.4714503621
-75.3886949631 0.0610265152 0.7222689126 0.4714323493
-75.3885426949 0.0610270195 0.7222644009 0.4714146339
-75.3883859656 0.0610275386 0.7222597571 0.4713971906
-75.3882248029 0.0610280723 0.7222549818 0.4713799931
-75.3880592340 0.0610286206 0.7222500760 0.4713630140
-75.3878892857 0.0610291835 0.7222450403 0.4713462239
-75.3877149843 0.0610297607 0.7222398755 0.4713295917
-75.3875363559 0.0610303523 0.7222345823 0.4713130851
-75.3873534260 0.0610309582 0.7222291616 0.4712966695
-75.3871662200 0.0610315782 0.7222236140 0.4712803074
-75.3869747628 0.0610322123 0.7222179401 0.4712639597
-75.3867790794 0.0610328604 0.7222121409 0.4712475841
-75.3865791940 0.0610335225 0.7222062168 0.4712311347
-75.3863751313 0.0610341983 0.7222001687 0.4712145626
-75.3861669153 0.0610348880 0.7221939971 0.4711978151
-75.3859545701 0.0610355913 0.7221877029 0.4711808346
-75.3857381198 0.0610363082 0.7221812866 0.4711635588
-75.3855175885 0.0610370387 0.7221747490 0.4711459205
-75.3852930001 0.0610377826 0.7221680907 0.4711278457
-75.3850643786 0.0610385399 0.7221613123 0.4711092534
-75.3848317483 0.0610393104 0.7221544147 0.4710900558
-75.3845951335 0.0610400942 0.7221473984 0.4710701552
-75.3843545585 0.0610408911 0.7221402641 0.4710494440
-75.3841100480 0.0610417010 0.7221330126 0.4710278035
-75.3838616267 0.0610425239 0.7221256445 0.4710051001
-75.3836093195 0.0610433597 0.7221181605 0.4709811850
-75.3833531511 0.0610442083 0.7221105613 0.4709558898
-75.3830931463 0.0610450696 0.7221028476 0.4709290222
-75.3828293295 0.0610459436 0.7220950201 0.4709003616
-75.3825617241 0.0610468301 0.7220870794 0.4708696504
-75.3822903524 0.0610477291 0.7220790262 0.4708365856
-75.3820152341 0.0610486405 0.7220708610 0.4708008035
-75.3817363854 0.0610495643 0.7220625842 0.4707618614
-75.3814538163 0.0610505005 0.7220541960 0.4707192086
-75.3811675280 0.0610514489 0.7220456964 0.4706721467
-75.3808775071 0.0610524098 0.7220370851 0.4706197677
-75.3805837175 0.0610533832 0.7220283607 0.4705608603
-75.3802860874 0.0610543693 0.7220195211 0.4704937583
-75.3799844847 0.0610553685 0.7220105623 0.4704160815
-75.3796786713 0.0610563818 0.7220014770 0.4703242478
-75.3793682000 0.0610574105 0.7219922517 0.4702124007
-75.3790521203 0.0610584578 0.7219828576 0.4700694026
-75.3787276489 0.0610595329 0.7219732108 0.4698654268
-75.3783847090 0.0610606693 0.7219630076 0.4694965107
-75.3780547250 0.0610617627 0.7219531941 0.4692500731
-75.3777473239 0.0610627813 0.7219440571 0.4691415557
-75.3774990339 0.0610636041 0.7219366785 0.4690874208
-75.3775067054 0.0610635786 0.7219369067 0.4690899497
-75.3774810622 0.0610636636 0.7219361443 0.4690835305
-75.3774491277 0.0610637694 0.7219351947 0.4690746811
-75.3774155550 0.0610638807 0.7219341962 0.4690645557
-75.3773811607 0.0610639946 0.7219331731 0.4690533892
-75.3773461046 0.0610641108 0.7219321301 0.4690412656
-75.3773104358 0.0610642290 0.7219310687 0.4690282462
-75.3772741855 0.0610643491 0.7219299898 0.4690143893
-75.3772373828 0.0610644711 0.7219288943 0.4689997526
-75.3772000577 0.0610645948 0.7219277830 0.4689843934
-75.3771622409 0.0610647201 0.7219266570 0.4689683677
-75.3771239641 0.0610648469 0.7219255171 0.4689517299
-75.3770852598 0.0610649752 0.7219243643 0.4689345324
-75.3770461611 0.0610651048 0.7219231996 0.4689168255
-75.3770067016 0.0610652355 0.7219220241 0.4688986568
-75.3769669156 0.0610653674 0.7219208387 0.4688800716
-75.3769268375 0.0610655002 0.7219196444 0.4688611125
-75.3768865024 0.0610656339 0.7219184424 0.4688418196
-75.3768459452 0.0610657683 0.7219172337 0.4688222302
-75.3768052015 0.0610659033 0.7219160192 0.4688023795
-75.3767643067 0.0610660388 0.7219148002 0.4687823000
-75.3767232966 0.0610661747 0.7219135776 0.4687620222
-75.3766822069 0.0610663109 0.7219123525 0.4687415742
-75.3766410734 0.0610664472 0.7219111260 0.4687209825
-75.3765999321 0.0610665835 0.7219098992 0.4687002715
-75.3765588189 0.0610667198 0.7219086732 0.4686794641
-75.3765177696 0.0610668558 0.7219074490 0.4686585817
-75.3764768202 0.0610669915 0.7219062276 0.4686376445
-75.3764360065 0.0610671268 0.7219050102 0.4686166715
-75.3763953643 0.0610672615 0.7219037979 0.4685956808
-75.3763549294 0.0610673955 0.7219025917 0.4685746898
-75.3763147374 0.0610675287 0.7219013926 0.4685537152
-75.3762748239 0.0610676610 0.7219002018 0.4685327734
-75.3762352246 0.0610677922 0.7218990203 0.4685118804
-75.3761959747 0.0610679223 0.7218978491 0.4684910520
-75.3761571096 0.0610680511 0.7218966894 0.4684703041
-75.3761186644 0.0610681785 0.7218955421 0.4684496528
-75.3760806743 0.0610683044 0.7218944084 0.4684291146
-75.3760431740 0.0610684287 0.7218932892 0.4684087061
-75.3760061984 0.0610685512 0.7218921856 0.4683884444
-75.3759697820 0.0610686719 0.7218910987 0.4683683474
-75.3759339590 0.0610687906 0.7218900294 0.4683484336
-75.3758987636 0.0610689073 0.7218889788 0.4683287226
-75.3758642297 0.0610690217 0.7218879479 0.4683092345
-75.3758303910 0.0610691339 0.7218869377 0.4682899904
-75.3757972805 0.0610692436 0.7218859492 0.4682710124
-75.3757649314 0.0610693508 0.7218849834 0.4682523236
-75.3757333762 0.0610694554 0.7218840413 0.4682339482
-75.3757026470 0.0610695572 0.7218831238 0.4682159115
-75.3756727757 0.0610696562 0.7218822319 0.4681982396
-75.3756437933 0.0610697523 0.7218813665 0.4681809594
-75.3756157306 0.0610698453 0.7218805285 0.4681640984
-75.3755886175 0.0610699352 0.7218797188 0.4681476851
-75.3755624835 0.0610700218 0.7218789384 0.4681317483
-75.3755373571 0.0610701050 0.7218781880 0.4681163173
-75.3755132661 0.0610701849 0.7218774685 0.4681014215
-75.3754902375 0.0610702612 0.7218767808 0.4680870902
-75.3754682972 0.0610703339 0.7218761255 0.4680733520
-75.3754474702 0.0610704030 0.7218755035 0.4680602351
-75.3754277803 0.0610704682 0.7218749154 0.4680477670
-75.3754092504 0.0610705296 0.7218743619 0.4680359740
-75.3753919018 0.0610705871 0.7218738437 0.4680248816
-75.3753757548 0.0610706406 0.7218733614 0.4680145137
-75.3753608285 0.0610706901 0.7218729156 0.4680048926
-75.3753471402 0.0610707355 0.7218725067 0.4679960391
-75.3753347063 0.0610707767 0.7218721353 0.4679879723
-75.3753235412 0.0610708137 0.7218718018 0.4679807091
-75.3753136584 0.0610708464 0.7218715065 0.4679742649
-75.3753050695 0.0610708749 0.7218712500 0.4679686532
-75.3752977846 0.0610708990 0.7218710324 0.4679638854
-75.3752918124 0.0610709188 0.7218708540 0.4679599713
-75.3752871600 0.0610709343 0.7218707150 0.4679569189
-75.3752838329 0.0610709453 0.7218706156 0.4679547343
-75.3752818350 0.0610709519 0.7218705559 0.4679534218
-75.3752811688 0.0610709541 0.7218705360 0.4679529840
-75.3775067054 0.0610635786 0.7219369067 0.4690899497
-75.3774810622 0.0610636636 0.7219361443 0.4690835305
-75.3774491277 0.0610637694 0.7219351947 0.4690746811
-75.3774155550 0.0610638807 0.7219341962 0.4690645557
-75.3773811607 0.0610639946 0.7219331731 0.4690533892
-75.3773461046 0.0610641108 0.7219321301 0.4690412656
-75.3773104358 0.0610642290 0.7219310687 0.4690282462
-75.3772741855 0.0610643491 0.7219299898 0.4690143893
-75.3772373828 0.0610644711 0.7219288943 0.4689997526
-75.3772000577 0.0610645948 0.7219277830 0.4689843934
-75.3771622409 0.0610647201 0.7219266570 0.4689683677
-75.3771239641 0.0610648469 0.7219255171 0.4689517299
-75.3770852598 0.0610649752 0.7219243643 0.4689345324
-75.3770461611 0.0610651048 0.7219231996 0.4689168255
-75.3770067016 0.0610652355 0.7219220241 0.4688986568
-75.3769669156 0.0610653674 0.7219208387 0.4688800716
-75.3769268375 0.0610655002 0.7219196444 0.4688611125
-75.3768865024 0.0610656339 0.7219184424 0.4688418196
-75.3768459452 0.0610657683 0.7219172337 0.4688222302
-75.3768052015 0.0610659033 0.7219160192 0.4688023795
-75.3767643067 0.0610660388 0.7219148002 0.4687823000
-75.3767232966 0.0610661747 0.7219135776 0.4687620222
-75.3766822069 0.0610663109 0.7219123525 0.4687415742
-75.3766410734 0.0610664472 0.7219111260 0.4687209825
-75.3765999321 0.0610665835 0.7219098992 0.4687002715
-75.3765588189 0.0610667198 0.7219086732 0.4686794641
-75.3765177696 0.0610668558 0.7219074490 0.4686585817
-75.3764768202 0.0610669915 0.7219062276 0.4686376445
-75.3764360065 0.0610671268 0.7219050102 0.4686166715
-75.3763953643 0.0610672615 0.7219037979 0.4685956808
-75.3763549293 0.0610673955 0.7219025917 0.4685746898
-75.3763147374 0.0610675287 0.7219013926 0.4685537152
-75.3762748239 0.0610676610 0.7219002018 0.4685327734
-75.3762352245 0.0610677922 0.7218990203 0.4685118804
-75.3761959747 0.0610679223 0.7218978491 0.4684910520
-75.3761571096 0.0610680511 0.7218966894 0.4684703041
-75.3761186644 0.0610681785 0.7218955421 0.4684496528
-75.3760806743 0.0610683044 0.7218944084 0.4684291146
-75.3760431740 0.0610684287 0.7218932892 0.4684087061
-75.3760061984 0.0610685512 0.7218921856 0.4683884444
-75.3759697819 0.0610686719 0.7218910987 0.4683683474
-75.3759339590 0.0610687906 0.7218900294 0.4683484336
-75.3758987636 0.0610689073 0.7218889788 0.4683287226
-75.3758642297 0.0610690217 0.7218879479 0.4683092345
-75.3758303909 0.0610691339 0.7218869377 0.4682899904
-75.3757972805 0.0610692436 0.7218859492 0.4682710124
-75.3757649314 0.0610693508 0.7218849834 0.4682523236
-75.3757333761 0.0610694554 0.7218840413 0.4682339482
-75.3757026470 0.0610695572 0.7218831238 0.4682159115
-75.3756727757 0.0610696562 0.7218822319 0.4681982396
-75.3756437933 0.0610697523 0.7218813665 0.4681809594
-75.3756157306 0.0610698453 0.7218805285 0.4681640984
-75.3755886175 0.0610699352 0.7218797188 0.4681476851
-75.3755624835 0.0610700218 0.7218789384 0.4681317483
-75.3755373570 0.0610701050 0.7218781880 0.4681163173
-75.3755132661 0.0610701849 0.7218774685 0.4681014215
-75.3754902375 0.0610702612 0.7218767808 0.4680870902
-75.3754682972 0.0610703339 0.7218761255 0.4680733520
-75.3754474702 0.0610704030 0.7218755035 0.4680602351
-75.3754277803 0.0610704682 0.7218749154 0.4680477670
-75.3754092504 0.0610705296 0.7218743619 0.4680359740
-75.3753919018 0.0610705871 0.7218738437 0.4680248816
-75.3753757548 0.0610706406 0.7218733614 0.4680145137
-75.3753608285 0.0610706901 0.7218729156 0.4680048926
-75.3753471402 0.0610707355 0.7218725067 0.4679960391
-75.3753347062 0.0610707767 0.7218721353 0.4679879723
-75.3753235412 0.0610708137 0.7218718018 0.4679807091
-75.3753136584 0.0610708464 0.7218715065 0.4679742649
-75.3753050694 0.0610708749 0.7218712500 0.4679686532
-75.3752977845 0.0610708990 0.7218710324 0.4679638854
-75.3752918124 0.0610709188 0.7218708540 0.4679599713
-75.3752871600 0.0610709343 0.7218707150 0.4679569189
-75.3752838329 0.0610709453 0.7218706156 0.4679547343
-75.3752818350 0.0610709519 0.7218705559 0.4679534218
-75.3752811688 0.0610709541 0.7218705360 0.4679529840
-75.3775067054 0.0610635786 0.7219369067 0.4690899497
-75.3774810622 0.0610636636 0.7219361443 0.4690835305
-75.3774491277 0.0610637694 0.7219351947 0.4690746811
-75.3774155550 0.0610638807 0.7219341962 0.4690645557
-75.3773811607 0.0610639946 0.7219331731 0.4690533892
-75.3773461046 0.0610641108 0.7219321301 0.4690412656
-75.3773104358 0.0610642290 0.7219310687 0.4690282462
-75.3772741855 0.0610643491 0.7219299898 0.4690143893
-75.3772373828 0.0610644711 0.7219288943 0.4689997526
-75.3772000577 0.0610645948 0.7219277830 0.4689843934
-75.3771622409 0.0610647201 0.7219266570 0.4689683677
-75.3771239641 0.0610648469 0.7219255171 0.4689517299
-75.3770852598 0.0610649752 0.7219243643 0.4689345324
-75.3770461611 0.0610651048 0.7219231996 0.4689168255
-75.3770067016 0.0610652355 0.7219220241 0.4688986568
-75.3769669156 0.0610653674 0.7219208387 0.4688800716
-75.3769268375 0.0610655002 0.7219196444 0.4688611125
-75.3768865023 0.0610656339 0.7219184424 0.4688418196
-75.3768459452 0.0610657683 0.7219172337 0.4688222302
-75.3768052015 0.0610659033 0.7219160192 0.4688023795
-75.3767643067 0.0610660388 0.7219148002 0.4687823000
-75.3767232966 0.0610661747 0.7219135776 0.4687620222
-75.3766822069 0.0610663109 0.7219123525 0.4687415742
-75.3766410734 0.0610664472 0.7219111260 0.4687209825
-75.3765999321 0.0610665835 0.7219098992 0.4687002715
-75.3765588189 0.0610667198 0.7219086732 0.4686794641
-75.3765177696 0.0610668558 0.7219074490 0.4686585817
-75.3764768202 0.0610669915 0.7219062276 0.4686376445
-75.3764360065 0.0610671268 0.7219050102 0.4686166715
-75.3763953643 0.0610672615 0.7219037979 0.4685956808
-75.3763549293 0.0610673955 0.7219025917 0.4685746898
-75.3763147374 0.0610675287 0.7219013926 0.4685537152
-75.3762748239 0.0610676610 0.7219002018 0.4685327734
-75.3762352245 0.0610677922 0.7218990203 0.4685118804
-75.3761959747 0.0610679223 0.7218978491 0.4684910520
-75.3761571095 0.0610680511 0.7218966894 0.4684703041
-75.3761186644 0.0610681785 0.7218955421 0.4684496528
-75.3760806743 0.0610683044 0.7218944084 0.4684291146
-75.3760431740 0.0610684287 0.7218932892 0.4684087061
-75.3760061984 0.0610685512 0.7218921856 0.4683884444
-75.3759697819 0.0610686719 0.7218910987 0.4683683474
-75.3759339590 0.0610687906 0.7218900294 0.4683484336
-75.3758987636 0.0610689073 0.7218889788 0.4683287226
-75.3758642297 0.0610690217 0.7218879479 0.4683092345
-75.3758303909 0.0610691339 0.7218869377 0.4682899904
-75.3757972805 0.0610692436 0.7218859492 0.4682710124
-75.3757649314 0.0610693508 0.7218849834 0.4682523236
-75.3757333761 0.0610694554 0.7218840413 0.4682339482
-75.3757026470 0.0610695572 0.7218831238 0.4682159115
-75.3756727756 0.0610696562 0.7218822319 0.4681982396
-75.3756437933 0.0610697523 0.7218813665 0.4681809594
-75.3756157306 0.0610698453 0.7218805285 0.4681640984
-75.3755886175 0.0610699352 0.7218797188 0.4681476851
-75.3755624835 0.0610700218 0.7218789384 0.4681317483
-75.3755373570 0.0610701050 0.7218781880 0.4681163173
-75.3755132661 0.0610701849 0.7218774685 0.4681014215
-75.3754902375 0.0610702612 0.7218767808 0.4680870902
-75.3754682972 0.0610703339 0.7218761255 0.4680733520
-75.3754474702 0.0610704030 0.7218755035 0.4680602351
-75.3754277803 0.0610704682 0.7218749154 0.4680477670
-75.3754092504 0.0610705296 0.7218743619 0.4680359740
-75.3753919018 0.0610705871 0.7218738437 0.4680248816
-75.3753757548 0.0610706406 0.7218733614 0.4680145137
-75.3753608285 0.0610706901 0.7218729156 0.4680048926
-75.3753471402 0.0610707355 0.7218725067 0.4679960391
-75.3753347062 0.0610707767 0.7218721353 0.4679879723
-75.3753235412 0.0610708137 0.7218718018 0.4679807091
-75.3753136584 0.0610708464 0.7218715065 0.4679742649
-75.3753050694 0.0610708749 0.7218712500 0.4679686532
-75.3752977845 0.0610708990 0.7218710324 0.4679638854
-75.3752918124 0.0610709188 0.7218708540 0.4679599713
-75.3752871600 0.0610709343 0.7218707150 0.4679569189
-75.3752838329 0.0610709453 0.7218706156 0.4679547343
-75.3752818350 0.0610709519 0.7218705559 0.4679534218
-75.3752811688 0.0610709541 0.7218705360 0.4679529840
-75.3775067054 0.0610635786 0.7219369067 0.4690899497
-75.3774810622 0.0610636636 0.7219361443 0.4690835305
-75.3774491277 0.0610637694 0.7219351947 0.4690746811
-75.3774155550 0.0610638807 0.7219341962 0.4690645557
-75.3773811607 0.0610639946 0.7219331731 0.4690533892
-75.3773461046 0.0610641108 0.7219321301 0.4690412656
-75.3773104358 0.0610642290 0.7219310687 0.4690282462
-75.3772741855 0.0610643491 0.7219299898 0.4690143893
-75.3772373828 0.0610644711 0.7219288943 0.4689997526
-75.3772000577 0.0610645948 0.7219277830 0.4689843934
-75.3771622409 0.0610647201 0.7219266570 0.4689683676
-75.3771239641 0.0610648469 0.7219255171 0.4689517299
-75.3770852598 0.0610649752 0.7219243643 0.4689345324
-75.3770461611 0.0610651048 0.7219231996 0.4689168255
-75.3770067016 0.0610652355 0.7219220241 0.4688986568
-75.3769669156 0.0610653674 0.7219208387 0.4688800716
-75.3769268375 0.0610655002 0.7219196444 0.4688611125
-75.3768865023 0.0610656339 0.7219184424 0.4688418196
-75.3768459452 0.0610657683 0.7219172337 0.4688222302
-75.3768052015 0.0610659033 0.7219160192 0.4688023794
-75.3767643067 0.0610660388 0.7219148002 0.4687823000
-75.3767232966 0.0610661747 0.7219135776 0.4687620221
-75.3766822069 0.0610663109 0.7219123525 0.4687415742
-75.3766410734 0.0610664472 0.7219111260 0.4687209825
-75.3765999321 0.0610665835 0.7219098992 0.4687002715
-75.3765588189 0.0610667198 0.7219086732 0.4686794640
-75.3765177696 0.0610668558 0.7219074490 0.4686585817
-75.3764768202 0.0610669915 0.7219062276 0.4686376445
-75.3764360065 0.0610671268 0.7219050102 0.4686166715
-75.3763953643 0.0610672615 0.7219037979 0.4685956808
-75.3763549293 0.0610673955 0.7219025917 0.4685746898
-75.3763147373 0.0610675287 0.7219013926 0.4685537152
-75.3762748239 0.0610676610 0.7219002018 0.4685327734
-75.3762352245 0.0610677922 0.7218990203 0.4685118803
-75.3761959747 0.0610679223 0.7218978491 0.4684910519
-75.3761571095 0.0610680511 0.7218966894 0.4684703041
-75.3761186644 0.0610681785 0.7218955421 0.4684496528
-75.3760806743 0.0610683044 0.7218944084 0.4684291145
-75.3760431740 0.0610684287 0.7218932892 0.4684087060
-75.3760061984 0.0610685512 0.7218921856 0.4683884444
-75.3759697819 0.0610686719 0.7218910987 0.4683683474
-75.3759339590 0.0610687906 0.7218900294 0.4683484336
-75.3758987636 0.0610689073 0.7218889788 0.4683287225
-75.3758642297 0.0610690217 0.7218879479 0.4683092344
-75.3758303909 0.0610691339 0.7218869377 0.4682899904
-75.3757972805 0.0610692436 0.7218859492 0.4682710124
-75.3757649314 0.0610693508 0.7218849834 0.4682523236
-75.3757333761 0.0610694554 0.7218840413 0.4682339482
-75.3757026470 0.0610695572 0.7218831238 0.4682159115
-75.3756727757 0.0610696562 0.7218822319 0.4681982396
-75.3756437933 0.0610697523 0.7218813665 0.4681809593
-75.3756157306 0.0610698453 0.7218805285 0.4681640984
-75.3755886175 0.0610699352 0.7218797188 0.4681476850
-75.3755624835 0.0610700218 0.7218789384 0.4681317482
-75.3755373571 0.0610701050 0.7218781880 0.4681163172
-75.3755132661 0.0610701849 0.7218774685 0.4681014215
-75.3754902375 0.0610702612 0.7218767808 0.4680870901
-75.3754682972 0.0610703339 0.7218761255 0.4680733519
-75.3754474702 0.0610704030 0.7218755035 0.4680602351
-75.3754277804 0.0610704682 0.7218749154 0.4680477669
-75.3754092504 0.0610705296 0.7218743619 0.4680359740
-75.3753919018 0.0610705871 0.7218738437 0.4680248816
-75.3753757549 0.0610706406 0.7218733614 0.4680145136
-75.3753608285 0.0610706901 0.7218729156 0.4680048926
-75.3753471403 0.0610707355 0.7218725067 0.4679960391
-75.3753347063 0.0610707767 0.7218721353 0.4679879722
-75.3753235413 0.0610708137 0.7218718018 0.4679807091
-75.3753136584 0.0610708464 0.7218715065 0.4679742649
-75.3753050695 0.0610708749 0.7218712500 0.4679686531
-75.3752977846 0.0610708990 0.7218710324 0.4679638854
-75.3752918124 0.0610709188 0.7218708540 0.4679599713
-75.3752871600 0.0610709343 0.7218707150 0.4679569189
-75.3752838329 0.0610709453 0.7218706156 0.4679547343
-75.3752818351 0.0610709519 0.7218705559 0.4679534217
-75.3752811692 0.0610709541 0.7218705360 0.4679529874
-75.3775067054 0.0610635786 0.7219369067 0.4690899496
-75.3774810622 0.0610636636 0.7219361443 0.4690835305
-75.3774491277 0.0610637694 0.7219351947 0.4690746811
-75.3774155550 0.0610638807 0.7219341962 0.4690645557
-75.3773811606 0.0610639946 0.7219331731 0.4690533891
-75.3773461046 0.0610641108 0.7219321301 0.4690412656
-75.3773104358 0.0610642290 0.7219310687 0.4690282462
-75.3772741855 0.0610643491 0.7219299898 0.4690143892
-75.3772373828 0.0610644711 0.7219288943 0.4689997525
-75.3772000577 0.0610645948 0.7219277830 0.4689843933
-75.3771622409 0.0610647201 0.7219266570 0.4689683676
-75.3771239641 0.0610648469 0.7219255171 0.4689517298
-75.3770852598 0.0610649752 0.7219243643 0.4689345324
-75.3770461611 0.0610651048 0.7219231996 0.4689168254
-75.3770067016 0.0610652355 0.7219220241 0.4688986568
-75.3769669156 0.0610653674 0.7219208387 0.4688800716
-75.3769268375 0.0610655002 0.7219196444 0.4688611125
-75.3768865023 0.0610656339 0.7219184424 0.4688418195
-75.3768459452 0.0610657683 0.7219172337 0.4688222301
-75.3768052014 0.0610659033 0.7219160192 0.4688023794
-75.3767643067 0.0610660388 0.7219148002 0.4687822999
-75.3767232965 0.0610661747 0.7219135776 0.4687620221
-75.3766822068 0.0610663109 0.7219123525 0.4687415742
-75.3766410734 0.0610664472 0.7219111260 0.4687209825
-75.3765999321 0.0610665835 0.7219098992 0.4687002714
-75.3765588189 0.0610667198 0.7219086732 0.4686794640
-75.3765177696 0.0610668558 0.7219074490 0.4686585816
-75.3764768202 0.0610669915 0.7219062276 0.4686376444
-75.3764360065 0.0610671268 0.7219050102 0.4686166715
-75.3763953643 0.0610672615 0.7219037979 0.4685956808
-75.3763549293 0.0610673955 0.7219025917 0.4685746897
-75.3763147373 0.0610675287 0.7219013926 0.4685537151
-75.3762748239 0.0610676610 0.7219002018 0.4685327733
-75.3762352245 0.0610677922 0.7218990203 0.4685118803
-75.3761959746 0.0610679223 0.7218978491 0.4684910519
-75.3761571095 0.0610680511 0.7218966894 0.4684703040
-75.3761186644 0.0610681785 0.7218955421 0.4684496527
-75.3760806742 0.0610683044 0.7218944084 0.4684291145
-75.3760431740 0.0610684287 0.7218932892 0.4684087060
-75.3760061984 0.0610685512 0.7218921856 0.4683884443
-75.3759697819 0.0610686719 0.7218910987 0.4683683473
-75.3759339590 0.0610687906 0.7218900294 0.4683484335
-75.3758987636 0.0610689073 0.7218889788 0.4683287225
-75.3758642297 0.0610690217 0.7218879479 0.4683092344
-75.3758303909 0.0610691339 0.7218869377 0.4682899903
-75.3757972805 0.0610692436 0.7218859492 0.4682710123
-75.3757649314 0.0610693508 0.7218849834 0.4682523235
-75.3757333761 0.0610694554 0.7218840413 0.4682339481
-75.3757026470 0.0610695572 0.7218831238 0.4682159114
-75.3756727757 0.0610696562 0.7218822319 0.4681982395
-75.3756437933 0.0610697523 0.7218813665 0.4681809593
-75.3756157306 0.0610698453 0.7218805285 0.4681640983
-75.3755886175 0.0610699352 0.7218797188 0.4681476850
-75.3755624835 0.0610700218 0.7218789384 0.4681317481
-75.3755373571 0.0610701050 0.7218781880 0.4681163172
-75.3755132661 0.0610701849 0.7218774685 0.4681014214
-75.3754902375 0.0610702612 0.7218767808 0.4680870901
-75.3754682972 0.0610703339 0.7218761255 0.4680733519
-75.3754474702 0.0610704030 0.7218755035 0.4680602350
-75.3754277804 0.0610704682 0.7218749154 0.4680477668
-75.3754092504 0.0610705296 0.7218743619 0.4680359739
-75.3753919018 0.0610705871 0.7218738437 0.4680248815
-75.3753757549 0.0610706406 0.7218733614 0.4680145136
-75.3753608285 0.0610706901 0.7218729156 0.4680048925
-75.3753471403 0.0610707355 0.7218725067 0.4679960390
-75.3753347063 0.0610707767 0.7218721353 0.4679879722
-75.3753235413 0.0610708137 0.7218718018 0.4679807090
-75.3753136585 0.0610708464 0.7218715065 0.4679742648
-75.3753050695 0.0610708749 0.7218712500 0.4679686531
-75.3752977847 0.0610708990 0.7218710324 0.4679638853
-75.3752918125 0.0610709188 0.7218708540 0.4679599712
-75.3752871601 0.0610709343 0.7218707150 0.4679569188
-75.3752838330 0.0610709453 0.7218706156 0.4679547342
-75.3752818355 0.0610709519 0.7218705559 0.4679534251
-75.3752811693 0.0610709541 0.7218705360 0.4679529872
-75.3775067054 0.0610635786 0.7219369067 0.4690899496
-75.3774810622 0.0610636636 0.7219361443 0.4690835305
-75.3774491276 0.0610637694 0.7219351947 0.4690746810
-75.3774155550 0.0610638807 0.7219341962 0.4690645557
-75.3773811606 0.0610639946 0.7219331731 0.4690533891
-75.3773461046 0.0610641108 0.7219321301 0.4690412655
-75.3773104358 0.0610642290 0.7219310687 0.4690282461
-75.3772741855 0.0610643491 0.7219299898 0.4690143892
-75.3772373828 0.0610644711 0.7219288943 0.4689997525
-75.3772000577 0.0610645948 0.7219277830 0.4689843933
-75.3771622409 0.0610647201 0.7219266570 0.4689683676
-75.3771239641 0.0610648469 0.7219255171 0.4689517298
-75.3770852598 0.0610649752 0.7219243643 0.4689345323
-75.3770461610 0.0610651048 0.7219231996 0.4689168254
-75.3770067016 0.0610652355 0.7219220241 0.4688986567
-75.3769669155 0.0610653674 0.7219208387 0.4688800715
-75.3769268375 0.0610655002 0.7219196444 0.4688611125
-75.3768865023 0.0610656339 0.7219184424 0.4688418195
-75.3768459451 0.0610657683 0.7219172336 0.4688222301
-75.3768052014 0.0610659033 0.7219160192 0.4688023794
-75.3767643066 0.0610660388 0.7219148002 0.4687822999
-75.3767232965 0.0610661747 0.7219135776 0.4687620221
-75.3766822068 0.0610663109 0.7219123525 0.4687415741
-75.3766410734 0.0610664472 0.7219111260 0.4687209824
-75.3765999321 0.0610665835 0.7219098992 0.4687002714
-75.3765588188 0.0610667198 0.7219086732 0.4686794640
-75.3765177696 0.0610668558 0.7219074490 0.4686585816
-75.3764768202 0.0610669915 0.7219062276 0.4686376444
-75.3764360064 0.0610671268 0.7219050102 0.4686166714
-75.3763953642 0.0610672615 0.7219037979 0.4685956808
-75.3763549293 0.0610673955 0.7219025917 0.4685746897
-75.3763147373 0.0610675287 0.7219013926 0.4685537151
-75.3762748239 0.0610676610 0.7219002018 0.4685327733
-75.3762352245 0.0610677922 0.7218990203 0.4685118803
-75.3761959746 0.0610679223 0.7218978491 0.4684910519
-75.3761571095 0.0610680511 0.7218966894 0.4684703040
-75.3761186643 0.0610681785 0.7218955421 0.4684496527
-75.3760806742 0.0610683044 0.7218944084 0.4684291145
-75.3760431740 0.0610684287 0.7218932892 0.4684087060
-75.3760061984 0.0610685512 0.7218921856 0.4683884443
-75.3759697819 0.0610686719 0.7218910987 0.4683683473
-75.3759339589 0.0610687906 0.7218900294 0.4683484335
-75.3758987636 0.0610689073 0.7218889788 0.4683287225
-75.3758642297 0.0610690217 0.7218879479 0.4683092343
-75.3758303909 0.0610691339 0.7218869377 0.4682899903
-75.3757972805 0.0610692436 0.7218859492 0.4682710123
-75.3757649313 0.0610693508 0.7218849834 0.4682523235
-75.3757333761 0.0610694554 0.7218840413 0.4682339481
-75.3757026470 0.0610695572 0.7218831238 0.4682159114
-75.3756727756 0.0610696562 0.7218822319 0.4681982395
-75.3756437933 0.0610697523 0.7218813665 0.4681809593
-75.3756157306 0.0610698453 0.7218805285 0.4681640983
-75.3755886175 0.0610699352 0.7218797188 0.4681476850
-75.3755624834 0.0610700218 0.7218789384 0.4681317481
-75.3755373570 0.0610701050 0.7218781880 0.4681163172
-75.3755132661 0.0610701849 0.7218774685 0.4681014214
-75.3754902375 0.0610702612 0.7218767808 0.4680870901
-75.3754682972 0.0610703339 0.7218761255 0.4680733519
-75.3754474702 0.0610704030 0.7218755035 0.4680602350
-75.3754277804 0.0610704682 0.7218749154 0.4680477668
-75.3754092504 0.0610705296 0.7218743619 0.4680359739
-75.3753919018 0.0610705871 0.7218738437 0.4680248815
-75.3753757549 0.0610706406 0.7218733614 0.4680145136
-75.3753608285 0.0610706901 0.7218729156 0.4680048925
-75.3753471403 0.0610707355 0.7218725067 0.4679960390
-75.3753347063 0.0610707767 0.7218721353 0.4679879722
-75.3753235413 0.0610708137 0.7218718018 0.4679807090
-75.3753136585 0.0610708464 0.7218715065 0.4679742648
-75.3753050695 0.0610708749 0.7218712500 0.4679686531
-75.3752977846 0.0610708990 0.7218710324 0.4679638853
-75.3752918124 0.0610709188 0.7218708540 0.4679599712
-75.3752871600 0.0610709343 0.7218707150 0.4679569188
-75.3752838330 0.0610709453 0.7218706156 0.4679547342
-75.3752818355 0.0610709519 0.7218705559 0.4679534251
-75.3752811693 0.0610709541 0.7218705360 0.4679529873
-75.3775067054 0.0610635786 0.7219369067 0.4690899496
-75.3774810622 0.0610636636 0.7219361443 0.4690835305
-75.3774491276 0.0610637694 0.7219351947 0.4690746810
-75.3774155550 0.0610638807 0.7219341962 0.4690645557
-75.3773811606 0.0610639946 0.7219331731 0.4690533891
-75.3773461046 0.0610641108 0.7219321301 0.4690412655
-75.3773104358 0.0610642290 0.7219310687 0.4690282461
-75.3772741855 0.0610643491 0.7219299898 0.4690143892
-75.3772373828 0.0610644711 0.7219288943 0.4689997525
-75.3772000577 0.0610645948 0.7219277830 0.4689843933
-75.3771622409 0.0610647201 0.7219266570 0.4689683676
-75.3771239641 0.0610648469 0.7219255171 0.4689517298
-75.3770852598 0.0610649752 0.7219243643 0.4689345323
-75.3770461610 0.0610651048 0.7219231996 0.4689168254
-75.3770067016 0.0610652355 0.7219220241 0.4688986567
-75.3769669155 0.0610653674 0.7219208387 0.4688800715
-75.3769268375 0.0610655002 0.7219196444 0.4688611125
-75.3768865023 0.0610656339 0.7219184424 0.4688418195
-75.3768459451 0.0610657683 0.7219172336 0.4688222301
-75.3768052014 0.0610659033 0.7219160192 0.4688023794
-75.3767643066 0.0610660388 0.7219148002 0.4687822999
-75.3767232965 0.0610661747 0.7219135776 0.4687620221
-75.3766822068 0.0610663109 0.7219123525 0.4687415741
-75.3766410734 0.0610664472 0.7219111260 0.4687209824
-75.3765999321 0.0610665835 0.7219098992 0.4687002714
-75.3765588188 0.0610667198 0.7219086732 0.4686794640
-75.3765177696 0.0610668558 0.7219074490 0.4686585816
-75.3764768202 0.0610669915 0.7219062276 0.4686376444
-75.3764360064 0.0610671268 0.7219050102 0.4686166714
-75.3763953642 0.0610672615 0.7219037979 0.4685956808
-75.3763549293 0.0610673955 0.7219025917 0.4685746897
-75.3763147373 0.0610675287 0.7219013926 0.4685537151
-75.3762748239 0.0610676610 0.7219002018 0.4685327733
-75.3762352245 0.0610677922 0.7218990203 0.4685118803
-75.3761959746 0.0610679223 0.7218978491 0.4684910519
-75.3761571095 0.0610680511 0.7218966894 0.4684703040
-75.3761186643 0.0610681785 0.7218955421 0.4684496527
-75.3760806742 0.0610683044 0.7218944084 0.4684291145
-75.3760431740 0.0610684287 0.7218932892 0.4684087060
-75.3760061984 0.0610685512 0.7218921856 0.4683884443
-75.3759697819 0.0610686719 0.7218910987 0.4683683473
-75.3759339589 0.0610687906 0.7218900294 0.4683484335
-75.3758987636 0.0610689073 0.7218889788 0.4683287225
-75.3758642297 0.0610690217 0.7218879479 0.4683092343
-75.3758303909 0.0610691339 0.7218869377 0.4682899903
-75.3757972805 0.0610692436 0.7218859492 0.4682710123
-75.3757649313 0.0610693508 0.7218849834 0.4682523235
-75.3757333761 0.0610694554 0.7218840413 0.4682339481
-75.3757026470 0.0610695572 0.7218831238 0.4682159114
-75.3756727756 0.0610696562 0.7218822319 0.4681982395
-75.3756437933 0.0610697523 0.7218813665 0.4681809593
-75.3756157306 0.0610698453 0.7218805285 0.4681640983
-75.3755886175 0.0610699352 0.7218797188 0.4681476850
-75.3755624835 0.0610700218 0.7218789384 0.4681317481
-75.3755373570 0.0610701050 0.7218781880 0.4681163172
-75.3755132661 0.0610701849 0.7218774685 0.4681014214
-75.3754902375 0.0610702612 0.7218767808 0.4680870901
-75.3754682972 0.0610703339 0.7218761255 0.4680733519
-75.3754474702 0.0610704030 0.7218755035 0.4680602350
-75.3754277804 0.0610704682 0.7218749154 0.4680477668
-75.3754092504 0.0610705296 0.7218743619 0.4680359739
-75.3753919018 0.0610705871 0.7218738437 0.4680248815
-75.3753757549 0.0610706406 0.7218733614 0.4680145136
-75.3753608285 0.0610706901 0.7218729156 0.4680048925
-75.3753471403 0.0610707355 0.7218725067 0.4679960390
-75.3753347063 0.0610707767 0.7218721353 0.4679879722
-75.3753235413 0.0610708137 0.7218718018 0.4679807090
-75.3753136585 0.0610708464 0.7218715065 0.4679742648
-75.3753050695 0.0610708749 0.7218712500 0.4679686531
-75.3752977846 0.0610708990 0.7218710324 0.4679638853
-75.3752918124 0.0610709188 0.7218708540 0.4679599712
-75.3752871600 0.0610709343 0.7218707150 0.4679569188
-75.3752838330 0.0610709453 0.7218706156 0.4679547342
-75.3752818355 0.0610709519 0.7218705559 0.4679534251
-75.3752811693 0.0610709541 0.7218705360 0.4679529873
-75.3775067054 0.0610635786 0.7219369067 0.4690899496
-75.3774810622 0.0610636636 0.7219361443 0.4690835305
-75.3774491276 0.0610637694 0.7219351947 0.4690746810
-75.3774155550 0.0610638807 0.7219341962 0.4690645557
-75.3773811606 0.0610639946 0.7219331731 0.4690533891
-75.3773461046 0.0610641108 0.7219321301 0.4690412655
-75.3773104358 0.0610642290 0.7219310687 0.4690282461
-75.3772741855 0.0610643491 0.7219299898 0.4690143892
-75.3772373828 0.0610644711 0.7219288943 0.4689997525
-75.3772000577 0.0610645948 0.7219277830 0.4689843933
-75.3771622409 0.0610647201 0.7219266570 0.4689683676
-75.3771239641 0.0610648469 0.7219255171 0.4689517298
-75.3770852598 0.0610649752 0.7219243643 0.4689345323
-75.3770461610 0.0610651048 0.7219231996 0.4689168254
-75.3770067016 0.0610652355 0.7219220241 0.4688986567
-75.3769669155 0.0610653674 0.7219208387 0.4688800715
-75.3769268375 0.0610655002 0.7219196444 0.4688611125
-75.3768865023 0.0610656339 0.7219184424 0.4688418195
-75.3768459451 0.0610657683 0.7219172336 0.4688222301
-75.3768052014 0.0610659033 0.7219160192 0.4688023794
-75.3767643066 0.0610660388 0.7219148002 0.4687822999
-75.3767232965 0.0610661747 0.7219135776 0.4687620221
-75.3766822068 0.0610663109 0.7219123525 0.4687415741
-75.3766410734 0.0610664472 0.7219111260 0.4687209824
-75.3765999321 0.0610665835 0.7219098992 0.4687002714
-75.3765588188 0.0610667198 0.7219086732 0.4686794640
-75.3765177696 0.0610668558 0.7219074490 0.4686585816
-75.3764768202 0.0610669915 0.7219062276 0.4686376444
-75.3764360064 0.0610671268 0.7219050102 0.4686166714
-75.3763953642 0.0610672615 0.7219037979 0.4685956808
-75.3763549293 0.0610673955 0.7219025917 0.4685746897
-75.3763147373 0.0610675287 0.7219013926 0.4685537151
-75.3762748239 0.0610676610 0.7219002018 0.4685327733
-75.3762352245 0.0610677922 0.7218990203 0.4685118803
-75.3761959746 0.0610679223 0.7218978491 0.4684910519
-75.3761571095 0.0610680511 0.7218966894 0.4684703040
-75.3761186643 0.0610681785 0.7218955421 0.4684496527
-75.3760806742 0.0610683044 0.7218944084 0.4684291145
-75.3760431740 0.0610684287 0.7218932892 0.4684087060
-75.3760061984 0.0610685512 0.7218921856 0.4683884443
-75.3759697819 0.0610686719 0.7218910987 0.4683683473
-75.3759339589 0.0610687906 0.7218900294 0.4683484335
-75.3758987636 0.0610689073 0.7218889788 0.4683287225
-75.3758642297 0.0610690217 0.7218879479 0.4683092343
-75.3758303909 0.0610691339 0.7218869377 0.4682899903
-75.3757972805 0.0610692436 0.7218859492 0.4682710123
-75.3757649313 0.0610693508 0.7218849834 0.4682523235
-75.3757333761 0.0610694554 0.7218840413 0.4682339481
-75.3757026470 0.0610695572 0.7218831238 0.4682159114
-75.3756727756 0.0610696562 0.7218822319 0.4681982395
-75.3756437933 0.0610697523 0.7218813665 0.4681809593
-75.3756157306 0.0610698453 0.7218805285 0.4681640983
-75.3755886175 0.0610699352 0.7218797188 0.4681476850
-75.3755624834 0.0610700218 0.7218789384 0.4681317481
-75.3755373570 0.0610701050 0.7218781880 0.4681163172
-75.3755132661 0.0610701849 0.7218774685 0.4681014214
-75.3754902375 0.0610702612 0.7218767808 0.4680870901
-75.3754682972 0.0610703339 0.7218761255 0.4680733519
-75.3754474702 0.0610704030 0.7218755035 0.4680602350
-75.3754277804 0.0610704682 0.7218749154 0.4680477668
-75.3754092504 0.0610705296 0.7218743619 0.4680359739
-75.3753919018 0.0610705871 0.7218738437 0.4680248815
-75.3753757549 0.0610706406 0.7218733614 0.4680145136
-75.3753608285 0.0610706901 0.7218729156 0.4680048925
-75.3753471403 0.0610707355 0.7218725067 0.4679960390
-75.3753347063 0.0610707767 0.7218721353 0.4679879722
-75.3753235413 0.0610708137 0.7218718018 0.4679807090
-75.3753136585 0.0610708464 0.7218715065 0.4679742648
-75.3753050695 0.0610708749 0.7218712500 0.4679686531
-75.3752977846 0.0610708990 0.7218710324 0.4679638853
-75.3752918124 0.0610709188 0.7218708540 0.4679599712
-75.3752871600 0.0610709343 0.7218707150 0.4679569188
-75.3752838330 0.0610709453 0.7218706156 0.4679547342
-75.3752818355 0.0610709519 0.7218705559 0.4679534251
-75.3752811693 0.0610709541 0.7218705360 0.4679529873
-75.3775067054 0.0610635786 0.7219369067 0.4690899496
-75.3774810622 0.0610636636 0.7219361443 0.4690835305
-75.3774491276 0.0610637694 0.7219351947 0.4690746810
-75.3774155550 0.0610638807 0.7219341962 0.4690645557
-75.3773811606 0.0610639946 0.7219331731 0.4690533891
-75.3773461046 0.0610641108 0.7219321301 0.4690412655
-75.3773104358 0.0610642290 0.7219310687 0.4690282461
-75.3772741855 0.0610643491 0.7219299898 0.4690143892
-75.3772373828 0.0610644711 0.7219288943 0.4689997525
-75.3772000577 0.0610645948 0.7219277830 0.4689843933
-75.3771622409 0.0610647201 0.7219266570 0.4689683676
-75.3771239641 0.0610648469 0.7219255171 0.4689517298
-75.3770852598 0.0610649752 0.7219243643 0.4689345323
-75.3770461610 0.0610651048 0.7219231996 0.4689168254
-75.3770067016 0.0610652355 0.7219220241 0.4688986567
-75.3769669155 0.0610653674 0.7219208387 0.4688800715
-75.3769268375 0.0610655002 0.7219196444 0.4688611125
-75.3768865023 0.0610656339 0.7219184424 0.4688418195
-75.3768459451 0.0610657683 0.7219172336 0.4688222301
-75.3768052014 0.0610659033 0.7219160192 0.4688023794
-75.3767643066 0.0610660388 0.7219148002 0.4687822999
-75.3767232965 0.0610661747 0.7219135776 0.4687620221
-75.3766822068 0.0610663109 0.7219123525 0.4687415741
-75.3766410734 0.0610664472 0.7219111260 0.4687209824
-75.3765999321 0.0610665835 0.7219098992 0.4687002714
-75.3765588188 0.0610667198 0.7219086732 0.4686794640
-75.3765177696 0.0610668558 0.7219074490 0.4686585816
-75.3764768202 0.0610669915 0.7219062276 0.4686376444
-75.3764360064 0.0610671268 0.7219050102 0.4686166714
-75.3763953642 0.0610672615 0.7219037979 0.4685956808
-75.3763549293 0.0610673955 0.7219025917 0.4685746897
-75.3763147373 0.0610675287 0.7219013926 0.4685537151
-75.3762748239 0.0610676610 0.7219002018 0.4685327733
-75.3762352245 0.0610677922 0.7218990203 0.4685118803
-75.3761959746 0.0610679223 0.7218978491 0.4684910519
-75.3761571095 0.0610680511 0.7218966894 0.4684703040
-75.3761186643 0.0610681785 0.7218955421 0.4684496527
-75.3760806742 0.0610683044 0.7218944084 0.4684291145
-75.3760431740 0.0610684287 0.7218932892 0.4684087060
-75.3760061984 0.0610685512 0.7218921856 0.4683884443
-75.3759697819 0.0610686719 0.7218910987 0.4683683473
-75.3759339589 0.0610687906 0.7218900294 0.4683484335
-75.3758987636 0.0610689073 0.7218889788 0.4683287225
-75.3758642297 0.0610690217 0.7218879479 0.4683092343
-75.3758303909 0.0610691339 0.7218869377 0.4682899903
-75.3757972805 0.0610692436 0.7218859492 0.4682710123
-75.3757649313 0.0610693508 0.7218849834 0.4682523235
-75.3757333761 0.0610694554 0.7218840413 0.4682339481
-75.3757026470 0.0610695572 0.7218831238 0.4682159114
-75.3756727756 0.0610696562 0.7218822319 0.4681982395
-75.3756437933 0.0610697523 0.7218813665 0.4681809593
-75.3756157306 0.0610698453 0.7218805285 0.4681640983
-75.3755886175 0.0610699352 0.7218797188 0.4681476850
-75.3755624834 0.0610700218 0.7218789384 0.4681317481
-75.3755373570 0.0610701050 0.7218781880 0.4681163172
-75.3755132661 0.0610701849 0.7218774685 0.4681014214
-75.3754902375 0.0610702612 0.7218767808 0.4680870901
-75.3754682972 0.0610703339 0.7218761255 0.4680733519
-75.3754474702 0.0610704030 0.7218755035 0.4680602350
-75.3754277804 0.0610704682 0.7218749154 0.4680477668
-75.3754092504 0.0610705296 0.7218743619 0.4680359739
-75.3753919018 0.0610705871 0.7218738437 0.4680248815
-75.3753757549 0.0610706406 0.7218733614 0.4680145136
-75.3753608285 0.0610706901 0.7218729156 0.4680048925
-75.3753471403 0.0610707355 0.7218725067 0.4679960390
-75.3753347063 0.0610707767 0.7218721353 0.4679879722
-75.3753235413 0.0610708137 0.7218718018 0.4679807090
-75.3753136585 0.0610708464 0.7218715065 0.4679742648
-75.3753050695 0.0610708749 0.7218712500 0.4679686531
-75.3752977846 0.0610708990 0.7218710324 0.4679638853
-75.3752918124 0.0610709188 0.7218708540 0.4679599712
-75.3752871600 0.0610709343 0.7218707150 0.4679569188
-75.3752838330 0.0610709453 0.7218706156 0.4679547342
-75.3752818355 0.0610709519 0.7218705559 0.4679534251
-75.3752811693 0.0610709541 0.7218705360 0.4679529873
-75.3775067054 0.0610635786 0.7219369067 0.4690899496
-75.3774810622 0.0610636636 0.7219361443 0.4690835305
-75.3774491276 0.0610637694 0.7219351947 0.4690746810
-75.3774155550 0.0610638807 0.7219341962 0.4690645557
-75.3773811606 0.0610639946 0.7219331731 0.4690533891
-75.3773461046 0.0610641108 0.7219321301 0.4690412655
-75.3773104358 0.0610642290 0.7219310687 0.4690282461
-75.3772741855 0.0610643491 0.7219299898 0.4690143892
-75.3772373828 0.0610644711 0.7219288943 0.4689997525
-75.3772000577 0.0610645948 0.7219277830 0.4689843933
-75.3771622409 0.0610647201 0.7219266570 0.4689683676
-75.3771239641 0.0610648469 0.7219255171 0.4689517298
-75.3770852598 0.0610649752 0.7219243643 0.4689345323
-75.3770461610 0.0610651048 0.7219231996 0.4689168254
-75.3770067016 0.0610652355 0.7219220241 0.4688986567
-75.3769669155 0.0610653674 0.7219208387 0.4688800715
-75.3769268375 0.0610655002 0.7219196444 0.4688611125
-75.3768865023 0.0610656339 0.7219184424 0.4688418195
-75.3768459451 0.0610657683 0.7219172336 0.4688222301
-75.3768052014 0.0610659033 0.7219160192 0.4688023794
-75.3767643066 0.0610660388 0.7219148002 0.4687822999
-75.3767232965 0.0610661747 0.7219135776 0.4687620221
-75.3766822068 0.0610663109 0.7219123525 0.4687415741
-75.3766410734 0.0610664472 0.7219111260 0.4687209824
-75.3765999321 0.0610665835 0.7219098992 0.4687002714
-75.3765588189 0.0610667198 0.7219086732 0.4686794640
-75.3765177696 0.0610668558 0.7219074490 0.4686585816
-75.3764768202 0.0610669915 0.7219062276 0.4686376444
-75.3764360064 0.0610671268 0.7219050102 0.4686166714
-75.3763953642 0.0610672615 0.7219037979 0.4685956808
-75.3763549293 0.0610673955 0.7219025917 0.4685746897
-75.3763147373 0.0610675287 0.7219013926 0.4685537151
-75.3762748239 0.0610676610 0.7219002018 0.4685327733
-75.3762352245 0.0610677922 0.7218990203 0.4685118803
-75.3761959746 0.0610679223 0.7218978491 0.4684910519
-75.3761571095 0.0610680511 0.7218966894 0.4684703040
-75.3761186644 0.0610681785 0.7218955421 0.4684496527
-75.3760806742 0.0610683044 0.7218944084 0.4684291145
-75.3760431740 0.0610684287 0.7218932892 0.4684087060
-75.3760061984 0.0610685512 0.7218921856 0.4683884443
-75.3759697819 0.0610686719 0.7218910987 0.4683683473
-75.3759339589 0.0610687906 0.7218900294 0.4683484335
-75.3758987636 0.0610689073 0.7218889788 0.4683287225
-75.3758642297 0.0610690217 0.7218879479 0.4683092343
-75.3758303909 0.0610691339 0.7218869377 0.4682899903
-75.3757972805 0.0610692436 0.7218859492 0.4682710123
-75.3757649313 0.0610693508 0.7218849834 0.4682523235
-75.3757333761 0.0610694554 0.7218840413 0.4682339481
-75.3757026470 0.0610695572 0.7218831238 0.4682159114
-75.3756727756 0.0610696562 0.7218822319 0.4681982395
-75.3756437933 0.0610697523 0.7218813665 0.4681809593
-75.3756157306 0.0610698453 0.7218805285 0.4681640983
-75.3755886175 0.0610699352 0.7218797188 0.4681476850
-75.3755624835 0.0610700218 0.7218789384 0.4681317481
-75.3755373570 0.0610701050 0.7218781880 0.4681163172
-75.3755132661 0.0610701849 0.7218774685 0.4681014214
-75.3754902375 0.0610702612 0.7218767808 0.4680870901
-75.3754682972 0.0610703339 0.7218761255 0.4680733519
-75.3754474702 0.0610704030 0.7218755035 0.4680602350
-75.3754277804 0.0610704682 0.7218749154 0.4680477668
-75.3754092504 0.0610705296 0.7218743619 0.4680359739
-75.3753919018 0.0610705871 0.7218738437 0.4680248815
-75.3753757549 0.0610706406 0.7218733614 0.4680145136
-75.3753608285 0.0610706901 0.7218729156 0.4680048925
-75.3753471403 0.0610707355 0.7218725067 0.4679960390
-75.3753347063 0.0610707767 0.7218721353 0.4679879722
-75.3753235413 0.0610708137 0.7218718018 0.4679807090
-75.3753136585 0.0610708464 0.7218715065 0.4679742648
-75.3753050695 0.0610708749 0.7218712500 0.4679686531
-75.3752977846 0.0610708990 0.7218710324 0.4679638853
-75.3752918125 0.0610709188 0.7218708540 0.4679599712
-75.3752871601 0.0610709343 0.7218707150 0.4679569188
-75.3752838330 0.0610709453 0.7218706156 0.4679547342
-75.3752818355 0.0610709519 0.7218705559 0.4679534251
-75.3752811693 0.0610709541 0.7218705360 0.4679529873
