-75.4685523691 0.0607631852 0.7243213886 0.4730208470
-75.4685489048 0.0607631966 0.7243212860 0.4730166194
-75.4685385197 0.0607632309 0.7243209785 0.4730039415
-75.4685212401 0.0607632879 0.7243204668 0.4729828645
-75.4684971229 0.0607633675 0.7243197527 0.4729536003
-75.4684662763 0.0607634692 0.7243188394 0.4729167211
-75.4684121257 0.0607636479 0.7243172297 0.4727127131
-75.4683707637 0.0607637843 0.7243160062 0.4726844286
-75.4683239357 0.0607639388 0.7243146214 0.4726564257
-75.4682716929 0.0607641112 0.7243130767 0.4726287527
-75.4682140848 0.0607643012 0.7243113737 0.4726014464
-75.4681511594 0.0607645088 0.7243095138 0.4725745343
-75.4680829633 0.0607647338 0.7243074983 0.4725480362
-75.4680095417 0.0607649760 0.7243053286 0.4725219656
-75.4679309389 0.0607652353 0.7243030060 0.4724963304
-75.4678471977 0.0607655116 0.7243005318 0.4724711337
-75.4677583600 0.0607658046 0.7242979073 0.4724463748
-75.4676644669 0.0607661144 0.7242951336 0.4724220495
-75.4675655582 0.0607664407 0.7242922118 0.4723981507
-75.4674616730 0.0607667834 0.7242891433 0.4723746686
-75.4673528495 0.0607671424 0.7242859290 0.4723515910
-75.4672391251 0.0607675176 0.7242825701 0.4723289041
-75.4671205366 0.0607679089 0.7242790677 0.4723065924
-75.4669971197 0.0607683160 0.7242754227 0.4722846383
-75.4668689099 0.0607687390 0.7242716363 0.4722630229
-75.4667359417 0.0607691777 0.7242677095 0.4722417264
-75.4665982493 0.0607696320 0.7242636432 0.4722207276
-75.4664558661 0.0607701017 0.7242594384 0.4722000035
-75.4663088252 0.0607705868 0.7242550961 0.4721795307
-75.4661571591 0.0607710872 0.7242506172 0.4721592844
-75.4660009000 0.0607716028 0.7242460027 0.4721392383
-75.4658400794 0.0607721334 0.7242412535 0.4721193648
-75.4656747289 0.0607726789 0.7242363704 0.4720996355
-75.4655048794 0.0607732393 0.7242313545 0.4720800199
-75.4653305615 0.0607738144 0.7242262064 0.4720604858
-75.4651518058 0.0607744042 0.7242209273 0.4720409994
-75.4649686425 0.0607750086 0.7242155178 0.4720215249
-75.4647811016 0.0607756273 0.7242099789 0.4720020238
-75.4645892129 0.0607762605 0.7242043114 0.4719824551
-75.4643930062 0.0607769079 0.7241985162 0.4719627755
-75.4641925110 0.0607775694 0.7241925941 0.4719429379
-75.4639877570 0.0607782450 0.7241865460 0.4719228917
-75.4637787737 0.0607789346 0.7241803726 0.4719025826
-75.4635655907 0.0607796380 0.7241740750 0.4718819520
-75.4633482376 0.0607803552 0.7241676538 0.4718609357
-75.4631267442 0.0607810861 0.7241611100 0.4718394647
-75.4629011404 0.0607818305 0.7241544443 0.4718174639
-75.4626714564 0.0607825885 0.7241476578 0.4717948505
-75.4624377224 0.0607833598 0.7241407511 0.4717715348
-75.4621999692 0.0607841443 0.7241337252 0.4717474180
-75.4619582277 0.0607849421 0.7241265810 0.4717223909
-75.4617125292 0.0607857529 0.7241193193 0.4716963333
-75.4614629053 0.0607865766 0.7241119411 0.4716691118
-75.4612093880 0.0607874132 0.7241044472 0.4716405771
-75.4609520097 0.0607882626 0.7240968386 0.4716105623
-75.4606908029 0.0607891246 0.7240891162 0.4715788786
-75.4604258001 0.0607899992 0.7240812810 0.4715453113
-75.4601570338 0.0607908862 0.7240733337 0.4715096140
-75.4598845359 0.0607917855 0.7240652754 0.4714715005
-75.4596083368 0.0607926971 0.7240571069 0.4714306346
-75.4593284651 0.0607936208 0.7240488290 0.4713866148
-75.4590449455 0.0607945565 0.7240404423 0.4713389545
-75.4587577967 0.0607955043 0.7240319475 0.4712870507
-75.4584670280 0.0607964640 0.7240233446 0.4712301404
-75.4581726332 0.0607974356 0.7240146335 0.4711672320
-75.4578745814 0.0607984194 0.7240058131 0.4710969977
-75.4575728001 0.0607994155 0.7239968813 0.4710175909
-75.4572671442 0.0608004244 0.7239878336 0.4709263098
-75.4569573263 0.0608014470 0.7239786613 0.4708188777
-75.4566427284 0.0608024855 0.7239693458 0.4706875310
-75.4563216611 0.0608035453 0.7239598363 0.4705136377
-75.4559841542 0.0608046594 0.7239498335 0.4701968726
-75.4556378228 0.0608058027 0.7239395659 0.4698039522
-75.4553175556 0.0608068600 0.7239300800 0.4696589554
-75.4550118226 0.0608078692 0.7239210271 0.4695857721
-75.4547544088 0.0608087190 0.7239134061 0.4695535669
-75.4547552374 0.0608087163 0.7239134306 0.4695539314
-75.4547338700 0.0608087868 0.7239127978 0.4695514556
-75.4547084417 0.0608088707 0.7239120447 0.4695481839
-75.4546820654 0.0608089578 0.7239112635 0.4695444296
-75.4546552772 0.0608090462 0.7239104699 0.4695402148
-75.4546281727 0.0608091357 0.7239096669 0.4695355178
-75.4546007728 0.0608092262 0.7239088550 0.4695303147
-75.4545730868 0.0608093176 0.7239080345 0.4695245854
-75.4545451232 0.0608094099 0.7239072058 0.4695183153
-75.4545168914 0.0608095031 0.7239063689 0.4695114947
-75.4544884023 0.0608095971 0.7239055244 0.4695041193
-75.4544596682 0.0608096920 0.7239046724 0.4694961892
-75.4544307024 0.0608097876 0.7239038135 0.4694877091
-75.4544015200 0.0608098840 0.7239029481 0.4694786877
-75.4543721368 0.0608099810 0.7239020766 0.4694691374
-75.4543425701 0.0608100786 0.7239011996 0.4694590735
-75.4543128383 0.0608101767 0.7239003176 0.4694485143
-75.4542829607 0.0608102754 0.7238994311 0.4694374804
-75.4542529576 0.0608103744 0.7238985409 0.4694259942
-75.4542228502 0.0608104738 0.7238976474 0.4694140800
-75.4541926605 0.0608105735 0.7238967515 0.4694017631
-75.4541624112 0.0608106734 0.7238958536 0.4693890697
-75.4541321258 0.0608107733 0.7238949547 0.4693760269
-75.4541018283 0.0608108734 0.7238940552 0.4693626621
-75.4540715432 0.0608109734 0.7238931561 0.4693490030
-75.4540412955 0.0608110732 0.7238922580 0.4693350774
-75.4540111107 0.0608111729 0.7238913617 0.4693209128
-75.4539810145 0.0608112722 0.7238904679 0.4693065367
-75.4539510331 0.0608113712 0.7238895775 0.4692919762
-75.4539211927 0.0608114697 0.7238886912 0.4692772580
-75.4538915199 0.0608115677 0.7238878098 0.4692624086
-75.4538620414 0.0608116650 0.7238869341 0.4692474537
-75.4538327840 0.0608117616 0.7238860650 0.4692324187
-75.4538037746 0.0608118574 0.7238852031 0.4692173287
-75.4537750401 0.0608119523 0.7238843494 0.4692022081
-75.4537466075 0.0608120461 0.7238835045 0.4691870809
-75.4537185035 0.0608121389 0.7238826694 0.4691719708
-75.4536907551 0.0608122305 0.7238818448 0.4691569011
-75.4536633888 0.0608123209 0.7238810315 0.4691418947
-75.4536364314 0.0608124099 0.7238802303 0.4691269744
-75.4536099091 0.0608124974 0.7238794420 0.4691121624
-75.4535838481 0.0608125835 0.7238786674 0.4690974812
-75.4535582745 0.0608126679 0.7238779072 0.4690829527
-75.4535332139 0.0608127507 0.7238771622 0.4690685990
-75.4535086917 0.0608128316 0.7238764333 0.4690544419
-75.4534847330 0.0608129107 0.7238757210 0.4690405031
-75.4534613624 0.0608129879 0.7238750262 0.4690268044
-75.4534386043 0.0608130630 0.7238743495 0.4690133673
-75.4534164825 0.0608131361 0.7238736918 0.4690002134
-75.4533950204 0.0608132069 0.7238730536 0.4689873643
-75.4533742409 0.0608132755 0.7238724357 0.4689748411
-75.4533541664 0.0608133418 0.7238718388 0.4689626653
-75.4533348186 0.0608134057 0.7238712634 0.4689508577
-75.4533162186 0.0608134671 0.7238707103 0.4689394391
-75.4532983869 0.0608135260 0.7238701800 0.4689284298
-75.4532813433 0.0608135822 0.7238696731 0.4689178498
-75.4532651068 0.0608136359 0.7238691902 0.4689077187
-75.4532496955 0.0608136867 0.7238687319 0.4688980553
-75.4532351271 0.0608137348 0.7238682986 0.4688888780
-75.4532214179 0.0608137801 0.7238678908 0.4688802044
-75.4532085838 0.0608138225 0.7238675091 0.4688720514
-75.4531966393 0.0608138619 0.7238671538 0.4688644351
-75.4531855984 0.0608138984 0.7238668254 0.4688573704
-75.4531754738 0.0608139318 0.7238665242 0.4688508714
-75.4531662772 0.0608139622 0.7238662507 0.4688449511
-75.4531580195 0.0608139894 0.7238660050 0.4688396214
-75.4531507103 0.0608140136 0.7238657876 0.4688348930
-75.4531443581 0.0608140345 0.7238655986 0.4688307756
-75.4531389705 0.0608140523 0.7238654384 0.4688272773
-75.4531345537 0.0608140669 0.7238653070 0.4688244054
-75.4531311130 0.0608140783 0.7238652046 0.4688221656
-75.4531286525 0.0608140864 0.7238651314 0.4688205625
-75.4531271750 0.0608140913 0.7238650875 0.4688195993
-75.4531266823 0.0608140929 0.7238650728 0.4688192780
-75.4547552372 0.0608087163 0.7239134306 0.4695539288
-75.4547338700 0.0608087868 0.7239127978 0.4695514556
-75.4547084417 0.0608088707 0.7239120447 0.4695481839
-75.4546820654 0.0608089578 0.7239112635 0.4695444296
-75.4546552773 0.0608090462 0.7239104699 0.4695402148
-75.4546281727 0.0608091357 0.7239096669 0.4695355178
-75.4546007728 0.0608092262 0.7239088550 0.4695303147
-75.4545730868 0.0608093176 0.7239080345 0.4695245854
-75.4545451232 0.0608094099 0.7239072058 0.4695183153
-75.4545168914 0.0608095031 0.7239063689 0.4695114948
-75.4544884024 0.0608095971 0.7239055244 0.4695041193
-75.4544596682 0.0608096920 0.7239046724 0.4694961892
-75.4544307025 0.0608097876 0.7239038135 0.4694877091
-75.4544015200 0.0608098840 0.7239029481 0.4694786877
-75.4543721368 0.0608099810 0.7239020766 0.4694691374
-75.4543425701 0.0608100786 0.7239011996 0.4694590735
-75.4543128383 0.0608101767 0.7239003176 0.4694485143
-75.4542829607 0.0608102754 0.7238994311 0.4694374804
-75.4542529576 0.0608103744 0.7238985409 0.4694259943
-75.4542228502 0.0608104738 0.7238976474 0.4694140800
-75.4541926605 0.0608105735 0.7238967515 0.4694017631
-75.4541624112 0.0608106734 0.7238958536 0.4693890697
-75.4541321258 0.0608107733 0.7238949547 0.4693760269
-75.4541018283 0.0608108734 0.7238940552 0.4693626621
-75.4540715432 0.0608109734 0.7238931561 0.4693490031
-75.4540412955 0.0608110732 0.7238922580 0.4693350774
-75.4540111107 0.0608111729 0.7238913617 0.4693209128
-75.4539810145 0.0608112722 0.7238904679 0.4693065367
-75.4539510331 0.0608113712 0.7238895775 0.4692919762
-75.4539211927 0.0608114697 0.7238886912 0.4692772580
-75.4538915199 0.0608115677 0.7238878098 0.4692624086
-75.4538620414 0.0608116650 0.7238869341 0.4692474537
-75.4538327840 0.0608117616 0.7238860650 0.4692324188
-75.4538037746 0.0608118574 0.7238852031 0.4692173287
-75.4537750401 0.0608119523 0.7238843494 0.4692022081
-75.4537466075 0.0608120461 0.7238835045 0.4691870809
-75.4537185035 0.0608121389 0.7238826694 0.4691719708
-75.4536907551 0.0608122305 0.7238818448 0.4691569011
-75.4536633889 0.0608123209 0.7238810315 0.4691418948
-75.4536364314 0.0608124099 0.7238802303 0.4691269744
-75.4536099091 0.0608124974 0.7238794420 0.4691121624
-75.4535838482 0.0608125835 0.7238786674 0.4690974812
-75.4535582745 0.0608126679 0.7238779072 0.4690829527
-75.4535332139 0.0608127507 0.7238771622 0.4690685990
-75.4535086917 0.0608128316 0.7238764333 0.4690544419
-75.4534847330 0.0608129107 0.7238757210 0.4690405031
-75.4534613624 0.0608129879 0.7238750262 0.4690268044
-75.4534386043 0.0608130630 0.7238743495 0.4690133673
-75.4534164825 0.0608131361 0.7238736918 0.4690002134
-75.4533950204 0.0608132069 0.7238730536 0.4689873643
-75.4533742409 0.0608132755 0.7238724357 0.4689748411
-75.4533541664 0.0608133418 0.7238718388 0.4689626653
-75.4533348186 0.0608134057 0.7238712634 0.4689508577
-75.4533162186 0.0608134671 0.7238707103 0.4689394391
-75.4532983869 0.0608135260 0.7238701800 0.4689284298
-75.4532813433 0.0608135822 0.7238696731 0.4689178498
-75.4532651068 0.0608136359 0.7238691902 0.4689077187
-75.4532496955 0.0608136867 0.7238687319 0.4688980553
-75.4532351271 0.0608137348 0.7238682986 0.4688888780
-75.4532214179 0.0608137801 0.7238678908 0.4688802044
-75.4532085838 0.0608138225 0.7238675091 0.4688720514
-75.4531966393 0.0608138619 0.7238671538 0.4688644351
-75.4531855984 0.0608138984 0.7238668254 0.4688573704
-75.4531754738 0.0608139318 0.7238665242 0.4688508714
-75.4531662772 0.0608139622 0.7238662507 0.4688449511
-75.4531580195 0.0608139894 0.7238660050 0.4688396214
-75.4531507103 0.0608140136 0.7238657876 0.4688348930
-75.4531443581 0.0608140345 0.7238655986 0.4688307755
-75.4531389705 0.0608140523 0.7238654384 0.4688272773
-75.4531345537 0.0608140669 0.7238653070 0.4688244054
-75.4531311130 0.0608140783 0.7238652046 0.4688221656
-75.4531286525 0.0608140864 0.7238651314 0.4688205625
-75.4531271750 0.0608140913 0.7238650875 0.4688195993
-75.4531266823 0.0608140929 0.7238650728 0.4688192780
-75.4547552372 0.0608087163 0.7239134306 0.4695539288
-75.4547338697 0.0608087868 0.7239127978 0.4695514530
-75.4547084417 0.0608088707 0.7239120447 0.4695481839
-75.4546820654 0.0608089578 0.7239112635 0.4695444297
-75.4546552773 0.0608090462 0.7239104699 0.4695402148
-75.4546281727 0.0608091357 0.7239096669 0.4695355178
-75.4546007728 0.0608092262 0.7239088550 0.4695303147
-75.4545730868 0.0608093176 0.7239080345 0.4695245854
-75.4545451232 0.0608094099 0.7239072058 0.4695183153
-75.4545168914 0.0608095031 0.7239063689 0.4695114948
-75.4544884024 0.0608095971 0.7239055244 0.4695041193
-75.4544596682 0.0608096920 0.7239046724 0.4694961892
-75.4544307025 0.0608097876 0.7239038135 0.4694877091
-75.4544015200 0.0608098840 0.7239029481 0.4694786878
-75.4543721368 0.0608099810 0.7239020766 0.4694691374
-75.4543425701 0.0608100786 0.7239011996 0.4694590735
-75.4543128383 0.0608101767 0.7239003176 0.4694485143
-75.4542829607 0.0608102754 0.7238994311 0.4694374804
-75.4542529576 0.0608103744 0.7238985409 0.4694259943
-75.4542228502 0.0608104738 0.7238976474 0.4694140801
-75.4541926605 0.0608105735 0.7238967515 0.4694017631
-75.4541624112 0.0608106734 0.7238958536 0.4693890697
-75.4541321259 0.0608107733 0.7238949547 0.4693760269
-75.4541018283 0.0608108734 0.7238940552 0.4693626622
-75.4540715432 0.0608109734 0.7238931561 0.4693490031
-75.4540412956 0.0608110732 0.7238922580 0.4693350774
-75.4540111107 0.0608111729 0.7238913617 0.4693209128
-75.4539810146 0.0608112722 0.7238904679 0.4693065367
-75.4539510331 0.0608113712 0.7238895775 0.4692919762
-75.4539211927 0.0608114697 0.7238886912 0.4692772581
-75.4538915199 0.0608115677 0.7238878098 0.4692624086
-75.4538620414 0.0608116650 0.7238869341 0.4692474537
-75.4538327840 0.0608117616 0.7238860650 0.4692324188
-75.4538037747 0.0608118574 0.7238852031 0.4692173288
-75.4537750402 0.0608119523 0.7238843494 0.4692022081
-75.4537466075 0.0608120461 0.7238835045 0.4691870809
-75.4537185036 0.0608121389 0.7238826694 0.4691719709
-75.4536907551 0.0608122305 0.7238818448 0.4691569012
-75.4536633889 0.0608123209 0.7238810315 0.4691418948
-75.4536364314 0.0608124099 0.7238802303 0.4691269744
-75.4536099091 0.0608124974 0.7238794420 0.4691121625
-75.4535838482 0.0608125835 0.7238786674 0.4690974812
-75.4535582745 0.0608126679 0.7238779072 0.4690829527
-75.4535332139 0.0608127507 0.7238771622 0.4690685990
-75.4535086917 0.0608128316 0.7238764333 0.4690544419
-75.4534847330 0.0608129107 0.7238757210 0.4690405031
-75.4534613624 0.0608129879 0.7238750262 0.4690268044
-75.4534386043 0.0608130630 0.7238743495 0.4690133673
-75.4534164825 0.0608131361 0.7238736918 0.4690002135
-75.4533950204 0.0608132069 0.7238730536 0.4689873643
-75.4533742409 0.0608132755 0.7238724357 0.4689748412
-75.4533541664 0.0608133418 0.7238718388 0.4689626653
-75.4533348186 0.0608134057 0.7238712634 0.4689508577
-75.4533162186 0.0608134671 0.7238707103 0.4689394391
-75.4532983869 0.0608135260 0.7238701800 0.4689284298
-75.4532813433 0.0608135822 0.7238696731 0.4689178498
-75.4532651068 0.0608136359 0.7238691902 0.4689077187
-75.4532496956 0.0608136867 0.7238687319 0.4688980553
-75.4532351271 0.0608137348 0.7238682986 0.4688888780
-75.4532214179 0.0608137801 0.7238678908 0.4688802044
-75.4532085838 0.0608138225 0.7238675091 0.4688720514
-75.4531966393 0.0608138619 0.7238671538 0.4688644351
-75.4531855984 0.0608138984 0.7238668254 0.4688573704
-75.4531754738 0.0608139318 0.7238665242 0.4688508714
-75.4531662773 0.0608139622 0.7238662507 0.4688449511
-75.4531580195 0.0608139894 0.7238660050 0.4688396214
-75.4531507103 0.0608140136 0.7238657876 0.4688348930
-75.4531443581 0.0608140345 0.7238655986 0.4688307755
-75.4531389705 0.0608140523 0.7238654384 0.4688272773
-75.4531345537 0.0608140669 0.7238653070 0.4688244054
-75.4531311130 0.0608140783 0.7238652046 0.4688221656
-75.4531286525 0.0608140864 0.7238651314 0.4688205624
-75.4531271750 0.0608140913 0.7238650875 0.4688195993
-75.4531266823 0.0608140929 0.7238650728 0.4688192780
-75.4547552372 0.0608087163 0.7239134306 0.4695539288
-75.4547338697 0.0608087868 0.7239127978 0.4695514530
-75.4547084415 0.0608088707 0.7239120447 0.4695481813
-75.4546820654 0.0608089578 0.7239112635 0.4695444297
-75.4546552772 0.0608090462 0.7239104699 0.4695402148
-75.4546281727 0.0608091357 0.7239096669 0.4695355178
-75.4546007728 0.0608092262 0.7239088550 0.4695303147
-75.4545730868 0.0608093176 0.7239080345 0.4695245855
-75.4545451232 0.0608094099 0.7239072058 0.4695183153
-75.4545168914 0.0608095031 0.7239063689 0.4695114948
-75.4544884024 0.0608095971 0.7239055244 0.4695041193
-75.4544596682 0.0608096920 0.7239046724 0.4694961892
-75.4544307025 0.0608097876 0.7239038135 0.4694877091
-75.4544015200 0.0608098840 0.7239029481 0.4694786878
-75.4543721368 0.0608099810 0.7239020766 0.4694691374
-75.4543425701 0.0608100786 0.7239011996 0.4694590735
-75.4543128383 0.0608101767 0.7239003176 0.4694485144
-75.4542829607 0.0608102754 0.7238994311 0.4694374804
-75.4542529576 0.0608103744 0.7238985409 0.4694259943
-75.4542228502 0.0608104738 0.7238976474 0.4694140801
-75.4541926605 0.0608105735 0.7238967515 0.4694017631
-75.4541624113 0.0608106734 0.7238958536 0.4693890698
-75.4541321259 0.0608107733 0.7238949547 0.4693760270
-75.4541018283 0.0608108734 0.7238940552 0.4693626622
-75.4540715432 0.0608109734 0.7238931561 0.4693490031
-75.4540412956 0.0608110732 0.7238922580 0.4693350774
-75.4540111108 0.0608111729 0.7238913617 0.4693209128
-75.4539810146 0.0608112722 0.7238904679 0.4693065367
-75.4539510331 0.0608113712 0.7238895775 0.4692919762
-75.4539211927 0.0608114697 0.7238886912 0.4692772581
-75.4538915199 0.0608115677 0.7238878098 0.4692624086
-75.4538620415 0.0608116650 0.7238869341 0.4692474537
-75.4538327841 0.0608117616 0.7238860650 0.4692324188
-75.4538037747 0.0608118574 0.7238852031 0.4692173288
-75.4537750402 0.0608119523 0.7238843494 0.4692022081
-75.4537466075 0.0608120461 0.7238835045 0.4691870810
-75.4537185036 0.0608121389 0.7238826694 0.4691719709
-75.4536907551 0.0608122305 0.7238818448 0.4691569012
-75.4536633889 0.0608123209 0.7238810315 0.4691418948
-75.4536364314 0.0608124099 0.7238802303 0.4691269744
-75.4536099091 0.0608124974 0.7238794420 0.4691121625
-75.4535838482 0.0608125835 0.7238786674 0.4690974812
-75.4535582746 0.0608126679 0.7238779072 0.4690829527
-75.4535332140 0.0608127507 0.7238771622 0.4690685990
-75.4535086918 0.0608128316 0.7238764333 0.4690544419
-75.4534847330 0.0608129107 0.7238757210 0.4690405032
-75.4534613624 0.0608129879 0.7238750262 0.4690268044
-75.4534386043 0.0608130630 0.7238743495 0.4690133673
-75.4534164825 0.0608131361 0.7238736918 0.4690002135
-75.4533950204 0.0608132069 0.7238730536 0.4689873643
-75.4533742410 0.0608132755 0.7238724357 0.4689748412
-75.4533541664 0.0608133418 0.7238718388 0.4689626653
-75.4533348186 0.0608134057 0.7238712634 0.4689508577
-75.4533162186 0.0608134671 0.7238707103 0.4689394391
-75.4532983869 0.0608135260 0.7238701800 0.4689284298
-75.4532813433 0.0608135822 0.7238696731 0.4689178498
-75.4532651068 0.0608136359 0.7238691902 0.4689077187
-75.4532496956 0.0608136867 0.7238687319 0.4688980553
-75.4532351271 0.0608137348 0.7238682986 0.4688888780
-75.4532214180 0.0608137801 0.7238678908 0.4688802044
-75.4532085838 0.0608138225 0.7238675091 0.4688720514
-75.4531966393 0.0608138619 0.7238671538 0.4688644351
-75.4531855984 0.0608138984 0.7238668254 0.4688573704
-75.4531754738 0.0608139318 0.7238665242 0.4688508713
-75.4531662773 0.0608139622 0.7238662507 0.4688449511
-75.4531580196 0.0608139894 0.7238660050 0.4688396214
-75.4531507103 0.0608140136 0.7238657876 0.4688348930
-75.4531443582 0.0608140345 0.7238655986 0.4688307755
-75.4531389705 0.0608140523 0.7238654384 0.4688272773
-75.4531345537 0.0608140669 0.7238653070 0.4688244053
-75.4531311130 0.0608140783 0.7238652046 0.4688221655
-75.4531286525 0.0608140864 0.7238651314 0.4688205624
-75.4531271750 0.0608140913 0.7238650875 0.4688195992
-75.4531266823 0.0608140929 0.7238650728 0.4688192780
-75.4547552372 0.0608087163 0.7239134306 0.4695539288
-75.4547338697 0.0608087868 0.7239127978 0.4695514531
-75.4547084415 0.0608088707 0.7239120447 0.4695481813
-75.4546820651 0.0608089578 0.7239112635 0.4695444271
-75.4546552772 0.0608090462 0.7239104699 0.4695402148
-75.4546281727 0.0608091357 0.7239096669 0.4695355179
-75.4546007728 0.0608092262 0.7239088550 0.4695303147
-75.4545730868 0.0608093176 0.7239080345 0.4695245855
-75.4545451232 0.0608094099 0.7239072058 0.4695183154
-75.4545168914 0.0608095031 0.7239063689 0.4695114948
-75.4544884024 0.0608095971 0.7239055244 0.4695041194
-75.4544596682 0.0608096920 0.7239046724 0.4694961892
-75.4544307025 0.0608097876 0.7239038135 0.4694877092
-75.4544015200 0.0608098840 0.7239029481 0.4694786878
-75.4543721368 0.0608099810 0.7239020766 0.4694691374
-75.4543425701 0.0608100786 0.7239011996 0.4694590736
-75.4543128383 0.0608101767 0.7239003176 0.4694485144
-75.4542829607 0.0608102754 0.7238994311 0.4694374805
-75.4542529576 0.0608103744 0.7238985409 0.4694259943
-75.4542228502 0.0608104738 0.7238976474 0.4694140801
-75.4541926605 0.0608105735 0.7238967515 0.4694017632
-75.4541624113 0.0608106734 0.7238958536 0.4693890698
-75.4541321259 0.0608107733 0.7238949547 0.4693760270
-75.4541018284 0.0608108734 0.7238940552 0.4693626622
-75.4540715433 0.0608109734 0.7238931561 0.4693490031
-75.4540412956 0.0608110732 0.7238922580 0.4693350775
-75.4540111108 0.0608111729 0.7238913617 0.4693209129
-75.4539810146 0.0608112722 0.7238904679 0.4693065367
-75.4539510331 0.0608113712 0.7238895775 0.4692919762
-75.4539211928 0.0608114697 0.7238886912 0.4692772581
-75.4538915200 0.0608115677 0.7238878098 0.4692624087
-75.4538620415 0.0608116650 0.7238869341 0.4692474538
-75.4538327841 0.0608117616 0.7238860650 0.4692324188
-75.4538037747 0.0608118574 0.7238852031 0.4692173288
-75.4537750402 0.0608119523 0.7238843494 0.4692022082
-75.4537466075 0.0608120461 0.7238835045 0.4691870810
-75.4537185036 0.0608121389 0.7238826694 0.4691719709
-75.4536907551 0.0608122305 0.7238818448 0.4691569012
-75.4536633889 0.0608123209 0.7238810315 0.4691418948
-75.4536364314 0.0608124099 0.7238802303 0.4691269744
-75.4536099091 0.0608124974 0.7238794420 0.4691121625
-75.4535838482 0.0608125835 0.7238786674 0.4690974812
-75.4535582746 0.0608126679 0.7238779072 0.4690829528
-75.4535332140 0.0608127507 0.7238771622 0.4690685990
-75.4535086918 0.0608128316 0.7238764333 0.4690544419
-75.4534847330 0.0608129107 0.7238757210 0.4690405032
-75.4534613624 0.0608129879 0.7238750262 0.4690268044
-75.4534386043 0.0608130630 0.7238743495 0.4690133674
-75.4534164825 0.0608131361 0.7238736918 0.4690002135
-75.4533950204 0.0608132069 0.7238730536 0.4689873643
-75.4533742410 0.0608132755 0.7238724357 0.4689748412
-75.4533541664 0.0608133418 0.7238718388 0.4689626653
-75.4533348186 0.0608134057 0.7238712634 0.4689508577
-75.4533162186 0.0608134671 0.7238707103 0.4689394391
-75.4532983870 0.0608135260 0.7238701800 0.4689284298
-75.4532813433 0.0608135822 0.7238696731 0.4689178498
-75.4532651068 0.0608136359 0.7238691902 0.4689077187
-75.4532496956 0.0608136867 0.7238687319 0.4688980553
-75.4532351271 0.0608137348 0.7238682986 0.4688888780
-75.4532214180 0.0608137801 0.7238678908 0.4688802044
-75.4532085838 0.0608138225 0.7238675091 0.4688720514
-75.4531966393 0.0608138619 0.7238671538 0.4688644351
-75.4531855984 0.0608138984 0.7238668254 0.4688573704
-75.4531754738 0.0608139318 0.7238665242 0.4688508713
-75.4531662773 0.0608139622 0.7238662507 0.4688449510
-75.4531580196 0.0608139894 0.7238660050 0.4688396213
-75.4531507103 0.0608140136 0.7238657876 0.4688348930
-75.4531443582 0.0608140345 0.7238655986 0.4688307755
-75.4531389705 0.0608140523 0.7238654384 0.4688272773
-75.4531345537 0.0608140669 0.7238653070 0.4688244053
-75.4531311130 0.0608140783 0.7238652046 0.4688221655
-75.4531286525 0.0608140864 0.7238651314 0.4688205624
-75.4531271750 0.0608140913 0.7238650875 0.4688195992
-75.4531266823 0.0608140929 0.7238650728 0.4688192779
-75.4547552372 0.0608087163 0.7239134306 0.4695539288
-75.4547338697 0.0608087868 0.7239127978 0.4695514531
-75.4547084414 0.0608088707 0.7239120447 0.4695481813
-75.4546820651 0.0608089578 0.7239112635 0.4695444271
-75.4546552770 0.0608090462 0.7239104699 0.4695402123
-75.4546281727 0.0608091357 0.7239096669 0.4695355179
-75.4546007728 0.0608092262 0.7239088550 0.4695303147
-75.4545730868 0.0608093176 0.7239080345 0.4695245855
-75.4545451232 0.0608094099 0.7239072058 0.4695183154
-75.4545168914 0.0608095031 0.7239063689 0.4695114948
-75.4544884024 0.0608095971 0.7239055244 0.4695041194
-75.4544596682 0.0608096920 0.7239046724 0.4694961893
-75.4544307025 0.0608097876 0.7239038135 0.4694877092
-75.4544015200 0.0608098840 0.7239029481 0.4694786878
-75.4543721368 0.0608099810 0.7239020766 0.4694691375
-75.4543425701 0.0608100786 0.7239011996 0.4694590736
-75.4543128383 0.0608101767 0.7239003176 0.4694485144
-75.4542829607 0.0608102754 0.7238994311 0.4694374805
-75.4542529576 0.0608103744 0.7238985409 0.4694259944
-75.4542228502 0.0608104738 0.7238976474 0.4694140801
-75.4541926605 0.0608105735 0.7238967515 0.4694017632
-75.4541624113 0.0608106734 0.7238958536 0.4693890698
-75.4541321259 0.0608107733 0.7238949547 0.4693760270
-75.4541018284 0.0608108734 0.7238940552 0.4693626622
-75.4540715433 0.0608109734 0.7238931561 0.4693490032
-75.4540412956 0.0608110732 0.7238922580 0.4693350775
-75.4540111108 0.0608111729 0.7238913617 0.4693209129
-75.4539810146 0.0608112722 0.7238904679 0.4693065368
-75.4539510332 0.0608113712 0.7238895775 0.4692919763
-75.4539211928 0.0608114697 0.7238886912 0.4692772581
-75.4538915200 0.0608115677 0.7238878098 0.4692624087
-75.4538620415 0.0608116650 0.7238869341 0.4692474538
-75.4538327841 0.0608117616 0.7238860650 0.4692324188
-75.4538037747 0.0608118574 0.7238852031 0.4692173288
-75.4537750402 0.0608119523 0.7238843494 0.4692022082
-75.4537466076 0.0608120461 0.7238835045 0.4691870810
-75.4537185036 0.0608121389 0.7238826694 0.4691719709
-75.4536907552 0.0608122305 0.7238818448 0.4691569012
-75.4536633889 0.0608123209 0.7238810315 0.4691418948
-75.4536364315 0.0608124099 0.7238802303 0.4691269745
-75.4536099092 0.0608124974 0.7238794420 0.4691121625
-75.4535838482 0.0608125835 0.7238786674 0.4690974812
-75.4535582746 0.0608126679 0.7238779072 0.4690829528
-75.4535332140 0.0608127507 0.7238771622 0.4690685991
-75.4535086918 0.0608128316 0.7238764333 0.4690544420
-75.4534847330 0.0608129107 0.7238757210 0.4690405032
-75.4534613625 0.0608129879 0.7238750262 0.4690268045
-75.4534386043 0.0608130630 0.7238743495 0.4690133674
-75.4534164825 0.0608131361 0.7238736918 0.4690002135
-75.4533950205 0.0608132069 0.7238730536 0.4689873643
-75.4533742410 0.0608132755 0.7238724357 0.4689748412
-75.4533541665 0.0608133418 0.7238718388 0.4689626653
-75.4533348186 0.0608134057 0.7238712634 0.4689508577
-75.4533162187 0.0608134671 0.7238707103 0.4689394391
-75.4532983870 0.0608135260 0.7238701800 0.4689284298
-75.4532813433 0.0608135822 0.7238696731 0.4689178499
-75.4532651068 0.0608136359 0.7238691902 0.4689077187
-75.4532496956 0.0608136867 0.7238687319 0.4688980553
-75.4532351271 0.0608137348 0.7238682986 0.4688888780
-75.4532214180 0.0608137801 0.7238678908 0.4688802044
-75.4532085838 0.0608138225 0.7238675091 0.4688720514
-75.4531966394 0.0608138619 0.7238671538 0.4688644351
-75.4531855984 0.0608138984 0.7238668254 0.4688573703
-75.4531754738 0.0608139318 0.7238665242 0.4688508713
-75.4531662773 0.0608139622 0.7238662507 0.4688449510
-75.4531580196 0.0608139894 0.7238660050 0.4688396213
-75.4531507103 0.0608140136 0.7238657876 0.4688348930
-75.4531443582 0.0608140345 0.7238655986 0.4688307755
-75.4531389705 0.0608140523 0.7238654384 0.4688272772
-75.4531345538 0.0608140669 0.7238653070 0.4688244053
-75.4531311131 0.0608140783 0.7238652046 0.4688221655
-75.4531286525 0.0608140864 0.7238651314 0.4688205624
-75.4531271750 0.0608140913 0.7238650875 0.4688195992
-75.4531266823 0.0608140929 0.7238650728 0.4688192779
-75.4547552372 0.0608087163 0.7239134306 0.4695539288
-75.4547338697 0.0608087868 0.7239127978 0.4695514531
-75.4547084414 0.0608088707 0.7239120447 0.4695481813
-75.4546820651 0.0608089578 0.7239112635 0.4695444271
-75.4546552770 0.0608090462 0.7239104699 0.4695402123
-75.4546281725 0.0608091357 0.7239096669 0.4695355153
-75.4546007728 0.0608092262 0.7239088550 0.4695303148
-75.4545730868 0.0608093176 0.7239080345 0.4695245855
-75.4545451232 0.0608094099 0.7239072058 0.4695183154
-75.4545168914 0.0608095031 0.7239063689 0.4695114949
-75.4544884024 0.0608095971 0.7239055244 0.4695041194
-75.4544596682 0.0608096920 0.7239046724 0.4694961893
-75.4544307025 0.0608097876 0.7239038135 0.4694877092
-75.4544015200 0.0608098840 0.7239029481 0.4694786878
-75.4543721368 0.0608099810 0.7239020766 0.4694691375
-75.4543425701 0.0608100786 0.7239011996 0.4694590736
-75.4543128383 0.0608101767 0.7239003176 0.4694485144
-75.4542829607 0.0608102754 0.7238994311 0.4694374805
-75.4542529576 0.0608103744 0.7238985409 0.4694259944
-75.4542228502 0.0608104738 0.7238976474 0.4694140802
-75.4541926605 0.0608105735 0.7238967515 0.4694017632
-75.4541624113 0.0608106734 0.7238958536 0.4693890698
-75.4541321259 0.0608107733 0.7238949547 0.4693760270
-75.4541018284 0.0608108734 0.7238940552 0.4693626623
-75.4540715433 0.0608109734 0.7238931561 0.4693490032
-75.4540412956 0.0608110732 0.7238922580 0.4693350775
-75.4540111108 0.0608111729 0.7238913617 0.4693209129
-75.4539810146 0.0608112722 0.7238904679 0.4693065368
-75.4539510332 0.0608113712 0.7238895775 0.4692919763
-75.4539211928 0.0608114697 0.7238886912 0.4692772582
-75.4538915200 0.0608115677 0.7238878098 0.4692624087
-75.4538620415 0.0608116650 0.7238869341 0.4692474538
-75.4538327841 0.0608117616 0.7238860650 0.4692324189
-75.4538037747 0.0608118574 0.7238852031 0.4692173288
-75.4537750402 0.0608119523 0.7238843494 0.4692022082
-75.4537466076 0.0608120461 0.7238835045 0.4691870810
-75.4537185036 0.0608121389 0.7238826694 0.4691719710
-75.4536907552 0.0608122305 0.7238818448 0.4691569012
-75.4536633889 0.0608123209 0.7238810315 0.4691418949
-75.4536364315 0.0608124099 0.7238802303 0.4691269745
-75.4536099092 0.0608124974 0.7238794420 0.4691121625
-75.4535838482 0.0608125835 0.7238786674 0.4690974813
-75.4535582746 0.0608126679 0.7238779072 0.4690829528
-75.4535332140 0.0608127507 0.7238771622 0.4690685991
-75.4535086918 0.0608128316 0.7238764333 0.4690544420
-75.4534847331 0.0608129107 0.7238757210 0.4690405032
-75.4534613625 0.0608129879 0.7238750262 0.4690268045
-75.4534386044 0.0608130630 0.7238743495 0.4690133674
-75.4534164826 0.0608131361 0.7238736918 0.4690002135
-75.4533950205 0.0608132069 0.7238730536 0.4689873643
-75.4533742410 0.0608132755 0.7238724357 0.4689748412
-75.4533541665 0.0608133418 0.7238718388 0.4689626653
-75.4533348187 0.0608134057 0.7238712634 0.4689508578
-75.4533162187 0.0608134671 0.7238707103 0.4689394391
-75.4532983870 0.0608135260 0.7238701800 0.4689284298
-75.4532813434 0.0608135822 0.7238696731 0.4689178499
-75.4532651068 0.0608136359 0.7238691902 0.4689077187
-75.4532496956 0.0608136867 0.7238687319 0.4688980553
-75.4532351271 0.0608137348 0.7238682986 0.4688888780
-75.4532214180 0.0608137801 0.7238678908 0.4688802044
-75.4532085838 0.0608138225 0.7238675091 0.4688720514
-75.4531966394 0.0608138619 0.7238671538 0.4688644351
-75.4531855984 0.0608138984 0.7238668254 0.4688573703
-75.4531754738 0.0608139318 0.7238665242 0.4688508713
-75.4531662773 0.0608139622 0.7238662507 0.4688449510
-75.4531580196 0.0608139894 0.7238660050 0.4688396213
-75.4531507104 0.0608140136 0.7238657876 0.4688348930
-75.4531443582 0.0608140345 0.7238655986 0.4688307755
-75.4531389705 0.0608140523 0.7238654384 0.4688272772
-75.4531345538 0.0608140669 0.7238653070 0.4688244053
-75.4531311131 0.0608140783 0.7238652046 0.4688221655
-75.4531286525 0.0608140864 0.7238651314 0.4688205624
-75.4531271750 0.0608140913 0.7238650875 0.4688195992
-75.4531266823 0.0608140929 0.7238650728 0.4688192779
-75.4547552372 0.0608087163 0.7239134306 0.4695539288
-75.4547338697 0.0608087868 0.7239127978 0.4695514531
-75.4547084414 0.0608088707 0.7239120447 0.4695481814
-75.4546820651 0.0608089578 0.7239112635 0.4695444271
-75.4546552769 0.0608090462 0.7239104699 0.4695402123
-75.4546281724 0.0608091357 0.7239096669 0.4695355153
-75.4546007725 0.0608092262 0.7239088550 0.4695303122
-75.4545730868 0.0608093176 0.7239080345 0.4695245855
-75.4545451232 0.0608094099 0.7239072058 0.4695183154
-75.4545168914 0.0608095031 0.7239063689 0.4695114949
-75.4544884023 0.0608095971 0.7239055244 0.4695041194
-75.4544596682 0.0608096920 0.7239046724 0.4694961893
-75.4544307025 0.0608097876 0.7239038135 0.4694877092
-75.4544015200 0.0608098840 0.7239029481 0.4694786879
-75.4543721368 0.0608099810 0.7239020766 0.4694691375
-75.4543425701 0.0608100786 0.7239011996 0.4694590736
-75.4543128383 0.0608101767 0.7239003176 0.4694485145
-75.4542829607 0.0608102754 0.7238994311 0.4694374805
-75.4542529576 0.0608103744 0.7238985409 0.4694259944
-75.4542228502 0.0608104738 0.7238976474 0.4694140802
-75.4541926605 0.0608105735 0.7238967515 0.4694017632
-75.4541624113 0.0608106734 0.7238958536 0.4693890699
-75.4541321259 0.0608107733 0.7238949547 0.4693760271
-75.4541018284 0.0608108734 0.7238940552 0.4693626623
-75.4540715433 0.0608109734 0.7238931561 0.4693490032
-75.4540412956 0.0608110732 0.7238922580 0.4693350775
-75.4540111108 0.0608111729 0.7238913617 0.4693209129
-75.4539810146 0.0608112722 0.7238904679 0.4693065368
-75.4539510332 0.0608113712 0.7238895775 0.4692919763
-75.4539211928 0.0608114697 0.7238886912 0.4692772582
-75.4538915200 0.0608115677 0.7238878098 0.4692624087
-75.4538620415 0.0608116650 0.7238869341 0.4692474538
-75.4538327841 0.0608117616 0.7238860650 0.4692324189
-75.4538037747 0.0608118574 0.7238852031 0.4692173289
-75.4537750403 0.0608119523 0.7238843494 0.4692022082
-75.4537466076 0.0608120461 0.7238835045 0.4691870811
-75.4537185036 0.0608121389 0.7238826694 0.4691719710
-75.4536907552 0.0608122305 0.7238818448 0.4691569013
-75.4536633890 0.0608123209 0.7238810315 0.4691418949
-75.4536364315 0.0608124099 0.7238802303 0.4691269745
-75.4536099092 0.0608124974 0.7238794420 0.4691121625
-75.4535838483 0.0608125835 0.7238786674 0.4690974813
-75.4535582746 0.0608126679 0.7238779072 0.4690829528
-75.4535332140 0.0608127507 0.7238771622 0.4690685991
-75.4535086918 0.0608128316 0.7238764333 0.4690544420
-75.4534847331 0.0608129107 0.7238757210 0.4690405032
-75.4534613625 0.0608129879 0.7238750262 0.4690268045
-75.4534386044 0.0608130630 0.7238743495 0.4690133674
-75.4534164826 0.0608131361 0.7238736918 0.4690002135
-75.4533950205 0.0608132069 0.7238730536 0.4689873643
-75.4533742410 0.0608132755 0.7238724357 0.4689748412
-75.4533541665 0.0608133418 0.7238718388 0.4689626654
-75.4533348187 0.0608134057 0.7238712634 0.4689508578
-75.4533162187 0.0608134671 0.7238707103 0.4689394391
-75.4532983870 0.0608135260 0.7238701800 0.4689284299
-75.4532813434 0.0608135822 0.7238696731 0.4689178499
-75.4532651068 0.0608136359 0.7238691902 0.4689077187
-75.4532496956 0.0608136867 0.7238687319 0.4688980553
-75.4532351272 0.0608137348 0.7238682986 0.4688888780
-75.4532214180 0.0608137801 0.7238678908 0.4688802044
-75.4532085838 0.0608138225 0.7238675091 0.4688720514
-75.4531966394 0.0608138619 0.7238671538 0.4688644351
-75.4531855985 0.0608138984 0.7238668254 0.4688573703
-75.4531754739 0.0608139318 0.7238665242 0.4688508713
-75.4531662773 0.0608139622 0.7238662507 0.4688449510
-75.4531580196 0.0608139894 0.7238660050 0.4688396213
-75.4531507104 0.0608140136 0.7238657876 0.4688348930
-75.4531443582 0.0608140345 0.7238655986 0.4688307755
-75.4531389706 0.0608140523 0.7238654384 0.4688272772
-75.4531345538 0.0608140669 0.7238653070 0.4688244053
-75.4531311131 0.0608140783 0.7238652046 0.4688221655
-75.4531286525 0.0608140864 0.7238651314 0.4688205624
-75.4531271750 0.0608140913 0.7238650875 0.4688195992
-75.4531266823 0.0608140929 0.7238650728 0.4688192779
-75.4547552372 0.0608087163 0.7239134306 0.4695539288
-75.4547338697 0.0608087868 0.7239127978 0.4695514531
-75.4547084414 0.0608088707 0.7239120447 0.4695481814
-75.4546820651 0.0608089578 0.7239112635 0.4695444271
-75.4546552769 0.0608090462 0.7239104699 0.4695402123
-75.4546281724 0.0608091357 0.7239096669 0.4695355153
-75.4546007725 0.0608092262 0.7239088550 0.4695303122
-75.4545730865 0.0608093176 0.7239080345 0.4695245830
-75.4545451231 0.0608094099 0.7239072058 0.4695183154
-75.4545168914 0.0608095031 0.7239063689 0.4695114949
-75.4544884023 0.0608095971 0.7239055244 0.4695041194
-75.4544596682 0.0608096920 0.7239046724 0.4694961893
-75.4544307025 0.0608097876 0.7239038135 0.4694877093
-75.4544015200 0.0608098840 0.7239029481 0.4694786879
-75.4543721368 0.0608099810 0.7239020766 0.4694691375
-75.4543425701 0.0608100786 0.7239011996 0.4694590737
-75.4543128383 0.0608101767 0.7239003176 0.4694485145
-75.4542829607 0.0608102754 0.7238994311 0.4694374806
-75.4542529576 0.0608103744 0.7238985409 0.4694259944
-75.4542228502 0.0608104738 0.7238976474 0.4694140802
-75.4541926605 0.0608105735 0.7238967515 0.4694017633
-75.4541624113 0.0608106734 0.7238958536 0.4693890699
-75.4541321259 0.0608107733 0.7238949547 0.4693760271
-75.4541018284 0.0608108734 0.7238940552 0.4693626623
-75.4540715433 0.0608109734 0.7238931561 0.4693490032
-75.4540412956 0.0608110732 0.7238922580 0.4693350776
-75.4540111108 0.0608111729 0.7238913617 0.4693209130
-75.4539810146 0.0608112722 0.7238904679 0.4693065368
-75.4539510332 0.0608113712 0.7238895775 0.4692919763
-75.4539211928 0.0608114697 0.7238886912 0.4692772582
-75.4538915200 0.0608115677 0.7238878098 0.4692624088
-75.4538620415 0.0608116650 0.7238869341 0.4692474539
-75.4538327841 0.0608117616 0.7238860650 0.4692324189
-75.4538037747 0.0608118574 0.7238852031 0.4692173289
-75.4537750403 0.0608119523 0.7238843494 0.4692022083
-75.4537466076 0.0608120461 0.7238835045 0.4691870811
-75.4537185037 0.0608121389 0.7238826694 0.4691719710
-75.4536907552 0.0608122305 0.7238818448 0.4691569013
-75.4536633890 0.0608123209 0.7238810315 0.4691418949
-75.4536364315 0.0608124099 0.7238802303 0.4691269745
-75.4536099092 0.0608124974 0.7238794420 0.4691121626
-75.4535838483 0.0608125835 0.7238786674 0.4690974813
-75.4535582747 0.0608126679 0.7238779072 0.4690829528
-75.4535332140 0.0608127507 0.7238771622 0.4690685991
-75.4535086918 0.0608128316 0.7238764333 0.4690544420
-75.4534847331 0.0608129107 0.7238757210 0.4690405032
-75.4534613625 0.0608129879 0.7238750262 0.4690268045
-75.4534386044 0.0608130630 0.7238743495 0.4690133674
-75.4534164826 0.0608131361 0.7238736918 0.4690002135
-75.4533950205 0.0608132069 0.7238730536 0.4689873644
-75.4533742410 0.0608132755 0.7238724357 0.4689748412
-75.4533541665 0.0608133418 0.7238718388 0.4689626654
-75.4533348187 0.0608134057 0.7238712634 0.4689508578
-75.4533162187 0.0608134671 0.7238707103 0.4689394392
-75.4532983870 0.0608135260 0.7238701800 0.4689284299
-75.4532813434 0.0608135822 0.7238696731 0.4689178499
-75.4532651069 0.0608136359 0.7238691902 0.4689077187
-75.4532496957 0.0608136867 0.7238687319 0.4688980553
-75.4532351272 0.0608137348 0.7238682986 0.4688888780
-75.4532214180 0.0608137801 0.7238678908 0.4688802044
-75.4532085839 0.0608138225 0.7238675091 0.4688720514
-75.4531966394 0.0608138619 0.7238671538 0.4688644351
-75.4531855985 0.0608138984 0.7238668254 0.4688573704
-75.4531754739 0.0608139318 0.7238665242 0.4688508713
-75.4531662773 0.0608139622 0.7238662507 0.4688449510
-75.4531580196 0.0608139894 0.7238660050 0.4688396213
-75.4531507104 0.0608140136 0.7238657876 0.4688348930
-75.4531443582 0.0608140345 0.7238655986 0.4688307755
-75.4531389706 0.0608140523 0.7238654384 0.4688272772
-75.4531345538 0.0608140669 0.7238653070 0.4688244053
-75.4531311131 0.0608140783 0.7238652046 0.4688221655
-75.4531286526 0.0608140864 0.7238651314 0.4688205623
-75.4531271751 0.0608140913 0.7238650875 0.4688195992
-75.4531266824 0.0608140929 0.7238650728 0.4688192779
-75.4547552372 0.0608087163 0.7239134306 0.4695539289
-75.4547338697 0.0608087868 0.7239127978 0.4695514531
-75.4547084414 0.0608088707 0.7239120447 0.4695481814
-75.4546820651 0.0608089578 0.7239112635 0.4695444272
-75.4546552769 0.0608090462 0.7239104699 0.4695402123
-75.4546281724 0.0608091357 0.7239096669 0.4695355154
-75.4546007725 0.0608092262 0.7239088550 0.4695303122
-75.4545730865 0.0608093176 0.7239080345 0.4695245830
-75.4545451229 0.0608094099 0.7239072057 0.4695183129
-75.4545168914 0.0608095031 0.7239063689 0.4695114949
-75.4544884023 0.0608095971 0.7239055244 0.4695041195
-75.4544596682 0.0608096920 0.7239046724 0.4694961894
-75.4544307024 0.0608097876 0.7239038135 0.4694877093
-75.4544015200 0.0608098840 0.7239029481 0.4694786879
-75.4543721368 0.0608099810 0.7239020766 0.4694691376
-75.4543425701 0.0608100786 0.7239011996 0.4694590737
-75.4543128383 0.0608101767 0.7239003176 0.4694485145
-75.4542829607 0.0608102754 0.7238994311 0.4694374806
-75.4542529576 0.0608103744 0.7238985409 0.4694259945
-75.4542228502 0.0608104738 0.7238976474 0.4694140802
-75.4541926605 0.0608105735 0.7238967515 0.4694017633
-75.4541624113 0.0608106734 0.7238958536 0.4693890699
-75.4541321259 0.0608107733 0.7238949547 0.4693760271
-75.4541018284 0.0608108734 0.7238940552 0.4693626623
-75.4540715433 0.0608109734 0.7238931561 0.4693490033
-75.4540412956 0.0608110732 0.7238922580 0.4693350776
-75.4540111108 0.0608111729 0.7238913617 0.4693209130
-75.4539810147 0.0608112722 0.7238904679 0.4693065369
-75.4539510332 0.0608113712 0.7238895775 0.4692919764
-75.4539211928 0.0608114697 0.7238886912 0.4692772582
-75.4538915200 0.0608115677 0.7238878098 0.4692624088
-75.4538620415 0.0608116650 0.7238869341 0.4692474539
-75.4538327842 0.0608117616 0.7238860650 0.4692324190
-75.4538037748 0.0608118574 0.7238852031 0.4692173289
-75.4537750403 0.0608119523 0.7238843494 0.4692022083
-75.4537466076 0.0608120461 0.7238835045 0.4691870811
-75.4537185037 0.0608121389 0.7238826694 0.4691719710
-75.4536907552 0.0608122305 0.7238818448 0.4691569013
-75.4536633890 0.0608123209 0.7238810315 0.4691418949
-75.4536364315 0.0608124099 0.7238802303 0.4691269745
-75.4536099092 0.0608124974 0.7238794420 0.4691121626
-75.4535838483 0.0608125835 0.7238786674 0.4690974813
-75.4535582747 0.0608126679 0.7238779072 0.4690829529
-75.4535332141 0.0608127507 0.7238771623 0.4690685991
-75.4535086919 0.0608128316 0.7238764333 0.4690544420
-75.4534847331 0.0608129107 0.7238757210 0.4690405033
-75.4534613625 0.0608129879 0.7238750262 0.4690268045
-75.4534386044 0.0608130630 0.7238743495 0.4690133674
-75.4534164826 0.0608131361 0.7238736918 0.4690002136
-75.4533950205 0.0608132069 0.7238730536 0.4689873644
-75.4533742411 0.0608132755 0.7238724357 0.4689748412
-75.4533541665 0.0608133418 0.7238718388 0.4689626654
-75.4533348187 0.0608134057 0.7238712634 0.4689508578
-75.4533162187 0.0608134671 0.7238707103 0.4689394392
-75.4532983870 0.0608135260 0.7238701800 0.4689284299
-75.4532813434 0.0608135822 0.7238696731 0.4689178499
-75.4532651069 0.0608136359 0.7238691902 0.4689077187
-75.4532496957 0.0608136867 0.7238687319 0.4688980553
-75.4532351272 0.0608137348 0.7238682986 0.4688888780
-75.4532214181 0.0608137801 0.7238678908 0.4688802044
-75.4532085839 0.0608138225 0.7238675091 0.4688720515
-75.4531966394 0.0608138619 0.7238671538 0.4688644351
-75.4531855985 0.0608138984 0.7238668254 0.4688573704
-75.4531754739 0.0608139318 0.7238665242 0.4688508713
-75.4531662774 0.0608139622 0.7238662507 0.4688449510
-75.4531580196 0.0608139894 0.7238660050 0.4688396213
-75.4531507104 0.0608140136 0.7238657876 0.4688348930
-75.4531443582 0.0608140345 0.7238655986 0.4688307755
-75.4531389706 0.0608140523 0.7238654384 0.4688272772
-75.4531345538 0.0608140669 0.7238653070 0.4688244053
-75.4531311131 0.0608140783 0.7238652046 0.4688221655
-75.4531286526 0.0608140864 0.7238651314 0.4688205623
-75.4531271751 0.0608140913 0.7238650875 0.4688195991
-75.4531266824 0.0608140929 0.7238650728 0.4688192778
-75.4547532899 0.0608087227 0.7239133733 0.4695537533
-75.4547298016 0.0608088002 0.7239126782 0.4695510879
-75.4547022234 0.0608088913 0.7239118618 0.4695476265
-75.4546736933 0.0608089854 0.7239110172 0.4695436850
-75.4546447522 0.0608090810 0.7239101603 0.4695392862
-75.4546154965 0.0608091776 0.7239092941 0.4695344087
-75.4545859477 0.0608092751 0.7239084190 0.4695290287
-75.4545561154 0.0608093736 0.7239075354 0.4695231264
-75.4545260084 0.0608094730 0.7239066436 0.4695166870
-75.4544956365 0.0608095733 0.7239057438 0.4695097009
-75.4544650111 0.0608096744 0.7239048364 0.4695021658
-75.4544341441 0.0608097763 0.7239039217 0.4694940768
-75.4544030494 0.0608098789 0.7239030002 0.4694854406
-75.4543717423 0.0608099823 0.7239020722 0.4694762656
-75.4543402389 0.0608100863 0.7239011384 0.4694665635
-75.4543085566 0.0608101909 0.7239001991 0.4694563493
-75.4542767141 0.0608102960 0.7238992550 0.4694456407
-75.4542447309 0.0608104016 0.7238983066 0.4694344575
-75.4542126274 0.0608105076 0.7238973545 0.4694228217
-75.4541804251 0.0608106139 0.7238963994 0.4694107568
-75.4541481462 0.0608107204 0.7238954420 0.4693982873
-75.4541158136 0.0608108272 0.7238944828 0.4693854389
-75.4540834509 0.0608109340 0.7238935227 0.4693722378
-75.4540510823 0.0608110409 0.7238925623 0.4693587109
-75.4540187327 0.0608111477 0.7238916023 0.4693448850
-75.4539864271 0.0608112543 0.7238906436 0.4693307871
-75.4539541914 0.0608113608 0.7238896869 0.4693164441
-75.4539220514 0.0608114669 0.7238887330 0.4693018827
-75.4538900335 0.0608115726 0.7238877826 0.4692871294
-75.4538581644 0.0608116778 0.7238868365 0.4692722101
-75.4538264709 0.0608117824 0.7238858956 0.4692571505
-75.4537949798 0.0608118864 0.7238849606 0.4692419757
-75.4537637184 0.0608119896 0.7238840324 0.4692267104
-75.4537327138 0.0608120920 0.7238831117 0.4692113789
-75.4537019933 0.0608121934 0.7238821994 0.4691960050
-75.4536715842 0.0608122938 0.7238812963 0.4691806122
-75.4536415138 0.0608123931 0.7238804032 0.4691652233
-75.4536118092 0.0608124911 0.7238795209 0.4691498610
-75.4535824976 0.0608125879 0.7238786502 0.4691345478
-75.4535536059 0.0608126833 0.7238777920 0.4691193056
-75.4535251612 0.0608127772 0.7238769470 0.4691041565
-75.4534971900 0.0608128696 0.7238761160 0.4690891222
-75.4534697190 0.0608129603 0.7238752998 0.4690742244
-75.4534427742 0.0608130492 0.7238744992 0.4690594845
-75.4534163818 0.0608131364 0.7238737150 0.4690449241
-75.4533905675 0.0608132216 0.7238729479 0.4690305646
-75.4533653565 0.0608133048 0.7238721987 0.4690164275
-75.4533407739 0.0608133860 0.7238714682 0.4690025344
-75.4533168444 0.0608134650 0.7238707570 0.4689889068
-75.4532935921 0.0608135418 0.7238700659 0.4689755662
-75.4532710406 0.0608136162 0.7238693957 0.4689625342
-75.4532492133 0.0608136883 0.7238687469 0.4689498321
-75.4532281327 0.0608137579 0.7238681203 0.4689374814
-75.4532078210 0.0608138249 0.7238675166 0.4689255031
-75.4531882995 0.0608138894 0.7238669363 0.4689139184
-75.4531695890 0.0608139512 0.7238663801 0.4689027477
-75.4531517096 0.0608140102 0.7238658485 0.4688920116
-75.4531346806 0.0608140664 0.7238653423 0.4688817299
-75.4531185205 0.0608141198 0.7238648619 0.4688719219
-75.4531032471 0.0608141702 0.7238644078 0.4688626065
-75.4530888771 0.0608142177 0.7238639806 0.4688538017
-75.4530754265 0.0608142621 0.7238635807 0.4688455246
-75.4530629103 0.0608143034 0.7238632085 0.4688377917
-75.4530513425 0.0608143416 0.7238628646 0.4688306184
-75.4530407361 0.0608143766 0.7238625492 0.4688240190
-75.4530311030 0.0608144084 0.7238622628 0.4688180068
-75.4530224542 0.0608144370 0.7238620056 0.4688125941
-75.4530147995 0.0608144622 0.7238617780 0.4688077918
-75.4530081477 0.0608144842 0.7238615802 0.4688036098
-75.4530025062 0.0608145028 0.7238614125 0.4688000565
-75.4529978816 0.0608145181 0.7238612750 0.4687971393
-75.4529942792 0.0608145300 0.7238611678 0.4687948642
-75.4529917031 0.0608145385 0.7238610912 0.4687932357
-75.4529901563 0.0608145436 0.7238610452 0.4687922573
-75.4529896404 0.0608145453 0.7238610299 0.4687919309
-75.4547532899 0.0608087227 0.7239133733 0.4695537533
-75.4547298016 0.0608088002 0.7239126782 0.4695510879
-75.4547022234 0.0608088913 0.7239118618 0.4695476265
-75.4546736933 0.0608089854 0.7239110172 0.4695436850
-75.4546447522 0.0608090810 0.7239101603 0.4695392862
-75.4546154965 0.0608091776 0.7239092941 0.4695344087
-75.4545859477 0.0608092751 0.7239084190 0.4695290287
-75.4545561154 0.0608093736 0.7239075354 0.4695231265
-75.4545260084 0.0608094730 0.7239066436 0.4695166871
-75.4544956365 0.0608095733 0.7239057438 0.4695097009
-75.4544650111 0.0608096744 0.7239048364 0.4695021658
-75.4544341440 0.0608097763 0.7239039217 0.4694940768
-75.4544030494 0.0608098789 0.7239030002 0.4694854406
-75.4543717423 0.0608099823 0.7239020722 0.4694762656
-75.4543402388 0.0608100863 0.7239011384 0.4694665635
-75.4543085566 0.0608101909 0.7239001991 0.4694563493
-75.4542767141 0.0608102960 0.7238992550 0.4694456407
-75.4542447309 0.0608104016 0.7238983066 0.4694344575
-75.4542126274 0.0608105076 0.7238973545 0.4694228217
-75.4541804251 0.0608106139 0.7238963994 0.4694107568
-75.4541481462 0.0608107204 0.7238954420 0.4693982873
-75.4541158136 0.0608108272 0.7238944828 0.4693854389
-75.4540834509 0.0608109340 0.7238935227 0.4693722378
-75.4540510823 0.0608110409 0.7238925623 0.4693587109
-75.4540187326 0.0608111477 0.7238916023 0.4693448850
-75.4539864271 0.0608112543 0.7238906436 0.4693307870
-75.4539541913 0.0608113608 0.7238896869 0.4693164441
-75.4539220514 0.0608114669 0.7238887330 0.4693018827
-75.4538900335 0.0608115726 0.7238877826 0.4692871294
-75.4538581644 0.0608116778 0.7238868365 0.4692722101
-75.4538264708 0.0608117824 0.7238858956 0.4692571505
-75.4537949798 0.0608118864 0.7238849606 0.4692419757
-75.4537637184 0.0608119896 0.7238840324 0.4692267104
-75.4537327138 0.0608120920 0.7238831117 0.4692113789
-75.4537019933 0.0608121934 0.7238821994 0.4691960050
-75.4536715842 0.0608122938 0.7238812963 0.4691806121
-75.4536415138 0.0608123931 0.7238804032 0.4691652232
-75.4536118092 0.0608124911 0.7238795209 0.4691498610
-75.4535824975 0.0608125879 0.7238786502 0.4691345477
-75.4535536059 0.0608126833 0.7238777920 0.4691193056
-75.4535251612 0.0608127772 0.7238769470 0.4691041565
-75.4534971900 0.0608128696 0.7238761160 0.4690891222
-75.4534697190 0.0608129603 0.7238752998 0.4690742244
-75.4534427742 0.0608130492 0.7238744992 0.4690594845
-75.4534163818 0.0608131364 0.7238737150 0.4690449241
-75.4533905674 0.0608132216 0.7238729479 0.4690305646
-75.4533653565 0.0608133048 0.7238721987 0.4690164275
-75.4533407739 0.0608133860 0.7238714682 0.4690025344
-75.4533168444 0.0608134650 0.7238707570 0.4689889068
-75.4532935921 0.0608135418 0.7238700659 0.4689755662
-75.4532710406 0.0608136162 0.7238693957 0.4689625341
-75.4532492133 0.0608136883 0.7238687469 0.4689498321
-75.4532281327 0.0608137579 0.7238681203 0.4689374814
-75.4532078210 0.0608138249 0.7238675166 0.4689255031
-75.4531882995 0.0608138894 0.7238669363 0.4689139183
-75.4531695890 0.0608139512 0.7238663801 0.4689027477
-75.4531517096 0.0608140102 0.7238658485 0.4688920116
-75.4531346806 0.0608140664 0.7238653423 0.4688817299
-75.4531185205 0.0608141198 0.7238648619 0.4688719219
-75.4531032471 0.0608141702 0.7238644078 0.4688626065
-75.4530888771 0.0608142177 0.7238639806 0.4688538017
-75.4530754265 0.0608142621 0.7238635807 0.4688455246
-75.4530629103 0.0608143034 0.7238632085 0.4688377917
-75.4530513425 0.0608143416 0.7238628646 0.4688306184
-75.4530407361 0.0608143766 0.7238625492 0.4688240190
-75.4530311030 0.0608144084 0.7238622628 0.4688180068
-75.4530224542 0.0608144370 0.7238620056 0.4688125941
-75.4530147995 0.0608144622 0.7238617780 0.4688077918
-75.4530081477 0.0608144842 0.7238615802 0.4688036098
-75.4530025062 0.0608145028 0.7238614125 0.4688000565
-75.4529978816 0.0608145181 0.7238612750 0.4687971393
-75.4529942792 0.0608145300 0.7238611678 0.4687948642
-75.4529917031 0.0608145385 0.7238610912 0.4687932357
-75.4529901563 0.0608145436 0.7238610452 0.4687922573
-75.4529896404 0.0608145453 0.7238610299 0.4687919309
