-75.3243984334 0.0612392409 0.7206290057 0.4715493237
-75.3243951863 0.0612392517 0.7206289089 0.4715452018
-75.3243854518 0.0612392840 0.7206286187 0.4715328352
-75.3243692533 0.0612393379 0.7206281358 0.4715122530
-75.3243466416 0.0612394130 0.7206274616 0.4714836170
-75.3243177139 0.0612395091 0.7206265993 0.4714474073
-75.3242654899 0.0612396826 0.7206250357 0.4712396736
-75.3242268355 0.0612398110 0.7206238846 0.4712118333
-75.3241831328 0.0612399562 0.7206225835 0.4711843569
-75.3241344321 0.0612401180 0.7206211340 0.4711572935
-75.3240807819 0.0612402963 0.7206195374 0.4711306811
-75.3240222289 0.0612404908 0.7206177952 0.4711045483
-75.3239588186 0.0612407014 0.7206159087 0.4710789161
-75.3238905948 0.0612409281 0.7206138793 0.4710537990
-75.3238176002 0.0612411706 0.7206117082 0.4710292065
-75.3237398760 0.0612414288 0.7206093967 0.4710051432
-75.3236574623 0.0612417026 0.7206069459 0.4709816097
-75.3235703983 0.0612419919 0.7206043570 0.4709586036
-75.3234787218 0.0612422965 0.7206016312 0.4709361197
-75.3233824697 0.0612426162 0.7205987695 0.4709141501
-75.3232816779 0.0612429511 0.7205957730 0.4708926848
-75.3231763814 0.0612433009 0.7205926428 0.4708717120
-75.3230666142 0.0612436656 0.7205893798 0.4708512189
-75.3229524096 0.0612440450 0.7205859849 0.4708311906
-75.3228338000 0.0612444391 0.7205824593 0.4708116110
-75.3227108169 0.0612448477 0.7205788038 0.4707924632
-75.3225834913 0.0612452707 0.7205750192 0.4707737293
-75.3224518534 0.0612457081 0.7205711066 0.4707553902
-75.3223159326 0.0612461597 0.7205670667 0.4707374258
-75.3221757579 0.0612466254 0.7205629004 0.4707198155
-75.3220313574 0.0612471052 0.7205586086 0.4707025377
-75.3218827589 0.0612475989 0.7205541919 0.4706855693
-75.3217299896 0.0612481065 0.7205496513 0.4706688865
-75.3215730760 0.0612486279 0.7205449874 0.4706524648
-75.3214120443 0.0612491629 0.7205402011 0.4706362779
-75.3212469201 0.0612497116 0.7205352931 0.4706202977
-75.3210777287 0.0612502737 0.7205302641 0.4706044954
-75.3209044950 0.0612508493 0.7205251148 0.4705888402
-75.3207272432 0.0612514383 0.7205198459 0.4705732986
-75.3205459976 0.0612520405 0.7205144581 0.4705578354
-75.3203607819 0.0612526559 0.7205089521 0.4705424134
-75.3201716196 0.0612532845 0.7205033286 0.4705269915
-75.3199785337 0.0612539261 0.7204975882 0.4705115260
-75.3197815474 0.0612545807 0.7204917315 0.4704959700
-75.3195806834 0.0612552481 0.7204857593 0.4704802724
-75.3193759641 0.0612559284 0.7204796721 0.4704643773
-75.3191674123 0.0612566214 0.7204734707 0.4704482248
-75.3189550502 0.0612573271 0.7204671555 0.4704317489
-75.3187389001 0.0612580454 0.7204607273 0.4704148771
-75.3185189844 0.0612587762 0.7204541866 0.4703975308
-75.3182953253 0.0612595194 0.7204475342 0.4703796229
-75.3180679452 0.0612602750 0.7204407706 0.4703610568
-75.3178368664 0.0612610430 0.7204338965 0.4703417263
-75.3176021112 0.0612618231 0.7204269124 0.4703215122
-75.3173637022 0.0612626154 0.7204198191 0.4703002813
-75.3171216616 0.0612634198 0.7204126171 0.4702778837
-75.3168760116 0.0612642362 0.7204053070 0.4702541481
-75.3166267741 0.0612650645 0.7203978895 0.4702288791
-75.3163739700 0.0612659047 0.7203903651 0.4702018496
-75.3161176194 0.0612667567 0.7203827345 0.4701727935
-75.3158577404 0.0612676204 0.7203749980 0.4701413936
-75.3155943479 0.0612684958 0.7203671561 0.4701072659
-75.3153274523 0.0612693829 0.7203592090 0.4700699364
-75.3150570560 0.0612702816 0.7203511568 0.4700288067
-75.3147831499 0.0612711920 0.7203429991 0.4699831023
-75.3145057059 0.0612721142 0.7203347350 0.4699317928
-75.3142246652 0.0612730483 0.7203263627 0.4698734612
-75.3139399185 0.0612739948 0.7203178789 0.4698060857
-75.3136512690 0.0612749543 0.7203092774 0.4697266454
-75.3133583604 0.0612759279 0.7203005475 0.4696303616
-75.3130605304 0.0612769179 0.7202916690 0.4695091207
-75.3127565296 0.0612779285 0.7202826042 0.4693482195
-75.3124446829 0.0612789651 0.7202733022 0.4691254948
-75.3121306744 0.0612800089 0.7202639339 0.4688742947
-75.3118371631 0.0612809847 0.7202551796 0.4687048496
-75.3116288637 0.0612816771 0.7202489687 0.4686223504
-75.3116613303 0.0612815692 0.7202499375 0.4686366261
-75.3116339376 0.0612816603 0.7202491205 0.4686251405
-75.3115955781 0.0612817878 0.7202479761 0.4686083882
-75.3115546809 0.0612819237 0.7202467558 0.4685900409
-75.3115127246 0.0612820632 0.7202455036 0.4685707963
-75.3114699966 0.0612822053 0.7202442282 0.4685508477
-75.3114265803 0.0612823496 0.7202429321 0.4685302970
-75.3113825243 0.0612824961 0.7202416166 0.4685092239
-75.3113378710 0.0612826445 0.7202402831 0.4684876979
-75.3112926621 0.0612827948 0.7202389329 0.4684657805
-75.3112469388 0.0612829468 0.7202375671 0.4684435267
-75.3112007421 0.0612831004 0.7202361870 0.4684209851
-75.3111541132 0.0612832554 0.7202347938 0.4683981986
-75.3111070929 0.0612834117 0.7202333888 0.4683752053
-75.3110597219 0.0612835692 0.7202319731 0.4683520386
-75.3110120409 0.0612837277 0.7202305481 0.4683287275
-75.3109640903 0.0612838871 0.7202291149 0.4683052976
-75.3109159104 0.0612840473 0.7202276746 0.4682817713
-75.3108675414 0.0612842081 0.7202262286 0.4682581683
-75.3108190234 0.0612843694 0.7202247781 0.4682345055
-75.3107703962 0.0612845311 0.7202233241 0.4682107978
-75.3107216997 0.0612846930 0.7202218680 0.4681870586
-75.3106729736 0.0612848550 0.7202204108 0.4681632998
-75.3106242576 0.0612850170 0.7202189539 0.4681395319
-75.3105755911 0.0612851788 0.7202174983 0.4681157648
-75.3105270136 0.0612853403 0.7202160453 0.4680920072
-75.3104785645 0.0612855013 0.7202145961 0.4680682679
-75.3104302831 0.0612856619 0.7202131518 0.4680445553
-75.3103822088 0.0612858217 0.7202117136 0.4680208775
-75.3103343806 0.0612859807 0.7202102826 0.4679972426
-75.3102868378 0.0612861388 0.7202088601 0.4679736590
-75.3102396194 0.0612862958 0.7202074473 0.4679501356
-75.3101927644 0.0612864516 0.7202060452 0.4679266816
-75.3101463118 0.0612866060 0.7202046551 0.4679033066
-75.3101003006 0.0612867590 0.7202032781 0.4678800209
-75.3100547694 0.0612869104 0.7202019155 0.4678568356
-75.3100097570 0.0612870600 0.7202005683 0.4678337630
-75.3099653021 0.0612872078 0.7201992377 0.4678108160
-75.3099214432 0.0612873536 0.7201979248 0.4677880084
-75.3098782186 0.0612874974 0.7201966309 0.4677653554
-75.3098356667 0.0612876388 0.7201953571 0.4677428736
-75.3097938256 0.0612877779 0.7201941045 0.4677205810
-75.3097527332 0.0612879146 0.7201928743 0.4676984967
-75.3097124273 0.0612880486 0.7201916675 0.4676766412
-75.3096729454 0.0612881799 0.7201904854 0.4676550368
-75.3096343248 0.0612883083 0.7201893290 0.4676337078
-75.3095966025 0.0612884337 0.7201881994 0.4676126799
-75.3095598152 0.0612885560 0.7201870979 0.4675919804
-75.3095239992 0.0612886751 0.7201860253 0.4675716378
-75.3094891903 0.0612887908 0.7201849829 0.4675516827
-75.3094554240 0.0612889031 0.7201839716 0.4675321472
-75.3094227350 0.0612890118 0.7201829926 0.4675130648
-75.3093911576 0.0612891168 0.7201820469 0.4674944699
-75.3093607253 0.0612892180 0.7201811354 0.4674763975
-75.3093314707 0.0612893152 0.7201802591 0.4674588833
-75.3093034257 0.0612894085 0.7201794191 0.4674419634
-75.3092766212 0.0612894976 0.7201786162 0.4674256739
-75.3092510869 0.0612895825 0.7201778513 0.4674100507
-75.3092268515 0.0612896631 0.7201771253 0.4673951286
-75.3092039424 0.0612897393 0.7201764391 0.4673809411
-75.3091823856 0.0612898109 0.7201757933 0.4673675201
-75.3091622057 0.0612898780 0.7201751887 0.4673548961
-75.3091434259 0.0612899405 0.7201746261 0.4673430974
-75.3091260677 0.0612899982 0.7201741061 0.4673321503
-75.3091101513 0.0612900511 0.7201736292 0.4673220790
-75.3090956949 0.0612900992 0.7201731961 0.4673129051
-75.3090827153 0.0612901423 0.7201728073 0.4673046481
-75.3090712273 0.0612901805 0.7201724631 0.4672973249
-75.3090612443 0.0612902137 0.7201721640 0.4672909500
-75.3090527776 0.0612902419 0.7201719103 0.4672855357
-75.3090458371 0.0612902650 0.7201717024 0.4672810924
-75.3090404307 0.0612902829 0.7201715404 0.4672776282
-75.3090365646 0.0612902958 0.7201714246 0.4672751494
-75.3090342431 0.0612903035 0.7201713550 0.4672736603
-75.3090334690 0.0612903061 0.7201713318 0.4672731637
-75.3116613303 0.0612815692 0.7202499375 0.4686366261
-75.3116339376 0.0612816603 0.7202491205 0.4686251405
-75.3115955781 0.0612817878 0.7202479761 0.4686083882
-75.3115546809 0.0612819237 0.7202467558 0.4685900409
-75.3115127246 0.0612820632 0.7202455036 0.4685707963
-75.3114699966 0.0612822053 0.7202442282 0.4685508477
-75.3114265803 0.0612823496 0.7202429321 0.4685302970
-75.3113825243 0.0612824961 0.7202416166 0.4685092239
-75.3113378710 0.0612826445 0.7202402831 0.4684876979
-75.3112926621 0.0612827948 0.7202389329 0.4684657805
-75.3112469388 0.0612829468 0.7202375671 0.4684435267
-75.3112007421 0.0612831004 0.7202361870 0.4684209850
-75.3111541132 0.0612832554 0.7202347938 0.4683981986
-75.3111070929 0.0612834117 0.7202333888 0.4683752053
-75.3110597219 0.0612835692 0.7202319731 0.4683520386
-75.3110120409 0.0612837277 0.7202305481 0.4683287275
-75.3109640903 0.0612838871 0.7202291149 0.4683052976
-75.3109159104 0.0612840473 0.7202276746 0.4682817713
-75.3108675414 0.0612842081 0.7202262286 0.4682581683
-75.3108190234 0.0612843694 0.7202247781 0.4682345054
-75.3107703962 0.0612845311 0.7202233241 0.4682107978
-75.3107216997 0.0612846930 0.7202218680 0.4681870586
-75.3106729736 0.0612848550 0.7202204108 0.4681632997
-75.3106242576 0.0612850170 0.7202189539 0.4681395319
-75.3105755911 0.0612851788 0.7202174983 0.4681157647
-75.3105270136 0.0612853403 0.7202160453 0.4680920072
-75.3104785645 0.0612855013 0.7202145961 0.4680682679
-75.3104302831 0.0612856619 0.7202131518 0.4680445553
-75.3103822088 0.0612858217 0.7202117136 0.4680208775
-75.3103343806 0.0612859807 0.7202102826 0.4679972426
-75.3102868378 0.0612861388 0.7202088601 0.4679736590
-75.3102396193 0.0612862958 0.7202074473 0.4679501356
-75.3101927644 0.0612864516 0.7202060452 0.4679266816
-75.3101463118 0.0612866060 0.7202046551 0.4679033066
-75.3101003005 0.0612867590 0.7202032781 0.4678800208
-75.3100547694 0.0612869104 0.7202019155 0.4678568356
-75.3100097570 0.0612870600 0.7202005683 0.4678337629
-75.3099653021 0.0612872078 0.7201992377 0.4678108159
-75.3099214432 0.0612873536 0.7201979248 0.4677880084
-75.3098782186 0.0612874974 0.7201966309 0.4677653554
-75.3098356667 0.0612876388 0.7201953571 0.4677428736
-75.3097938256 0.0612877779 0.7201941045 0.4677205810
-75.3097527332 0.0612879146 0.7201928743 0.4676984966
-75.3097124273 0.0612880486 0.7201916675 0.4676766412
-75.3096729454 0.0612881799 0.7201904854 0.4676550368
-75.3096343248 0.0612883083 0.7201893290 0.4676337078
-75.3095966025 0.0612884337 0.7201881994 0.4676126799
-75.3095598152 0.0612885560 0.7201870979 0.4675919803
-75.3095239992 0.0612886751 0.7201860253 0.4675716378
-75.3094891904 0.0612887908 0.7201849829 0.4675516827
-75.3094554240 0.0612889031 0.7201839716 0.4675321472
-75.3094227350 0.0612890118 0.7201829926 0.4675130648
-75.3093911577 0.0612891168 0.7201820469 0.4674944699
-75.3093607253 0.0612892180 0.7201811354 0.4674763975
-75.3093314708 0.0612893152 0.7201802591 0.4674588833
-75.3093034258 0.0612894085 0.7201794191 0.4674419633
-75.3092766212 0.0612894976 0.7201786162 0.4674256739
-75.3092510869 0.0612895825 0.7201778513 0.4674100507
-75.3092268516 0.0612896631 0.7201771253 0.4673951285
-75.3092039424 0.0612897393 0.7201764391 0.4673809410
-75.3091823856 0.0612898109 0.7201757933 0.4673675201
-75.3091622057 0.0612898780 0.7201751887 0.4673548961
-75.3091434259 0.0612899405 0.7201746261 0.4673430973
-75.3091260678 0.0612899982 0.7201741061 0.4673321502
-75.3091101513 0.0612900511 0.7201736293 0.4673220789
-75.3090956949 0.0612900992 0.7201731961 0.4673129051
-75.3090827153 0.0612901423 0.7201728073 0.4673046481
-75.3090712273 0.0612901805 0.7201724631 0.4672973248
-75.3090612443 0.0612902137 0.7201721640 0.4672909499
-75.3090527777 0.0612902419 0.7201719103 0.4672855357
-75.3090458372 0.0612902650 0.7201717024 0.4672810924
-75.3090404308 0.0612902829 0.7201715404 0.4672776282
-75.3090365646 0.0612902958 0.7201714246 0.4672751493
-75.3090342432 0.0612903035 0.7201713550 0.4672736603
-75.3090334694 0.0612903061 0.7201713318 0.4672731675
-75.3116628151 0.0612815643 0.7202499812 0.4686365034
-75.3116370399 0.0612816499 0.7202492118 0.4686248823
-75.3116003208 0.0612817720 0.7202481157 0.4686079902
-75.3115610684 0.0612819025 0.7202469438 0.4685895008
-75.3115207582 0.0612820365 0.7202457401 0.4685701127
-75.3114796772 0.0612821731 0.7202445132 0.4685500197
-75.3114379091 0.0612823119 0.7202432655 0.4685293240
-75.3113955026 0.0612824529 0.7202419986 0.4685081060
-75.3113525007 0.0612825959 0.7202407138 0.4684864353
-75.3113089449 0.0612827407 0.7202394122 0.4684643741
-75.3112648768 0.0612828872 0.7202380952 0.4684419777
-75.3112203379 0.0612830353 0.7202367639 0.4684192951
-75.3111753693 0.0612831848 0.7202354196 0.4683963698
-75.3111300122 0.0612833356 0.7202340636 0.4683732402
-75.3110843076 0.0612834875 0.7202326971 0.4683499400
-75.3110382963 0.0612836405 0.7202313212 0.4683264989
-75.3109920189 0.0612837943 0.7202299373 0.4683029429
-75.3109455161 0.0612839489 0.7202285465 0.4682792948
-75.3108988282 0.0612841041 0.7202271501 0.4682555747
-75.3108519955 0.0612842598 0.7202257492 0.4682318001
-75.3108050581 0.0612844159 0.7202243451 0.4682079864
-75.3107580561 0.0612845722 0.7202229389 0.4681841474
-75.3107110292 0.0612847285 0.7202215319 0.4681602955
-75.3106640174 0.0612848848 0.7202201253 0.4681364420
-75.3106170603 0.0612850409 0.7202187202 0.4681125971
-75.3105701976 0.0612851967 0.7202173179 0.4680887703
-75.3105234687 0.0612853521 0.7202159194 0.4680649708
-75.3104769132 0.0612855069 0.7202145261 0.4680412078
-75.3104305704 0.0612856610 0.7202131390 0.4680174900
-75.3103844797 0.0612858142 0.7202117595 0.4679938263
-75.3103386802 0.0612859665 0.7202103885 0.4679702257
-75.3102932112 0.0612861176 0.7202090274 0.4679466980
-75.3102481117 0.0612862676 0.7202076773 0.4679232533
-75.3102034207 0.0612864162 0.7202063393 0.4678999020
-75.3101591773 0.0612865633 0.7202050146 0.4678766554
-75.3101154200 0.0612867088 0.7202037045 0.4678535257
-75.3100721878 0.0612868525 0.7202024100 0.4678305261
-75.3100295192 0.0612869944 0.7202011323 0.4678076708
-75.3099874527 0.0612871342 0.7201998726 0.4677849749
-75.3099460266 0.0612872720 0.7201986320 0.4677624546
-75.3099052791 0.0612874074 0.7201974117 0.4677401280
-75.3098652482 0.0612875405 0.7201962128 0.4677180144
-75.3098259716 0.0612876711 0.7201950364 0.4676961346
-75.3097874869 0.0612877991 0.7201938837 0.4676745105
-75.3097498315 0.0612879243 0.7201927558 0.4676531658
-75.3097130422 0.0612880466 0.7201916538 0.4676321263
-75.3096771558 0.0612881659 0.7201905788 0.4676114191
-75.3096422086 0.0612882821 0.7201895319 0.4675910731
-75.3096082364 0.0612883951 0.7201885142 0.4675711182
-75.3095752745 0.0612885047 0.7201875267 0.4675515860
-75.3095433577 0.0612886108 0.7201865704 0.4675325095
-75.3095125202 0.0612887133 0.7201856465 0.4675139229
-75.3094827955 0.0612888121 0.7201847559 0.4674958614
-75.3094542161 0.0612889072 0.7201838996 0.4674783602
-75.3094268138 0.0612889983 0.7201830785 0.4674614550
-75.3094006195 0.0612890854 0.7201822936 0.4674451812
-75.3093756627 0.0612891684 0.7201815458 0.4674295741
-75.3093519722 0.0612892471 0.7201808359 0.4674146682
-75.3093295752 0.0612893216 0.7201801647 0.4674004970
-75.3093084977 0.0612893917 0.7201795331 0.4673870925
-75.3092887644 0.0612894573 0.7201789417 0.4673744848
-75.3092703982 0.0612895184 0.7201783913 0.4673627020
-75.3092534208 0.0612895748 0.7201778825 0.4673517700
-75.3092378521 0.0612896266 0.7201774159 0.4673417127
-75.3092237105 0.0612896736 0.7201769921 0.4673325516
-75.3092110124 0.0612897158 0.7201766115 0.4673243059
-75.3091997730 0.0612897532 0.7201762747 0.4673169925
-75.3091900054 0.0612897857 0.7201759819 0.4673106260
-75.3091817211 0.0612898132 0.7201757336 0.4673052188
-75.3091749297 0.0612898358 0.7201755301 0.4673007812
-75.3091696393 0.0612898534 0.7201753715 0.4672973214
-75.3091658560 0.0612898660 0.7201752581 0.4672948457
-75.3091635843 0.0612898735 0.7201751901 0.4672933586
-75.3091628272 0.0612898760 0.7201751674 0.4672928664
-75.3116628151 0.0612815643 0.7202499812 0.4686365034
-75.3116370399 0.0612816499 0.7202492118 0.4686248823
-75.3116003208 0.0612817720 0.7202481157 0.4686079902
-75.3115610684 0.0612819025 0.7202469438 0.4685895008
-75.3115207582 0.0612820365 0.7202457401 0.4685701127
-75.3114796772 0.0612821731 0.7202445132 0.4685500197
-75.3114379091 0.0612823119 0.7202432655 0.4685293240
-75.3113955026 0.0612824529 0.7202419986 0.4685081060
-75.3113525007 0.0612825959 0.7202407138 0.4684864353
-75.3113089449 0.0612827407 0.7202394122 0.4684643741
-75.3112648768 0.0612828872 0.7202380952 0.4684419777
-75.3112203379 0.0612830353 0.7202367639 0.4684192951
-75.3111753693 0.0612831848 0.7202354196 0.4683963698
-75.3111300122 0.0612833356 0.7202340636 0.4683732402
-75.3110843076 0.0612834875 0.7202326971 0.4683499400
-75.3110382963 0.0612836405 0.7202313212 0.4683264989
-75.3109920189 0.0612837943 0.7202299373 0.4683029429
-75.3109455161 0.0612839489 0.7202285465 0.4682792948
-75.3108988282 0.0612841041 0.7202271501 0.4682555747
-75.3108519955 0.0612842598 0.7202257492 0.4682318001
-75.3108050581 0.0612844159 0.7202243451 0.4682079864
-75.3107580561 0.0612845722 0.7202229389 0.4681841474
-75.3107110292 0.0612847285 0.7202215319 0.4681602955
-75.3106640174 0.0612848848 0.7202201253 0.4681364420
-75.3106170603 0.0612850409 0.7202187202 0.4681125971
-75.3105701976 0.0612851967 0.7202173179 0.4680887703
-75.3105234687 0.0612853521 0.7202159194 0.4680649708
-75.3104769132 0.0612855069 0.7202145261 0.4680412078
-75.3104305704 0.0612856610 0.7202131390 0.4680174900
-75.3103844797 0.0612858142 0.7202117595 0.4679938263
-75.3103386802 0.0612859665 0.7202103885 0.4679702257
-75.3102932112 0.0612861176 0.7202090274 0.4679466980
-75.3102481117 0.0612862676 0.7202076773 0.4679232533
-75.3102034207 0.0612864162 0.7202063393 0.4678999020
-75.3101591773 0.0612865633 0.7202050146 0.4678766554
-75.3101154200 0.0612867088 0.7202037045 0.4678535257
-75.3100721878 0.0612868525 0.7202024100 0.4678305261
-75.3100295192 0.0612869944 0.7202011323 0.4678076708
-75.3099874527 0.0612871342 0.7201998726 0.4677849749
-75.3099460266 0.0612872720 0.7201986320 0.4677624546
-75.3099052791 0.0612874074 0.7201974117 0.4677401280
-75.3098652482 0.0612875405 0.7201962128 0.4677180144
-75.3098259716 0.0612876711 0.7201950364 0.4676961346
-75.3097874869 0.0612877991 0.7201938837 0.4676745105
-75.3097498315 0.0612879243 0.7201927558 0.4676531658
-75.3097130422 0.0612880466 0.7201916538 0.4676321263
-75.3096771558 0.0612881659 0.7201905788 0.4676114191
-75.3096422086 0.0612882821 0.7201895319 0.4675910731
-75.3096082364 0.0612883951 0.7201885142 0.4675711182
-75.3095752745 0.0612885047 0.7201875267 0.4675515860
-75.3095433577 0.0612886108 0.7201865704 0.4675325095
-75.3095125202 0.0612887133 0.7201856465 0.4675139229
-75.3094827955 0.0612888121 0.7201847559 0.4674958614
-75.3094542161 0.0612889072 0.7201838996 0.4674783602
-75.3094268138 0.0612889983 0.7201830785 0.4674614550
-75.3094006195 0.0612890854 0.7201822936 0.4674451812
-75.3093756627 0.0612891684 0.7201815458 0.4674295741
-75.3093519722 0.0612892471 0.7201808359 0.4674146682
-75.3093295752 0.0612893216 0.7201801647 0.4674004970
-75.3093084977 0.0612893917 0.7201795331 0.4673870925
-75.3092887644 0.0612894573 0.7201789417 0.4673744848
-75.3092703982 0.0612895184 0.7201783913 0.4673627020
-75.3092534208 0.0612895748 0.7201778825 0.4673517700
-75.3092378521 0.0612896266 0.7201774159 0.4673417127
-75.3092237105 0.0612896736 0.7201769921 0.4673325516
-75.3092110124 0.0612897158 0.7201766115 0.4673243059
-75.3091997730 0.0612897532 0.7201762747 0.4673169925
-75.3091900054 0.0612897857 0.7201759819 0.4673106260
-75.3091817211 0.0612898132 0.7201757336 0.4673052188
-75.3091749297 0.0612898358 0.7201755301 0.4673007812
-75.3091696393 0.0612898534 0.7201753715 0.4672973214
-75.3091658560 0.0612898660 0.7201752581 0.4672948457
-75.3091635843 0.0612898735 0.7201751901 0.4672933586
-75.3091628272 0.0612898760 0.7201751674 0.4672928664
-75.3116613303 0.0612815692 0.7202499375 0.4686366261
-75.3116339376 0.0612816603 0.7202491205 0.4686251405
-75.3115955781 0.0612817878 0.7202479761 0.4686083881
-75.3115546809 0.0612819237 0.7202467558 0.4685900408
-75.3115127246 0.0612820632 0.7202455036 0.4685707962
-75.3114699966 0.0612822053 0.7202442282 0.4685508476
-75.3114265803 0.0612823496 0.7202429321 0.4685302969
-75.3113825243 0.0612824961 0.7202416166 0.4685092239
-75.3113378710 0.0612826445 0.7202402831 0.4684876978
-75.3112926621 0.0612827948 0.7202389329 0.4684657805
-75.3112469387 0.0612829468 0.7202375671 0.4684435266
-75.3112007421 0.0612831004 0.7202361870 0.4684209850
-75.3111541132 0.0612832554 0.7202347938 0.4683981985
-75.3111070929 0.0612834117 0.7202333888 0.4683752053
-75.3110597219 0.0612835692 0.7202319731 0.4683520385
-75.3110120409 0.0612837277 0.7202305481 0.4683287274
-75.3109640903 0.0612838871 0.7202291149 0.4683052975
-75.3109159104 0.0612840473 0.7202276746 0.4682817713
-75.3108675414 0.0612842081 0.7202262286 0.4682581682
-75.3108190233 0.0612843694 0.7202247781 0.4682345054
-75.3107703962 0.0612845311 0.7202233241 0.4682107978
-75.3107216997 0.0612846930 0.7202218680 0.4681870586
-75.3106729736 0.0612848550 0.7202204108 0.4681632997
-75.3106242575 0.0612850170 0.7202189539 0.4681395319
-75.3105755910 0.0612851788 0.7202174983 0.4681157647
-75.3105270135 0.0612853403 0.7202160453 0.4680920071
-75.3104785644 0.0612855013 0.7202145961 0.4680682679
-75.3104302831 0.0612856619 0.7202131518 0.4680445552
-75.3103822087 0.0612858217 0.7202117136 0.4680208774
-75.3103343806 0.0612859807 0.7202102826 0.4679972426
-75.3102868377 0.0612861388 0.7202088601 0.4679736590
-75.3102396193 0.0612862958 0.7202074473 0.4679501355
-75.3101927644 0.0612864516 0.7202060452 0.4679266815
-75.3101463118 0.0612866060 0.7202046551 0.4679033065
-75.3101003005 0.0612867590 0.7202032781 0.4678800208
-75.3100547693 0.0612869104 0.7202019155 0.4678568355
-75.3100097570 0.0612870600 0.7202005683 0.4678337629
-75.3099653021 0.0612872078 0.7201992377 0.4678108159
-75.3099214431 0.0612873536 0.7201979248 0.4677880083
-75.3098782186 0.0612874974 0.7201966309 0.4677653553
-75.3098356667 0.0612876388 0.7201953571 0.4677428735
-75.3097938255 0.0612877779 0.7201941045 0.4677205809
-75.3097527332 0.0612879146 0.7201928743 0.4676984966
-75.3097124273 0.0612880486 0.7201916675 0.4676766411
-75.3096729454 0.0612881799 0.7201904854 0.4676550367
-75.3096343248 0.0612883083 0.7201893290 0.4676337077
-75.3095966025 0.0612884337 0.7201881994 0.4676126798
-75.3095598152 0.0612885560 0.7201870979 0.4675919803
-75.3095239992 0.0612886751 0.7201860253 0.4675716377
-75.3094891903 0.0612887908 0.7201849829 0.4675516826
-75.3094554240 0.0612889031 0.7201839716 0.4675321471
-75.3094227350 0.0612890118 0.7201829926 0.4675130647
-75.3093911577 0.0612891168 0.7201820469 0.4674944698
-75.3093607253 0.0612892180 0.7201811354 0.4674763974
-75.3093314708 0.0612893152 0.7201802591 0.4674588832
-75.3093034258 0.0612894085 0.7201794191 0.4674419633
-75.3092766212 0.0612894976 0.7201786162 0.4674256738
-75.3092510870 0.0612895825 0.7201778513 0.4674100506
-75.3092268516 0.0612896631 0.7201771253 0.4673951285
-75.3092039425 0.0612897393 0.7201764391 0.4673809409
-75.3091823857 0.0612898109 0.7201757933 0.4673675200
-75.3091622058 0.0612898780 0.7201751887 0.4673548960
-75.3091434259 0.0612899405 0.7201746261 0.4673430972
-75.3091260678 0.0612899982 0.7201741061 0.4673321501
-75.3091101514 0.0612900511 0.7201736293 0.4673220788
-75.3090956950 0.0612900992 0.7201731961 0.4673129050
-75.3090827153 0.0612901423 0.7201728073 0.4673046480
-75.3090712274 0.0612901805 0.7201724631 0.4672973247
-75.3090612444 0.0612902137 0.7201721640 0.4672909498
-75.3090527778 0.0612902419 0.7201719103 0.4672855356
-75.3090458373 0.0612902650 0.7201717024 0.4672810923
-75.3090404309 0.0612902829 0.7201715404 0.4672776281
-75.3090365647 0.0612902958 0.7201714246 0.4672751492
-75.3090342437 0.0612903035 0.7201713550 0.4672736641
-75.3090334695 0.0612903061 0.7201713318 0.4672731674
-75.3116613303 0.0612815692 0.7202499375 0.4686366260
-75.3116339376 0.0612816603 0.7202491205 0.4686251404
-75.3115955781 0.0612817878 0.7202479761 0.4686083881
-75.3115546809 0.0612819237 0.7202467558 0.4685900408
-75.3115127246 0.0612820632 0.7202455036 0.4685707962
-75.3114699966 0.0612822053 0.7202442282 0.4685508476
-75.3114265803 0.0612823496 0.7202429321 0.4685302969
-75.3113825242 0.0612824961 0.7202416166 0.4685092238
-75.3113378710 0.0612826445 0.7202402831 0.4684876978
-75.3112926621 0.0612827948 0.7202389329 0.4684657804
-75.3112469387 0.0612829468 0.7202375671 0.4684435266
-75.3112007421 0.0612831004 0.7202361870 0.4684209850
-75.3111541132 0.0612832554 0.7202347938 0.4683981985
-75.3111070928 0.0612834117 0.7202333888 0.4683752052
-75.3110597219 0.0612835692 0.7202319731 0.4683520385
-75.3110120409 0.0612837277 0.7202305481 0.4683287274
-75.3109640903 0.0612838871 0.7202291149 0.4683052975
-75.3109159104 0.0612840473 0.7202276746 0.4682817712
-75.3108675414 0.0612842081 0.7202262286 0.4682581682
-75.3108190233 0.0612843694 0.7202247781 0.4682345054
-75.3107703961 0.0612845311 0.7202233241 0.4682107977
-75.3107216997 0.0612846930 0.7202218680 0.4681870585
-75.3106729736 0.0612848550 0.7202204108 0.4681632997
-75.3106242575 0.0612850170 0.7202189539 0.4681395318
-75.3105755910 0.0612851788 0.7202174983 0.4681157647
-75.3105270135 0.0612853403 0.7202160453 0.4680920071
-75.3104785644 0.0612855013 0.7202145961 0.4680682678
-75.3104302831 0.0612856619 0.7202131518 0.4680445552
-75.3103822087 0.0612858217 0.7202117136 0.4680208774
-75.3103343805 0.0612859807 0.7202102826 0.4679972425
-75.3102868377 0.0612861388 0.7202088601 0.4679736589
-75.3102396193 0.0612862958 0.7202074473 0.4679501355
-75.3101927643 0.0612864516 0.7202060452 0.4679266815
-75.3101463118 0.0612866060 0.7202046551 0.4679033065
-75.3101003005 0.0612867590 0.7202032781 0.4678800208
-75.3100547693 0.0612869104 0.7202019155 0.4678568355
-75.3100097569 0.0612870600 0.7202005683 0.4678337629
-75.3099653020 0.0612872078 0.7201992377 0.4678108159
-75.3099214431 0.0612873536 0.7201979248 0.4677880083
-75.3098782185 0.0612874974 0.7201966309 0.4677653553
-75.3098356666 0.0612876388 0.7201953571 0.4677428735
-75.3097938255 0.0612877779 0.7201941045 0.4677205809
-75.3097527331 0.0612879146 0.7201928743 0.4676984966
-75.3097124272 0.0612880486 0.7201916675 0.4676766411
-75.3096729453 0.0612881799 0.7201904854 0.4676550367
-75.3096343247 0.0612883083 0.7201893290 0.4676337077
-75.3095966025 0.0612884337 0.7201881994 0.4676126798
-75.3095598152 0.0612885560 0.7201870979 0.4675919803
-75.3095239992 0.0612886751 0.7201860253 0.4675716377
-75.3094891903 0.0612887908 0.7201849829 0.4675516826
-75.3094554240 0.0612889031 0.7201839716 0.4675321471
-75.3094227350 0.0612890118 0.7201829926 0.4675130647
-75.3093911576 0.0612891168 0.7201820469 0.4674944698
-75.3093607253 0.0612892180 0.7201811354 0.4674763974
-75.3093314707 0.0612893152 0.7201802591 0.4674588832
-75.3093034258 0.0612894085 0.7201794191 0.4674419633
-75.3092766212 0.0612894976 0.7201786162 0.4674256738
-75.3092510869 0.0612895825 0.7201778513 0.4674100506
-75.3092268516 0.0612896631 0.7201771253 0.4673951285
-75.3092039424 0.0612897393 0.7201764391 0.4673809409
-75.3091823856 0.0612898109 0.7201757933 0.4673675200
-75.3091622057 0.0612898780 0.7201751887 0.4673548960
-75.3091434259 0.0612899405 0.7201746261 0.4673430972
-75.3091260678 0.0612899982 0.7201741061 0.4673321501
-75.3091101514 0.0612900511 0.7201736293 0.4673220788
-75.3090956950 0.0612900992 0.7201731961 0.4673129050
-75.3090827153 0.0612901423 0.7201728073 0.4673046480
-75.3090712274 0.0612901805 0.7201724631 0.4672973247
-75.3090612444 0.0612902137 0.7201721640 0.4672909498
-75.3090527777 0.0612902419 0.7201719103 0.4672855356
-75.3090458373 0.0612902650 0.7201717024 0.4672810923
-75.3090404308 0.0612902829 0.7201715404 0.4672776281
-75.3090365647 0.0612902958 0.7201714246 0.4672751492
-75.3090342436 0.0612903035 0.7201713550 0.4672736641
-75.3090334695 0.0612903061 0.7201713318 0.4672731674
-75.3116613303 0.0612815692 0.7202499375 0.4686366260
-75.3116339376 0.0612816603 0.7202491205 0.4686251404
-75.3115955781 0.0612817878 0.7202479761 0.4686083881
-75.3115546809 0.0612819237 0.7202467558 0.4685900408
-75.3115127246 0.0612820632 0.7202455036 0.4685707962
-75.3114699966 0.0612822053 0.7202442282 0.4685508476
-75.3114265803 0.0612823496 0.7202429321 0.4685302969
-75.3113825242 0.0612824961 0.7202416166 0.4685092238
-75.3113378710 0.0612826445 0.7202402831 0.4684876978
-75.3112926621 0.0612827948 0.7202389329 0.4684657804
-75.3112469387 0.0612829468 0.7202375671 0.4684435266
-75.3112007421 0.0612831004 0.7202361870 0.4684209850
-75.3111541132 0.0612832554 0.7202347938 0.4683981985
-75.3111070928 0.0612834117 0.7202333888 0.4683752052
-75.3110597219 0.0612835692 0.7202319731 0.4683520385
-75.3110120409 0.0612837277 0.7202305481 0.4683287274
-75.3109640903 0.0612838871 0.7202291149 0.4683052975
-75.3109159104 0.0612840473 0.7202276746 0.4682817712
-75.3108675414 0.0612842081 0.7202262286 0.4682581682
-75.3108190233 0.0612843694 0.7202247781 0.4682345054
-75.3107703961 0.0612845311 0.7202233241 0.4682107977
-75.3107216997 0.0612846930 0.7202218680 0.4681870585
-75.3106729736 0.0612848550 0.7202204108 0.4681632997
-75.3106242575 0.0612850170 0.7202189539 0.4681395318
-75.3105755910 0.0612851788 0.7202174983 0.4681157647
-75.3105270135 0.0612853403 0.7202160453 0.4680920071
-75.3104785644 0.0612855013 0.7202145961 0.4680682678
-75.3104302831 0.0612856619 0.7202131518 0.4680445552
-75.3103822087 0.0612858217 0.7202117136 0.4680208774
-75.3103343805 0.0612859807 0.7202102826 0.4679972425
-75.3102868377 0.0612861388 0.7202088601 0.4679736589
-75.3102396193 0.0612862958 0.7202074473 0.4679501355
-75.3101927643 0.0612864516 0.7202060452 0.4679266815
-75.3101463118 0.0612866060 0.7202046551 0.4679033065
-75.3101003005 0.0612867590 0.7202032781 0.4678800208
-75.3100547693 0.0612869104 0.7202019155 0.4678568355
-75.3100097569 0.0612870600 0.7202005683 0.4678337629
-75.3099653020 0.0612872078 0.7201992377 0.4678108159
-75.3099214431 0.0612873536 0.7201979248 0.4677880083
-75.3098782185 0.0612874974 0.7201966309 0.4677653553
-75.3098356666 0.0612876388 0.7201953571 0.4677428735
-75.3097938255 0.0612877779 0.7201941045 0.4677205809
-75.3097527331 0.0612879146 0.7201928743 0.4676984966
-75.3097124272 0.0612880486 0.7201916675 0.4676766411
-75.3096729453 0.0612881799 0.7201904854 0.4676550367
-75.3096343247 0.0612883083 0.7201893290 0.4676337077
-75.3095966025 0.0612884337 0.7201881994 0.4676126798
-75.3095598152 0.0612885560 0.7201870979 0.4675919803
-75.3095239992 0.0612886751 0.7201860253 0.4675716377
-75.3094891903 0.0612887908 0.7201849829 0.4675516826
-75.3094554240 0.0612889031 0.7201839716 0.4675321471
-75.3094227350 0.0612890118 0.7201829926 0.4675130647
-75.3093911576 0.0612891168 0.7201820469 0.4674944698
-75.3093607253 0.0612892180 0.7201811354 0.4674763974
-75.3093314707 0.0612893152 0.7201802591 0.4674588832
-75.3093034257 0.0612894085 0.7201794191 0.4674419633
-75.3092766212 0.0612894976 0.7201786162 0.4674256738
-75.3092510869 0.0612895825 0.7201778513 0.4674100506
-75.3092268515 0.0612896631 0.7201771253 0.4673951285
-75.3092039424 0.0612897393 0.7201764391 0.4673809409
-75.3091823856 0.0612898109 0.7201757933 0.4673675200
-75.3091622057 0.0612898780 0.7201751887 0.4673548960
-75.3091434259 0.0612899405 0.7201746261 0.4673430972
-75.3091260678 0.0612899982 0.7201741061 0.4673321502
-75.3091101513 0.0612900511 0.7201736293 0.4673220788
-75.3090956950 0.0612900992 0.7201731961 0.4673129050
-75.3090827153 0.0612901423 0.7201728073 0.4673046480
-75.3090712274 0.0612901805 0.7201724631 0.4672973247
-75.3090612444 0.0612902137 0.7201721640 0.4672909498
-75.3090527777 0.0612902419 0.7201719103 0.4672855356
-75.3090458372 0.0612902650 0.7201717024 0.4672810923
-75.3090404308 0.0612902829 0.7201715404 0.4672776281
-75.3090365647 0.0612902958 0.7201714246 0.4672751492
-75.3090342436 0.0612903035 0.7201713550 0.4672736641
-75.3090334695 0.0612903061 0.7201713318 0.4672731674
-75.3116613303 0.0612815692 0.7202499375 0.4686366260
-75.3116339376 0.0612816603 0.7202491205 0.4686251404
-75.3115955781 0.0612817878 0.7202479761 0.4686083880
-75.3115546809 0.0612819237 0.7202467558 0.4685900407
-75.3115127246 0.0612820632 0.7202455036 0.4685707961
-75.3114699966 0.0612822053 0.7202442282 0.4685508475
-75.3114265803 0.0612823496 0.7202429321 0.4685302968
-75.3113825242 0.0612824961 0.7202416166 0.4685092238
-75.3113378710 0.0612826445 0.7202402831 0.4684876977
-75.3112926621 0.0612827948 0.7202389329 0.4684657804
-75.3112469387 0.0612829468 0.7202375671 0.4684435266
-75.3112007421 0.0612831004 0.7202361870 0.4684209849
-75.3111541131 0.0612832554 0.7202347938 0.4683981985
-75.3111070928 0.0612834117 0.7202333888 0.4683752052
-75.3110597219 0.0612835692 0.7202319731 0.4683520384
-75.3110120408 0.0612837277 0.7202305481 0.4683287273
-75.3109640902 0.0612838871 0.7202291149 0.4683052975
-75.3109159103 0.0612840473 0.7202276746 0.4682817712
-75.3108675413 0.0612842081 0.7202262286 0.4682581681
-75.3108190233 0.0612843694 0.7202247781 0.4682345053
-75.3107703961 0.0612845311 0.7202233241 0.4682107977
-75.3107216996 0.0612846930 0.7202218680 0.4681870585
-75.3106729735 0.0612848550 0.7202204108 0.4681632996
-75.3106242575 0.0612850170 0.7202189539 0.4681395318
-75.3105755910 0.0612851788 0.7202174983 0.4681157646
-75.3105270135 0.0612853403 0.7202160453 0.4680920071
-75.3104785644 0.0612855013 0.7202145961 0.4680682678
-75.3104302830 0.0612856619 0.7202131518 0.4680445551
-75.3103822087 0.0612858217 0.7202117136 0.4680208774
-75.3103343805 0.0612859807 0.7202102826 0.4679972425
-75.3102868377 0.0612861388 0.7202088601 0.4679736589
-75.3102396193 0.0612862958 0.7202074473 0.4679501355
-75.3101927643 0.0612864516 0.7202060452 0.4679266814
-75.3101463118 0.0612866060 0.7202046551 0.4679033065
-75.3101003005 0.0612867590 0.7202032781 0.4678800207
-75.3100547693 0.0612869104 0.7202019155 0.4678568354
-75.3100097569 0.0612870600 0.7202005683 0.4678337628
-75.3099653020 0.0612872078 0.7201992377 0.4678108158
-75.3099214431 0.0612873536 0.7201979248 0.4677880083
-75.3098782185 0.0612874974 0.7201966309 0.4677653553
-75.3098356666 0.0612876388 0.7201953571 0.4677428735
-75.3097938255 0.0612877779 0.7201941045 0.4677205808
-75.3097527331 0.0612879146 0.7201928743 0.4676984965
-75.3097124272 0.0612880486 0.7201916675 0.4676766410
-75.3096729453 0.0612881799 0.7201904854 0.4676550367
-75.3096343247 0.0612883083 0.7201893290 0.4676337076
-75.3095966025 0.0612884337 0.7201881994 0.4676126798
-75.3095598152 0.0612885560 0.7201870979 0.4675919802
-75.3095239992 0.0612886751 0.7201860253 0.4675716376
-75.3094891903 0.0612887908 0.7201849829 0.4675516825
-75.3094554240 0.0612889031 0.7201839716 0.4675321470
-75.3094227350 0.0612890118 0.7201829926 0.4675130646
-75.3093911576 0.0612891168 0.7201820469 0.4674944697
-75.3093607253 0.0612892180 0.7201811354 0.4674763973
-75.3093314708 0.0612893152 0.7201802591 0.4674588831
-75.3093034258 0.0612894085 0.7201794191 0.4674419632
-75.3092766212 0.0612894976 0.7201786162 0.4674256737
-75.3092510870 0.0612895825 0.7201778513 0.4674100505
-75.3092268516 0.0612896631 0.7201771253 0.4673951284
-75.3092039425 0.0612897393 0.7201764391 0.4673809409
-75.3091823857 0.0612898109 0.7201757933 0.4673675199
-75.3091622058 0.0612898780 0.7201751887 0.4673548959
-75.3091434260 0.0612899405 0.7201746261 0.4673430971
-75.3091260678 0.0612899982 0.7201741061 0.4673321501
-75.3091101514 0.0612900511 0.7201736293 0.4673220787
-75.3090956950 0.0612900992 0.7201731961 0.4673129049
-75.3090827154 0.0612901423 0.7201728073 0.4673046479
-75.3090712274 0.0612901805 0.7201724631 0.4672973246
-75.3090612444 0.0612902137 0.7201721640 0.4672909497
-75.3090527778 0.0612902419 0.7201719103 0.4672855355
-75.3090458373 0.0612902650 0.7201717024 0.4672810922
-75.3090404309 0.0612902829 0.7201715404 0.4672776280
-75.3090365652 0.0612902958 0.7201714246 0.4672751530
-75.3090342437 0.0612903035 0.7201713550 0.4672736639
-75.3090334696 0.0612903061 0.7201713318 0.4672731672
