-75.6810899892 0.0600671958 0.7298001519 0.4737045305
-75.6810873167 0.0600672045 0.7298000756 0.4737002483
-75.6810793077 0.0600672306 0.7297998470 0.4736874170
-75.6810659924 0.0600672741 0.7297994669 0.4736661227
-75.6810474352 0.0600673346 0.7297989373 0.4736366499
-75.6810237562 0.0600674119 0.7297982618 0.4735996885
-75.6809786812 0.0600675591 0.7297969577 0.4733979047
-75.6809476967 0.0600676602 0.7297960773 0.4733699105
-75.6809128407 0.0600677739 0.7297950880 0.4733423003
-75.6808741632 0.0600679001 0.7297939913 0.4733151247
-75.6808317127 0.0600680387 0.7297927886 0.4732884235
-75.6807855355 0.0600681893 0.7297914812 0.4732622277
-75.6807356769 0.0600683520 0.7297900705 0.4732365612
-75.6806821803 0.0600685266 0.7297885578 0.4732114422
-75.6806250880 0.0600687129 0.7297869444 0.4731868839
-75.6805644409 0.0600689108 0.7297852313 0.4731628952
-75.6805002786 0.0600691202 0.7297834199 0.4731394820
-75.6804326395 0.0600693409 0.7297815111 0.4731166472
-75.6803615609 0.0600695728 0.7297795062 0.4730943916
-75.6802870789 0.0600698158 0.7297774062 0.4730727138
-75.6802092285 0.0600700699 0.7297752120 0.4730516113
-75.6801280439 0.0600703348 0.7297729247 0.4730310806
-75.6800435579 0.0600706105 0.7297705453 0.4730111169
-75.6799558026 0.0600708968 0.7297680747 0.4729917148
-75.6798648091 0.0600711937 0.7297655138 0.4729728687
-75.6797706077 0.0600715011 0.7297628635 0.4729545727
-75.6796732275 0.0600718189 0.7297601246 0.4729368208
-75.6795726970 0.0600721469 0.7297572979 0.4729196064
-75.6794690437 0.0600724851 0.7297543844 0.4729029238
-75.6793622944 0.0600728334 0.7297513846 0.4728867673
-75.6792524750 0.0600731918 0.7297482995 0.4728711310
-75.6791396105 0.0600735601 0.7297451297 0.4728560093
-75.6790237252 0.0600739382 0.7297418759 0.4728413974
-75.6789048428 0.0600743261 0.7297385388 0.4728272907
-75.6787829859 0.0600747237 0.7297351190 0.4728136842
-75.6786581764 0.0600751310 0.7297316172 0.4728005735
-75.6785304356 0.0600755478 0.7297280340 0.4727879551
-75.6783997840 0.0600759742 0.7297243700 0.4727758251
-75.6782662411 0.0600764099 0.7297206258 0.4727641797
-75.6781298259 0.0600768550 0.7297168018 0.4727530155
-75.6779905567 0.0600773095 0.7297128986 0.4727423296
-75.6778484507 0.0600777732 0.7297089167 0.4727321190
-75.6777035247 0.0600782461 0.7297048566 0.4727223803
-75.6775557945 0.0600787282 0.7297007187 0.4727131110
-75.6774052755 0.0600792193 0.7296965034 0.4727043087
-75.6772519821 0.0600797196 0.7296922112 0.4726959704
-75.6770959279 0.0600802288 0.7296878424 0.4726880934
-75.6769371259 0.0600807470 0.7296833973 0.4726806756
-75.6767755885 0.0600812741 0.7296788764 0.4726737149
-75.6766113272 0.0600818102 0.7296742800 0.4726672084
-75.6764443527 0.0600823550 0.7296696083 0.4726611538
-75.6762746752 0.0600829088 0.7296648616 0.4726555494
-75.6761023041 0.0600834712 0.7296600402 0.4726503930
-75.6759272480 0.0600840425 0.7296551442 0.4726456817
-75.6757495149 0.0600846225 0.7296501740 0.4726414141
-75.6755691122 0.0600852112 0.7296451297 0.4726375883
-75.6753860462 0.0600858087 0.7296400114 0.4726342018
-75.6752003230 0.0600864147 0.7296348193 0.4726312526
-75.6750119477 0.0600870295 0.7296295536 0.4726287392
-75.6748209248 0.0600876529 0.7296242143 0.4726266597
-75.6746272581 0.0600882849 0.7296188015 0.4726250116
-75.6744309506 0.0600889256 0.7296133152 0.4726237934
-75.6742320048 0.0600895748 0.7296077556 0.4726230035
-75.6740304225 0.0600902327 0.7296021226 0.4726226400
-75.6738262046 0.0600908992 0.7295964163 0.4726227005
-75.6736193517 0.0600915743 0.7295906366 0.4726231837
-75.6734098634 0.0600922580 0.7295847834 0.4726240880
-75.6731977388 0.0600929503 0.7295788568 0.4726254111
-75.6729829762 0.0600936512 0.7295728566 0.4726271510
-75.6727655733 0.0600943608 0.7295667828 0.4726293066
-75.6725455273 0.0600950790 0.7295606351 0.4726318757
-75.6723228345 0.0600958058 0.7295544135 0.4726348559
-75.6720974905 0.0600965413 0.7295481179 0.4726382456
-75.6718694907 0.0600972855 0.7295417479 0.4726420433
-75.6716388292 0.0600980383 0.7295353035 0.4726462463
-75.6714054999 0.0600987999 0.7295287844 0.4726508523
-75.6711694960 0.0600995702 0.7295221904 0.4726558597
-75.6709308099 0.0601003493 0.7295155211 0.4726612661
-75.6706894334 0.0601011372 0.7295087764 0.4726670685
-75.6704453577 0.0601019339 0.7295019559 0.4726732646
-75.6701985735 0.0601027394 0.7294950594 0.4726798522
-75.6699490705 0.0601035539 0.7294880864 0.4726868281
-75.6696968382 0.0601043772 0.7294810366 0.4726941888
-75.6694418651 0.0601052095 0.7294739096 0.4727019318
-75.6691841393 0.0601060508 0.7294667051 0.4727100537
-75.6689236483 0.0601069012 0.7294594226 0.4727185501
-75.6686603787 0.0601077606 0.7294520617 0.4727274174
-75.6683943169 0.0601086292 0.7294446220 0.4727366518
-75.6681254483 0.0601095069 0.7294371029 0.4727462484
-75.6678537579 0.0601103939 0.7294295040 0.4727562019
-75.6675792300 0.0601112901 0.7294218248 0.4727665075
-75.6673018486 0.0601121957 0.7294140647 0.4727771598
-75.6670215967 0.0601131106 0.7294062233 0.4727881517
-75.6667384568 0.0601140350 0.7293982998 0.4727994768
-75.6664524110 0.0601149689 0.7293902939 0.4728111283
-75.6661634408 0.0601159124 0.7293822048 0.4728230981
-75.6658715270 0.0601168654 0.7293740320 0.4728353771
-75.6655766499 0.0601178282 0.7293657748 0.4728479565
-75.6652787893 0.0601188007 0.7293574326 0.4728608267
-75.6649779244 0.0601197831 0.7293490047 0.4728739758
-75.6646740338 0.0601207754 0.7293404905 0.4728873921
-75.6643670959 0.0601217776 0.7293318891 0.4729010634
-75.6640570881 0.0601227898 0.7293232000 0.4729149751
-75.6637439878 0.0601238122 0.7293144224 0.4729291117
-75.6634277715 0.0601248448 0.7293055556 0.4729434570
-75.6631084155 0.0601258876 0.7292965987 0.4729579932
-75.6627858956 0.0601269408 0.7292875511 0.4729727001
-75.6624601870 0.0601280045 0.7292784119 0.4729875563
-75.6621312649 0.0601290786 0.7292691803 0.4730025395
-75.6617991036 0.0601301634 0.7292598556 0.4730176236
-75.6614636772 0.0601312588 0.7292504369 0.4730327810
-75.6611249598 0.0601323650 0.7292409234 0.4730479826
-75.6607829247 0.0601334821 0.7292313142 0.4730631955
-75.6604375451 0.0601346101 0.7292216085 0.4730783838
-75.6600887941 0.0601357491 0.7292118054 0.4730935095
-75.6597366442 0.0601368993 0.7292019040 0.4731085308
-75.6593810680 0.0601380607 0.7291919036 0.4731234011
-75.6590220379 0.0601392333 0.7291818031 0.4731380708
-75.6586595261 0.0601404174 0.7291716018 0.4731524859
-75.6582935048 0.0601416130 0.7291612987 0.4731665861
-75.6579239460 0.0601428202 0.7291508929 0.4731803063
-75.6575508219 0.0601440390 0.7291403836 0.4731935759
-75.6571741046 0.0601452696 0.7291297699 0.4732063159
-75.6567937663 0.0601465120 0.7291190508 0.4732184406
-75.6564097796 0.0601477664 0.7291082255 0.4732298558
-75.6560221168 0.0601490329 0.7290972931 0.4732404563
-75.6556307507 0.0601503114 0.7290862528 0.4732501265
-75.6552356541 0.0601516022 0.7290751036 0.4732587380
-75.6548368002 0.0601529053 0.7290638446 0.4732661462
-75.6544341622 0.0601542208 0.7290524752 0.4732721898
-75.6540277132 0.0601555488 0.7290409943 0.4732766855
-75.6536174265 0.0601568893 0.7290294010 0.4732794245
-75.6532032748 0.0601582425 0.7290176946 0.4732801671
-75.6527852301 0.0601596085 0.7290058741 0.4732786333
-75.6523632629 0.0601609873 0.7289939386 0.4732744949
-75.6519373415 0.0601623790 0.7289818870 0.4732673586
-75.6515074302 0.0601637839 0.7289697183 0.4732567479
-75.6510734875 0.0601652019 0.7289574310 0.4732420732
-75.6506354624 0.0601666334 0.7289450237 0.4732225904
-75.6501932893 0.0601680784 0.7289324943 0.4731973378
-75.6497468791 0.0601695373 0.7289198400 0.4731650376
-75.6492961052 0.0601710105 0.7289070570 0.4731239346
-75.6488407760 0.0601724987 0.7288941396 0.4730715102
-75.6483805811 0.0601740028 0.7288810785 0.4730039107
-75.6479149559 0.0601755246 0.7288678567 0.4729145725
-75.6474426410 0.0601770684 0.7288544368 0.4727897818
-75.6469588642 0.0601786498 0.7288406767 0.4725808084
-75.6464523436 0.0601803055 0.7288262408 0.4721716220
-75.6459726204 0.0601818737 0.7288125987 0.4720181316
-75.6455146415 0.0601833707 0.7287995866 0.4719665416
-75.6451343893 0.0601846137 0.7287887878 0.4719587868
-75.6451396075 0.0601845967 0.7287889375 0.4719593962
-75.6451030229 0.0601847163 0.7287878972 0.4719586171
-75.6450579870 0.0601848635 0.7287866152 0.4719570757
-75.6450102214 0.0601850197 0.7287852543 0.4719548459
-75.6449607089 0.0601851815 0.7287838423 0.4719519147
-75.6449096208 0.0601853485 0.7287823841 0.4719482656
-75.6448569913 0.0601855206 0.7287808808 0.4719438890
-75.6448028325 0.0601856977 0.7287793325 0.4719387830
-75.6447471544 0.0601858797 0.7287777397 0.4719329529
-75.6446899682 0.0601860667 0.7287761027 0.4719264102
-75.6446312865 0.0601862585 0.7287744217 0.4719191717
-75.6445711236 0.0601864552 0.7287726973 0.4719112587
-75.6445094953 0.0601866567 0.7287709299 0.4719026960
-75.6444464186 0.0601868630 0.7287691200 0.4718935115
-75.6443819120 0.0601870739 0.7287672681 0.4718837350
-75.6443159947 0.0601872894 0.7287653748 0.4718733979
-75.6442486874 0.0601875095 0.7287634407 0.4718625327
-75.6441800113 0.0601877340 0.7287614664 0.4718511721
-75.6441099887 0.0601879630 0.7287594525 0.4718393490
-75.6440386425 0.0601881963 0.7287573998 0.4718270958
-75.6439659962 0.0601884338 0.7287553088 0.4718144444
-75.6438920740 0.0601886755 0.7287531804 0.4718014258
-75.6438169004 0.0601889213 0.7287510153 0.4717880696
-75.6437405004 0.0601891712 0.7287488141 0.4717744045
-75.6436628994 0.0601894249 0.7287465776 0.4717604574
-75.6435841231 0.0601896825 0.7287443066 0.4717462539
-75.6435041974 0.0601899439 0.7287420018 0.4717318179
-75.6434231485 0.0601902089 0.7287396639 0.4717171718
-75.6433410027 0.0601904775 0.7287372938 0.4717023362
-75.6432577865 0.0601907496 0.7287348923 0.4716873301
-75.6431735265 0.0601910252 0.7287324600 0.4716721710
-75.6430882494 0.0601913040 0.7287299978 0.4716568749
-75.6430019819 0.0601915861 0.7287275065 0.4716414560
-75.6429147510 0.0601918714 0.7287249868 0.4716259274
-75.6428265834 0.0601921597 0.7287224395 0.4716103007
-75.6427375062 0.0601924510 0.7287198654 0.4715945862
-75.6426475461 0.0601927452 0.7287172654 0.4715787930
-75.6425567303 0.0601930422 0.7287146401 0.4715629292
-75.6424650856 0.0601933419 0.7287119904 0.4715470018
-75.6423726391 0.0601936442 0.7287093170 0.4715310169
-75.6422794178 0.0601939491 0.7287066208 0.4715149796
-75.6421854486 0.0601942564 0.7287039025 0.4714988945
-75.6420907587 0.0601945661 0.7287011629 0.4714827652
-75.6419953750 0.0601948780 0.7286984028 0.4714665949
-75.6418993246 0.0601951922 0.7286956230 0.4714503860
-75.6418026346 0.0601955084 0.7286928243 0.4714341407
-75.6417053320 0.0601958266 0.7286900075 0.4714178605
-75.6416074440 0.0601961468 0.7286871733 0.4714015465
-75.6415089977 0.0601964687 0.7286843225 0.4713851995
-75.6414100203 0.0601967924 0.7286814560 0.4713688200
-75.6413105389 0.0601971178 0.7286785745 0.4713524083
-75.6412105807 0.0601974447 0.7286756789 0.4713359642
-75.6411101730 0.0601977731 0.7286727698 0.4713194872
-75.6410093430 0.0601981029 0.7286698482 0.4713029771
-75.6409081182 0.0601984340 0.7286669147 0.4712864331
-75.6408065257 0.0601987662 0.7286639702 0.4712698542
-75.6407045931 0.0601990996 0.7286610156 0.4712532393
-75.6406023478 0.0601994340 0.7286580515 0.4712365873
-75.6404998172 0.0601997694 0.7286550788 0.4712198970
-75.6403970290 0.0602001056 0.7286520983 0.4712031667
-75.6402940106 0.0602004425 0.7286491108 0.4711863949
-75.6401907898 0.0602007802 0.7286461172 0.4711695801
-75.6400873943 0.0602011183 0.7286431181 0.4711527206
-75.6399838518 0.0602014570 0.7286401144 0.4711358143
-75.6398801902 0.0602017961 0.7286371069 0.4711188593
-75.6397764375 0.0602021354 0.7286340965 0.4711018539
-75.6396726216 0.0602024750 0.7286310840 0.4710847960
-75.6395687705 0.0602028147 0.7286280701 0.4710676833
-75.6394649125 0.0602031544 0.7286250557 0.4710505137
-75.6393610758 0.0602034941 0.7286220416 0.4710332852
-75.6392572888 0.0602038336 0.7286190286 0.4710159956
-75.6391535798 0.0602041728 0.7286160176 0.4709986424
-75.6390499773 0.0602045117 0.7286130094 0.4709812235
-75.6389465100 0.0602048501 0.7286100048 0.4709637366
-75.6388432067 0.0602051881 0.7286070047 0.4709461796
-75.6387400961 0.0602055253 0.7286040099 0.4709285499
-75.6386372072 0.0602058619 0.7286010212 0.4709108452
-75.6385345690 0.0602061976 0.7285980395 0.4708930637
-75.6384322109 0.0602065325 0.7285950657 0.4708752027
-75.6383301620 0.0602068663 0.7285921006 0.4708572600
-75.6382284518 0.0602071990 0.7285891450 0.4708392335
-75.6381271100 0.0602075305 0.7285861998 0.4708211213
-75.6380261661 0.0602078607 0.7285832659 0.4708029211
-75.6379256502 0.0602081896 0.7285803442 0.4707846305
-75.6378255921 0.0602085169 0.7285774355 0.4707662481
-75.6377260220 0.0602088426 0.7285745407 0.4707477720
-75.6376269703 0.0602091666 0.7285716607 0.4707292002
-75.6375284673 0.0602094889 0.7285687964 0.4707105308
-75.6374305438 0.0602098092 0.7285659487 0.4706917628
-75.6373332304 0.0602101276 0.7285631185 0.4706728948
-75.6372365582 0.0602104438 0.7285603066 0.4706539250
-75.6371405583 0.0602107579 0.7285575140 0.4706348526
-75.6370452620 0.0602110696 0.7285547416 0.4706156771
-75.6369507007 0.0602113790 0.7285519903 0.4705963976
-75.6368569061 0.0602116859 0.7285492611 0.4705770134
-75.6367639101 0.0602119901 0.7285465549 0.4705575247
-75.6366717446 0.0602122916 0.7285438726 0.4705379319
-75.6365804420 0.0602125903 0.7285412152 0.4705182352
-75.6364900346 0.0602128861 0.7285385835 0.4704984354
-75.6364005549 0.0602131788 0.7285359786 0.4704785340
-75.6363120360 0.0602134684 0.7285334015 0.4704585330
-75.6362245106 0.0602137548 0.7285308530 0.4704384344
-75.6361380120 0.0602140378 0.7285283342 0.4704182409
-75.6360525737 0.0602143173 0.7285258461 0.4703979564
-75.6359682293 0.0602145933 0.7285233895 0.4703775851
-75.6358850124 0.0602148655 0.7285209656 0.4703571315
-75.6358029572 0.0602151340 0.7285185753 0.4703366015
-75.6357220978 0.0602153985 0.7285162196 0.4703160020
-75.6356424687 0.0602156591 0.7285138996 0.4702953409
-75.6355641044 0.0602159154 0.7285116162 0.4702746265
-75.6354870398 0.0602161676 0.7285093705 0.4702538689
-75.6354113097 0.0602164154 0.7285071634 0.4702330798
-75.6353369495 0.0602166587 0.7285049961 0.4702122721
-75.6352639943 0.0602168974 0.7285028696 0.4701914596
-75.6351924796 0.0602171313 0.7285007848 0.4701706584
-75.6351224411 0.0602173605 0.7284987429 0.4701498865
-75.6350539146 0.0602175847 0.7284967450 0.4701291640
-75.6349869359 0.0602178039 0.7284947919 0.4701085120
-75.6349215408 0.0602180178 0.7284928849 0.4700879543
-75.6348577655 0.0602182265 0.7284910250 0.4700675173
-75.6347956460 0.0602184297 0.7284892133 0.4700472298
-75.6347352182 0.0602186275 0.7284874507 0.4700271220
-75.6346765181 0.0602188195 0.7284857384 0.4700072266
-75.6346195814 0.0602190058 0.7284840774 0.4699875791
-75.6345644437 0.0602191862 0.7284824688 0.4699682173
-75.6345111405 0.0602193606 0.7284809135 0.4699491808
-75.6344597065 0.0602195289 0.7284794127 0.4699305102
-75.6344101763 0.0602196910 0.7284779674 0.4699122480
-75.6343625838 0.0602198467 0.7284765785 0.4698944385
-75.6343169625 0.0602199960 0.7284752471 0.4698771263
-75.6342733446 0.0602201387 0.7284739740 0.4698603564
-75.6342317618 0.0602202748 0.7284727603 0.4698441727
-75.6341922446 0.0602204041 0.7284716068 0.4698286187
-75.6341548223 0.0602205265 0.7284705144 0.4698137365
-75.6341195230 0.0602206420 0.7284694839 0.4697995669
-75.6340863735 0.0602207505 0.7284685162 0.4697861484
-75.6340553989 0.0602208519 0.7284676119 0.4697735166
-75.6340266231 0.0602209460 0.7284667717 0.4697617042
-75.6340000679 0.0602210329 0.7284659964 0.4697507407
-75.6339757536 0.0602211125 0.7284652865 0.4697406525
-75.6339536990 0.0602211846 0.7284646425 0.4697314628
-75.6339339208 0.0602212494 0.7284640650 0.4697231921
-75.6339164341 0.0602213066 0.7284635544 0.4697158576
-75.6339012521 0.0602213563 0.7284631110 0.4697094743
-75.6338883865 0.0602213983 0.7284627354 0.4697040541
-75.6338778469 0.0602214328 0.7284624276 0.4696996070
-75.6338696412 0.0602214597 0.7284621880 0.4696961407
-75.6338637756 0.0602214789 0.7284620167 0.4696936607
-75.6338602545 0.0602214904 0.7284619138 0.4696921712
-75.6338590805 0.0602214942 0.7284618796 0.4696916745
-75.6451396075 0.0601845967 0.7287889375 0.4719593962
-75.6451030229 0.0601847163 0.7287878972 0.4719586171
-75.6450579870 0.0601848635 0.7287866152 0.4719570757
-75.6450102214 0.0601850197 0.7287852543 0.4719548459
-75.6449607089 0.0601851815 0.7287838423 0.4719519147
-75.6449096208 0.0601853485 0.7287823841 0.4719482656
-75.6448569913 0.0601855206 0.7287808808 0.4719438890
-75.6448028325 0.0601856977 0.7287793325 0.4719387830
-75.6447471544 0.0601858797 0.7287777397 0.4719329529
-75.6446899682 0.0601860667 0.7287761027 0.4719264102
-75.6446312865 0.0601862585 0.7287744217 0.4719191717
-75.6445711236 0.0601864552 0.7287726973 0.4719112587
-75.6445094953 0.0601866567 0.7287709299 0.4719026960
-75.6444464186 0.0601868630 0.7287691200 0.4718935115
-75.6443819120 0.0601870739 0.7287672681 0.4718837350
-75.6443159947 0.0601872894 0.7287653748 0.4718733979
-75.6442486874 0.0601875095 0.7287634407 0.4718625327
-75.6441800113 0.0601877340 0.7287614664 0.4718511721
-75.6441099887 0.0601879630 0.7287594525 0.4718393490
-75.6440386425 0.0601881963 0.7287573998 0.4718270958
-75.6439659962 0.0601884338 0.7287553088 0.4718144444
-75.6438920740 0.0601886755 0.7287531804 0.4718014258
-75.6438169003 0.0601889213 0.7287510153 0.4717880696
-75.6437405004 0.0601891712 0.7287488141 0.4717744045
-75.6436628994 0.0601894249 0.7287465776 0.4717604574
-75.6435841231 0.0601896825 0.7287443066 0.4717462539
-75.6435041974 0.0601899439 0.7287420018 0.4717318179
-75.6434231485 0.0601902089 0.7287396639 0.4717171718
-75.6433410027 0.0601904775 0.7287372938 0.4717023362
-75.6432577865 0.0601907496 0.7287348923 0.4716873301
-75.6431735265 0.0601910252 0.7287324600 0.4716721710
-75.6430882493 0.0601913040 0.7287299978 0.4716568749
-75.6430019819 0.0601915861 0.7287275065 0.4716414560
-75.6429147510 0.0601918714 0.7287249868 0.4716259274
-75.6428265834 0.0601921597 0.7287224395 0.4716103007
-75.6427375061 0.0601924510 0.7287198654 0.4715945862
-75.6426475461 0.0601927452 0.7287172654 0.4715787930
-75.6425567303 0.0601930422 0.7287146401 0.4715629292
-75.6424650856 0.0601933419 0.7287119904 0.4715470018
-75.6423726391 0.0601936442 0.7287093170 0.4715310169
-75.6422794177 0.0601939491 0.7287066208 0.4715149796
-75.6421854486 0.0601942564 0.7287039025 0.4714988945
-75.6420907586 0.0601945661 0.7287011629 0.4714827652
-75.6419953750 0.0601948780 0.7286984028 0.4714665949
-75.6418993246 0.0601951922 0.7286956230 0.4714503860
-75.6418026345 0.0601955084 0.7286928243 0.4714341407
-75.6417053320 0.0601958266 0.7286900075 0.4714178605
-75.6416074440 0.0601961468 0.7286871733 0.4714015465
-75.6415089977 0.0601964687 0.7286843225 0.4713851995
-75.6414100202 0.0601967924 0.7286814560 0.4713688200
-75.6413105388 0.0601971178 0.7286785745 0.4713524083
-75.6412105807 0.0601974447 0.7286756789 0.4713359642
-75.6411101730 0.0601977731 0.7286727698 0.4713194872
-75.6410093430 0.0601981029 0.7286698482 0.4713029771
-75.6409081182 0.0601984340 0.7286669147 0.4712864331
-75.6408065257 0.0601987662 0.7286639702 0.4712698542
-75.6407045931 0.0601990996 0.7286610156 0.4712532393
-75.6406023478 0.0601994340 0.7286580515 0.4712365873
-75.6404998172 0.0601997694 0.7286550788 0.4712198970
-75.6403970289 0.0602001056 0.7286520983 0.4712031667
-75.6402940106 0.0602004425 0.7286491108 0.4711863949
-75.6401907898 0.0602007802 0.7286461172 0.4711695801
-75.6400873942 0.0602011183 0.7286431181 0.4711527206
-75.6399838518 0.0602014570 0.7286401144 0.4711358143
-75.6398801902 0.0602017961 0.7286371069 0.4711188593
-75.6397764374 0.0602021354 0.7286340965 0.4711018539
-75.6396726215 0.0602024750 0.7286310840 0.4710847960
-75.6395687705 0.0602028147 0.7286280701 0.4710676833
-75.6394649125 0.0602031544 0.7286250557 0.4710505137
-75.6393610758 0.0602034941 0.7286220416 0.4710332852
-75.6392572888 0.0602038336 0.7286190286 0.4710159956
-75.6391535797 0.0602041728 0.7286160176 0.4709986424
-75.6390499773 0.0602045117 0.7286130094 0.4709812235
-75.6389465100 0.0602048501 0.7286100048 0.4709637366
-75.6388432066 0.0602051881 0.7286070047 0.4709461796
-75.6387400960 0.0602055253 0.7286040099 0.4709285499
-75.6386372071 0.0602058619 0.7286010212 0.4709108452
-75.6385345690 0.0602061976 0.7285980395 0.4708930637
-75.6384322109 0.0602065325 0.7285950657 0.4708752027
-75.6383301620 0.0602068663 0.7285921006 0.4708572600
-75.6382284518 0.0602071990 0.7285891450 0.4708392335
-75.6381271099 0.0602075305 0.7285861998 0.4708211213
-75.6380261661 0.0602078607 0.7285832659 0.4708029211
-75.6379256501 0.0602081896 0.7285803442 0.4707846305
-75.6378255920 0.0602085169 0.7285774355 0.4707662481
-75.6377260220 0.0602088426 0.7285745407 0.4707477720
-75.6376269702 0.0602091666 0.7285716607 0.4707292002
-75.6375284673 0.0602094889 0.7285687964 0.4707105308
-75.6374305437 0.0602098092 0.7285659487 0.4706917628
-75.6373332304 0.0602101276 0.7285631184 0.4706728948
-75.6372365582 0.0602104438 0.7285603066 0.4706539250
-75.6371405583 0.0602107579 0.7285575140 0.4706348526
-75.6370452619 0.0602110696 0.7285547416 0.4706156771
-75.6369507007 0.0602113790 0.7285519903 0.4705963976
-75.6368569061 0.0602116859 0.7285492611 0.4705770134
-75.6367639100 0.0602119901 0.7285465549 0.4705575247
-75.6366717446 0.0602122916 0.7285438726 0.4705379319
-75.6365804420 0.0602125903 0.7285412151 0.4705182352
-75.6364900345 0.0602128861 0.7285385835 0.4704984354
-75.6364005549 0.0602131788 0.7285359786 0.4704785340
-75.6363120359 0.0602134684 0.7285334015 0.4704585330
-75.6362245106 0.0602137548 0.7285308530 0.4704384344
-75.6361380120 0.0602140378 0.7285283342 0.4704182409
-75.6360525737 0.0602143173 0.7285258461 0.4703979564
-75.6359682292 0.0602145933 0.7285233895 0.4703775851
-75.6358850124 0.0602148655 0.7285209656 0.4703571315
-75.6358029571 0.0602151340 0.7285185753 0.4703366015
-75.6357220978 0.0602153985 0.7285162196 0.4703160020
-75.6356424687 0.0602156591 0.7285138996 0.4702953409
-75.6355641044 0.0602159154 0.7285116162 0.4702746265
-75.6354870397 0.0602161676 0.7285093705 0.4702538689
-75.6354113097 0.0602164154 0.7285071634 0.4702330798
-75.6353369494 0.0602166587 0.7285049961 0.4702122721
-75.6352639942 0.0602168974 0.7285028696 0.4701914596
-75.6351924795 0.0602171313 0.7285007848 0.4701706584
-75.6351224411 0.0602173605 0.7284987429 0.4701498865
-75.6350539145 0.0602175847 0.7284967450 0.4701291640
-75.6349869358 0.0602178039 0.7284947919 0.4701085120
-75.6349215408 0.0602180178 0.7284928849 0.4700879543
-75.6348577655 0.0602182265 0.7284910250 0.4700675173
-75.6347956460 0.0602184297 0.7284892133 0.4700472298
-75.6347352182 0.0602186275 0.7284874507 0.4700271220
-75.6346765181 0.0602188195 0.7284857384 0.4700072266
-75.6346195813 0.0602190058 0.7284840774 0.4699875791
-75.6345644437 0.0602191862 0.7284824688 0.4699682173
-75.6345111404 0.0602193606 0.7284809135 0.4699491808
-75.6344597064 0.0602195289 0.7284794127 0.4699305102
-75.6344101763 0.0602196910 0.7284779674 0.4699122480
-75.6343625838 0.0602198467 0.7284765785 0.4698944385
-75.6343169624 0.0602199960 0.7284752471 0.4698771263
-75.6342733446 0.0602201387 0.7284739740 0.4698603564
-75.6342317618 0.0602202748 0.7284727603 0.4698441727
-75.6341922445 0.0602204041 0.7284716068 0.4698286187
-75.6341548222 0.0602205265 0.7284705144 0.4698137365
-75.6341195229 0.0602206420 0.7284694839 0.4697995669
-75.6340863734 0.0602207505 0.7284685162 0.4697861484
-75.6340553989 0.0602208519 0.7284676119 0.4697735166
-75.6340266230 0.0602209460 0.7284667717 0.4697617042
-75.6340000678 0.0602210329 0.7284659964 0.4697507407
-75.6339757536 0.0602211125 0.7284652865 0.4697406525
-75.6339536990 0.0602211846 0.7284646425 0.4697314628
-75.6339339207 0.0602212494 0.7284640650 0.4697231921
-75.6339164340 0.0602213066 0.7284635544 0.4697158576
-75.6339012521 0.0602213563 0.7284631110 0.4697094743
-75.6338883865 0.0602213983 0.7284627354 0.4697040541
-75.6338778469 0.0602214328 0.7284624276 0.4696996070
-75.6338696412 0.0602214597 0.7284621880 0.4696961407
-75.6338637756 0.0602214789 0.7284620167 0.4696936607
-75.6338602545 0.0602214904 0.7284619138 0.4696921712
-75.6338590805 0.0602214942 0.7284618796 0.4696916745
-75.6451396075 0.0601845967 0.7287889375 0.4719593962
-75.6451030229 0.0601847163 0.7287878972 0.4719586171
-75.6450579870 0.0601848635 0.7287866152 0.4719570757
-75.6450102214 0.0601850197 0.7287852543 0.4719548459
-75.6449607089 0.0601851815 0.7287838423 0.4719519147
-75.6449096208 0.0601853485 0.7287823841 0.4719482656
-75.6448569912 0.0601855206 0.7287808808 0.4719438890
-75.6448028325 0.0601856977 0.7287793325 0.4719387830
-75.6447471544 0.0601858797 0.7287777397 0.4719329529
-75.6446899682 0.0601860667 0.7287761027 0.4719264102
-75.6446312865 0.0601862585 0.7287744217 0.4719191717
-75.6445711236 0.0601864552 0.7287726973 0.4719112587
-75.6445094953 0.0601866567 0.7287709299 0.4719026960
-75.6444464186 0.0601868630 0.7287691200 0.4718935115
-75.6443819119 0.0601870739 0.7287672681 0.4718837350
-75.6443159947 0.0601872894 0.7287653748 0.4718733979
-75.6442486873 0.0601875095 0.7287634407 0.4718625327
-75.6441800113 0.0601877340 0.7287614664 0.4718511721
-75.6441099887 0.0601879630 0.7287594525 0.4718393490
-75.6440386425 0.0601881963 0.7287573998 0.4718270958
-75.6439659962 0.0601884338 0.7287553088 0.4718144444
-75.6438920740 0.0601886755 0.7287531804 0.4718014258
-75.6438169003 0.0601889213 0.7287510153 0.4717880696
-75.6437405003 0.0601891712 0.7287488141 0.4717744045
-75.6436628993 0.0601894249 0.7287465776 0.4717604574
-75.6435841230 0.0601896825 0.7287443066 0.4717462539
-75.6435041973 0.0601899439 0.7287420018 0.4717318179
-75.6434231484 0.0601902089 0.7287396639 0.4717171718
-75.6433410026 0.0601904775 0.7287372938 0.4717023362
-75.6432577864 0.0601907496 0.7287348923 0.4716873301
-75.6431735264 0.0601910252 0.7287324600 0.4716721710
-75.6430882493 0.0601913040 0.7287299978 0.4716568749
-75.6430019819 0.0601915861 0.7287275065 0.4716414560
-75.6429147509 0.0601918714 0.7287249868 0.4716259274
-75.6428265834 0.0601921597 0.7287224395 0.4716103007
-75.6427375061 0.0601924510 0.7287198654 0.4715945862
-75.6426475461 0.0601927452 0.7287172654 0.4715787930
-75.6425567302 0.0601930422 0.7287146401 0.4715629292
-75.6424650856 0.0601933419 0.7287119904 0.4715470018
-75.6423726390 0.0601936442 0.7287093170 0.4715310169
-75.6422794177 0.0601939491 0.7287066208 0.4715149796
-75.6421854485 0.0601942564 0.7287039025 0.4714988945
-75.6420907586 0.0601945661 0.7287011629 0.4714827652
-75.6419953749 0.0601948780 0.7286984028 0.4714665949
-75.6418993245 0.0601951922 0.7286956230 0.4714503860
-75.6418026345 0.0601955084 0.7286928243 0.4714341407
-75.6417053319 0.0601958266 0.7286900075 0.4714178605
-75.6416074440 0.0601961468 0.7286871733 0.4714015465
-75.6415089976 0.0601964687 0.7286843225 0.4713851995
-75.6414100202 0.0601967924 0.7286814560 0.4713688200
-75.6413105388 0.0601971178 0.7286785745 0.4713524083
-75.6412105806 0.0601974447 0.7286756789 0.4713359642
-75.6411101729 0.0601977731 0.7286727698 0.4713194872
-75.6410093430 0.0601981029 0.7286698481 0.4713029771
-75.6409081181 0.0601984340 0.7286669147 0.4712864331
-75.6408065257 0.0601987662 0.7286639702 0.4712698542
-75.6407045931 0.0601990996 0.7286610156 0.4712532393
-75.6406023477 0.0601994340 0.7286580515 0.4712365873
-75.6404998171 0.0601997694 0.7286550788 0.4712198970
-75.6403970289 0.0602001056 0.7286520983 0.4712031667
-75.6402940105 0.0602004425 0.7286491108 0.4711863949
-75.6401907897 0.0602007802 0.7286461172 0.4711695801
-75.6400873942 0.0602011183 0.7286431181 0.4711527206
-75.6399838517 0.0602014570 0.7286401144 0.4711358143
-75.6398801901 0.0602017961 0.7286371069 0.4711188593
-75.6397764374 0.0602021354 0.7286340965 0.4711018539
-75.6396726215 0.0602024750 0.7286310840 0.4710847960
-75.6395687704 0.0602028147 0.7286280701 0.4710676833
-75.6394649124 0.0602031544 0.7286250557 0.4710505137
-75.6393610758 0.0602034941 0.7286220416 0.4710332852
-75.6392572887 0.0602038336 0.7286190286 0.4710159956
-75.6391535797 0.0602041728 0.7286160176 0.4709986424
-75.6390499772 0.0602045117 0.7286130094 0.4709812235
-75.6389465099 0.0602048501 0.7286100048 0.4709637366
-75.6388432066 0.0602051881 0.7286070047 0.4709461796
-75.6387400960 0.0602055253 0.7286040099 0.4709285499
-75.6386372071 0.0602058619 0.7286010212 0.4709108452
-75.6385345689 0.0602061976 0.7285980395 0.4708930636
-75.6384322108 0.0602065325 0.7285950657 0.4708752027
-75.6383301619 0.0602068663 0.7285921006 0.4708572600
-75.6382284517 0.0602071990 0.7285891450 0.4708392335
-75.6381271099 0.0602075305 0.7285861998 0.4708211213
-75.6380261660 0.0602078607 0.7285832659 0.4708029210
-75.6379256500 0.0602081896 0.7285803442 0.4707846305
-75.6378255919 0.0602085169 0.7285774355 0.4707662481
-75.6377260219 0.0602088426 0.7285745407 0.4707477720
-75.6376269702 0.0602091666 0.7285716607 0.4707292002
-75.6375284672 0.0602094889 0.7285687964 0.4707105308
-75.6374305436 0.0602098092 0.7285659487 0.4706917628
-75.6373332303 0.0602101276 0.7285631184 0.4706728947
-75.6372365581 0.0602104438 0.7285603066 0.4706539250
-75.6371405582 0.0602107579 0.7285575140 0.4706348526
-75.6370452619 0.0602110696 0.7285547416 0.4706156771
-75.6369507006 0.0602113790 0.7285519903 0.4705963976
-75.6368569060 0.0602116859 0.7285492611 0.4705770134
-75.6367639099 0.0602119901 0.7285465549 0.4705575247
-75.6366717445 0.0602122916 0.7285438726 0.4705379319
-75.6365804419 0.0602125903 0.7285412151 0.4705182352
-75.6364900344 0.0602128861 0.7285385835 0.4704984354
-75.6364005548 0.0602131788 0.7285359786 0.4704785339
-75.6363120358 0.0602134684 0.7285334015 0.4704585330
-75.6362245105 0.0602137548 0.7285308530 0.4704384344
-75.6361380119 0.0602140378 0.7285283342 0.4704182409
-75.6360525736 0.0602143173 0.7285258461 0.4703979563
-75.6359682292 0.0602145933 0.7285233895 0.4703775850
-75.6358850123 0.0602148655 0.7285209656 0.4703571315
-75.6358029571 0.0602151340 0.7285185753 0.4703366014
-75.6357220977 0.0602153985 0.7285162196 0.4703160020
-75.6356424686 0.0602156591 0.7285138996 0.4702953408
-75.6355641043 0.0602159154 0.7285116162 0.4702746265
-75.6354870397 0.0602161676 0.7285093705 0.4702538689
-75.6354113096 0.0602164154 0.7285071634 0.4702330798
-75.6353369494 0.0602166587 0.7285049961 0.4702122721
-75.6352639942 0.0602168974 0.7285028696 0.4701914596
-75.6351924795 0.0602171313 0.7285007848 0.4701706583
-75.6351224410 0.0602173605 0.7284987429 0.4701498865
-75.6350539145 0.0602175847 0.7284967450 0.4701291639
-75.6349869358 0.0602178039 0.7284947919 0.4701085119
-75.6349215407 0.0602180178 0.7284928849 0.4700879542
-75.6348577654 0.0602182265 0.7284910250 0.4700675173
-75.6347956459 0.0602184297 0.7284892133 0.4700472297
-75.6347352181 0.0602186275 0.7284874507 0.4700271219
-75.6346765180 0.0602188195 0.7284857384 0.4700072265
-75.6346195813 0.0602190058 0.7284840774 0.4699875790
-75.6345644436 0.0602191862 0.7284824688 0.4699682173
-75.6345111404 0.0602193606 0.7284809135 0.4699491807
-75.6344597064 0.0602195289 0.7284794127 0.4699305101
-75.6344101762 0.0602196910 0.7284779674 0.4699122480
-75.6343625838 0.0602198467 0.7284765785 0.4698944384
-75.6343169624 0.0602199960 0.7284752471 0.4698771262
-75.6342733445 0.0602201387 0.7284739740 0.4698603563
-75.6342317617 0.0602202748 0.7284727603 0.4698441727
-75.6341922445 0.0602204041 0.7284716068 0.4698286186
-75.6341548222 0.0602205265 0.7284705144 0.4698137365
-75.6341195229 0.0602206420 0.7284694839 0.4697995668
-75.6340863734 0.0602207505 0.7284685162 0.4697861483
-75.6340553989 0.0602208519 0.7284676119 0.4697735165
-75.6340266230 0.0602209460 0.7284667717 0.4697617041
-75.6340000678 0.0602210329 0.7284659964 0.4697507407
-75.6339757536 0.0602211125 0.7284652865 0.4697406524
-75.6339536990 0.0602211846 0.7284646425 0.4697314628
-75.6339339208 0.0602212494 0.7284640650 0.4697231920
-75.6339164340 0.0602213066 0.7284635544 0.4697158575
-75.6339012521 0.0602213563 0.7284631110 0.4697094742
-75.6338883865 0.0602213983 0.7284627354 0.4697040540
-75.6338778469 0.0602214328 0.7284624276 0.4696996070
-75.6338696412 0.0602214597 0.7284621880 0.4696961406
-75.6338637756 0.0602214789 0.7284620167 0.4696936607
-75.6338602545 0.0602214904 0.7284619138 0.4696921712
-75.6338590812 0.0602214942 0.7284618796 0.4696916812
-75.6451397467 0.0601845962 0.7287889400 0.4719592840
-75.6451033139 0.0601847153 0.7287879023 0.4719583828
-75.6450584323 0.0601848621 0.7287866231 0.4719567173
-75.6450108220 0.0601850177 0.7287852648 0.4719543631
-75.6449614656 0.0601851791 0.7287838556 0.4719513074
-75.6449105347 0.0601853456 0.7287824002 0.4719475336
-75.6448580636 0.0601855171 0.7287808997 0.4719430321
-75.6448040646 0.0601856937 0.7287793543 0.4719378010
-75.6447485480 0.0601858752 0.7287777644 0.4719318456
-75.6446915251 0.0601860616 0.7287761304 0.4719251773
-75.6446330087 0.0601862529 0.7287744525 0.4719178129
-75.6445730134 0.0601864491 0.7287727312 0.4719097737
-75.6445115551 0.0601866500 0.7287709669 0.4719010846
-75.6444486512 0.0601868557 0.7287691602 0.4718917733
-75.6443843201 0.0601870660 0.7287673117 0.4718818696
-75.6443185816 0.0601872810 0.7287654218 0.4718714049
-75.6442514563 0.0601875005 0.7287634912 0.4718604117
-75.6441829658 0.0601877244 0.7287615205 0.4718489226
-75.6441131324 0.0601879528 0.7287595104 0.4718369706
-75.6440419794 0.0601881854 0.7287574615 0.4718245880
-75.6439695305 0.0601884223 0.7287553746 0.4718118067
-75.6438958101 0.0601886634 0.7287532503 0.4717986577
-75.6438208428 0.0601889085 0.7287510894 0.4717851706
-75.6437446539 0.0601891576 0.7287488926 0.4717713739
-75.6436672691 0.0601894107 0.7287466606 0.4717572946
-75.6435887143 0.0601896676 0.7287443943 0.4717429584
-75.6435090155 0.0601899282 0.7287420943 0.4717283890
-75.6434281991 0.0601901925 0.7287397615 0.4717136088
-75.6433462918 0.0601904603 0.7287373966 0.4716986385
-75.6432633202 0.0601907316 0.7287350004 0.4716834970
-75.6431793111 0.0601910064 0.7287325737 0.4716682018
-75.6430942916 0.0601912844 0.7287301173 0.4716527687
-75.6430082884 0.0601915656 0.7287276319 0.4716372122
-75.6429213288 0.0601918500 0.7287251184 0.4716215453
-75.6428334399 0.0601921374 0.7287225775 0.4716057794
-75.6427446487 0.0601924278 0.7287200101 0.4715899248
-75.6426549824 0.0601927210 0.7287174168 0.4715739908
-75.6425644683 0.0601930170 0.7287147986 0.4715579854
-75.6424731335 0.0601933157 0.7287121562 0.4715419155
-75.6423810053 0.0601936170 0.7287094904 0.4715257872
-75.6422881109 0.0601939208 0.7287068020 0.4715096056
-75.6421944775 0.0601942270 0.7287040918 0.4714933753
-75.6421001325 0.0601945356 0.7287013606 0.4714770999
-75.6420051031 0.0601948464 0.7286986091 0.4714607826
-75.6419094166 0.0601951593 0.7286958382 0.4714444257
-75.6418131002 0.0601954743 0.7286930487 0.4714280314
-75.6417161814 0.0601957913 0.7286902414 0.4714116013
-75.6416186875 0.0601961101 0.7286874170 0.4713951364
-75.6415206459 0.0601964308 0.7286845764 0.4713786375
-75.6414220839 0.0601967531 0.7286817203 0.4713621052
-75.6413230290 0.0601970771 0.7286788496 0.4713455396
-75.6412235086 0.0601974026 0.7286759651 0.4713289405
-75.6411235503 0.0601977295 0.7286730675 0.4713123077
-75.6410231816 0.0601980578 0.7286701576 0.4712956406
-75.6409224300 0.0601983873 0.7286672364 0.4712789385
-75.6408213232 0.0601987180 0.7286643044 0.4712622006
-75.6407198887 0.0601990498 0.7286613627 0.4712454256
-75.6406181544 0.0601993825 0.7286584119 0.4712286125
-75.6405161480 0.0601997162 0.7286554529 0.4712117600
-75.6404138972 0.0602000506 0.7286524865 0.4711948665
-75.6403114299 0.0602003858 0.7286495135 0.4711779305
-75.6402087741 0.0602007215 0.7286465347 0.4711609504
-75.6401059578 0.0602010578 0.7286435509 0.4711439246
-75.6400030089 0.0602013946 0.7286405630 0.4711268510
-75.6398999556 0.0602017316 0.7286375717 0.4711097277
-75.6397968262 0.0602020690 0.7286345779 0.4710925530
-75.6396936488 0.0602024064 0.7286315824 0.4710753248
-75.6395904518 0.0602027440 0.7286285861 0.4710580409
-75.6394872636 0.0602030815 0.7286255897 0.4710406991
-75.6393841129 0.0602034189 0.7286225941 0.4710232975
-75.6392810281 0.0602037561 0.7286196001 0.4710058340
-75.6391780379 0.0602040930 0.7286166086 0.4709883060
-75.6390751713 0.0602044295 0.7286136204 0.4709707114
-75.6389724570 0.0602047655 0.7286106363 0.4709530481
-75.6388699242 0.0602051009 0.7286076572 0.4709353140
-75.6387676019 0.0602054356 0.7286046839 0.4709175064
-75.6386655193 0.0602057695 0.7286017173 0.4708996232
-75.6385637059 0.0602061026 0.7285987582 0.4708816626
-75.6384621911 0.0602064346 0.7285958076 0.4708636220
-75.6383610044 0.0602067656 0.7285928662 0.4708454993
-75.6382601757 0.0602070955 0.7285899349 0.4708272923
-75.6381597349 0.0602074240 0.7285870147 0.4708089994
-75.6380597118 0.0602077513 0.7285841063 0.4707906182
-75.6379601367 0.0602080770 0.7285812107 0.4707721467
-75.6378610399 0.0602084012 0.7285783287 0.4707535832
-75.6377624518 0.0602087237 0.7285754612 0.4707349262
-75.6376644031 0.0602090444 0.7285726092 0.4707161737
-75.6375669244 0.0602093633 0.7285697734 0.4706973242
-75.6374700467 0.0602096803 0.7285669549 0.4706783765
-75.6373738011 0.0602099951 0.7285641546 0.4706593296
-75.6372782189 0.0602103078 0.7285613732 0.4706401819
-75.6371833313 0.0602106182 0.7285586119 0.4706209328
-75.6370891702 0.0602109263 0.7285558714 0.4706015818
-75.6369957672 0.0602112318 0.7285531527 0.4705821287
-75.6369031543 0.0602115348 0.7285504568 0.4705625728
-75.6368113636 0.0602118351 0.7285477846 0.4705429146
-75.6367204274 0.0602121326 0.7285451370 0.4705231549
-75.6366303784 0.0602124272 0.7285425149 0.4705032945
-75.6365412490 0.0602127188 0.7285399195 0.4704833343
-75.6364530724 0.0602130073 0.7285373515 0.4704632764
-75.6363658816 0.0602132926 0.7285348120 0.4704431234
-75.6362797098 0.0602135745 0.7285323020 0.4704228778
-75.6361945905 0.0602138530 0.7285298224 0.4704025429
-75.6361105574 0.0602141279 0.7285273742 0.4703821232
-75.6360276445 0.0602143992 0.7285249585 0.4703616239
-75.6359458858 0.0602146666 0.7285225761 0.4703410503
-75.6358653155 0.0602149303 0.7285202282 0.4703204089
-75.6357859682 0.0602151899 0.7285179157 0.4702997080
-75.6357078785 0.0602154453 0.7285156396 0.4702789563
-75.6356310812 0.0602156966 0.7285134011 0.4702581635
-75.6355556114 0.0602159435 0.7285112010 0.4702373409
-75.6354815042 0.0602161860 0.7285090405 0.4702165015
-75.6354087951 0.0602164239 0.7285069205 0.4701956599
-75.6353375196 0.0602166571 0.7285048422 0.4701748315
-75.6352677133 0.0602168855 0.7285028065 0.4701540341
-75.6351994120 0.0602171090 0.7285008145 0.4701332876
-75.6351326517 0.0602173274 0.7284988674 0.4701126140
-75.6350674683 0.0602175407 0.7284969660 0.4700920367
-75.6350038977 0.0602177487 0.7284951116 0.4700715815
-75.6349419761 0.0602179513 0.7284933051 0.4700512769
-75.6348817395 0.0602181484 0.7284915477 0.4700311540
-75.6348232238 0.0602183398 0.7284898403 0.4700112455
-75.6347664647 0.0602185255 0.7284881841 0.4699915861
-75.6347114980 0.0602187054 0.7284865800 0.4699722132
-75.6346583589 0.0602188793 0.7284850292 0.4699531666
-75.6346070824 0.0602190470 0.7284835326 0.4699344876
-75.6345577031 0.0602192086 0.7284820913 0.4699162185
-75.6345102547 0.0602193639 0.7284807063 0.4698984026
-75.6344647707 0.0602195127 0.7284793785 0.4698810844
-75.6344212834 0.0602196550 0.7284781089 0.4698643089
-75.6343798246 0.0602197906 0.7284768985 0.4698481207
-75.6343404246 0.0602199196 0.7284757482 0.4698325631
-75.6343031129 0.0602200417 0.7284746587 0.4698176781
-75.6342679175 0.0602201568 0.7284736310 0.4698035057
-75.6342348650 0.0602202650 0.7284726659 0.4697900842
-75.6342039808 0.0602203660 0.7284717640 0.4697774493
-75.6341752886 0.0602204599 0.7284709261 0.4697656338
-75.6341488103 0.0602205465 0.7284701528 0.4697546677
-75.6341245663 0.0602206259 0.7284694447 0.4697445774
-75.6341025752 0.0602206978 0.7284688025 0.4697353861
-75.6340828539 0.0602207624 0.7284682265 0.4697271142
-75.6340654174 0.0602208194 0.7284677172 0.4697197788
-75.6340502790 0.0602208690 0.7284672750 0.4697133945
-75.6340374502 0.0602209109 0.7284669003 0.4697079736
-75.6340269407 0.0602209453 0.7284665934 0.4697035258
-75.6340187584 0.0602209721 0.7284663544 0.4697000588
-75.6340129095 0.0602209912 0.7284661835 0.4696975784
-75.6340093984 0.0602210027 0.7284660810 0.4696960885
-75.6340082285 0.0602210065 0.7284660468 0.4696955984
-75.6451397467 0.0601845962 0.7287889400 0.4719592840
-75.6451033139 0.0601847153 0.7287879023 0.4719583828
-75.6450584323 0.0601848621 0.7287866231 0.4719567173
-75.6450108220 0.0601850177 0.7287852648 0.4719543631
-75.6449614656 0.0601851791 0.7287838556 0.4719513074
-75.6449105347 0.0601853456 0.7287824002 0.4719475336
-75.6448580636 0.0601855171 0.7287808997 0.4719430321
-75.6448040646 0.0601856937 0.7287793543 0.4719378010
-75.6447485480 0.0601858752 0.7287777644 0.4719318456
-75.6446915251 0.0601860616 0.7287761304 0.4719251773
-75.6446330087 0.0601862529 0.7287744525 0.4719178129
-75.6445730134 0.0601864491 0.7287727312 0.4719097737
-75.6445115551 0.0601866500 0.7287709669 0.4719010846
-75.6444486512 0.0601868557 0.7287691602 0.4718917733
-75.6443843201 0.0601870660 0.7287673117 0.4718818696
-75.6443185816 0.0601872810 0.7287654218 0.4718714049
-75.6442514563 0.0601875005 0.7287634912 0.4718604117
-75.6441829657 0.0601877244 0.7287615205 0.4718489226
-75.6441131324 0.0601879528 0.7287595104 0.4718369706
-75.6440419794 0.0601881854 0.7287574615 0.4718245880
-75.6439695305 0.0601884223 0.7287553746 0.4718118067
-75.6438958100 0.0601886634 0.7287532503 0.4717986577
-75.6438208428 0.0601889085 0.7287510894 0.4717851706
-75.6437446539 0.0601891576 0.7287488926 0.4717713739
-75.6436672691 0.0601894107 0.7287466606 0.4717572946
-75.6435887142 0.0601896676 0.7287443943 0.4717429584
-75.6435090154 0.0601899282 0.7287420943 0.4717283890
-75.6434281991 0.0601901925 0.7287397615 0.4717136088
-75.6433462918 0.0601904603 0.7287373966 0.4716986385
-75.6432633202 0.0601907316 0.7287350004 0.4716834970
-75.6431793111 0.0601910064 0.7287325737 0.4716682018
-75.6430942915 0.0601912844 0.7287301173 0.4716527687
-75.6430082884 0.0601915656 0.7287276319 0.4716372122
-75.6429213288 0.0601918500 0.7287251184 0.4716215453
-75.6428334399 0.0601921374 0.7287225775 0.4716057794
-75.6427446487 0.0601924278 0.7287200101 0.4715899248
-75.6426549824 0.0601927210 0.7287174168 0.4715739908
-75.6425644683 0.0601930170 0.7287147986 0.4715579854
-75.6424731335 0.0601933157 0.7287121562 0.4715419155
-75.6423810053 0.0601936170 0.7287094904 0.4715257872
-75.6422881109 0.0601939208 0.7287068020 0.4715096056
-75.6421944775 0.0601942270 0.7287040918 0.4714933753
-75.6421001325 0.0601945356 0.7287013606 0.4714770999
-75.6420051031 0.0601948464 0.7286986091 0.4714607826
-75.6419094165 0.0601951593 0.7286958382 0.4714444257
-75.6418131002 0.0601954743 0.7286930487 0.4714280314
-75.6417161814 0.0601957913 0.7286902414 0.4714116013
-75.6416186875 0.0601961101 0.7286874170 0.4713951364
-75.6415206459 0.0601964308 0.7286845764 0.4713786375
-75.6414220839 0.0601967531 0.7286817203 0.4713621052
-75.6413230290 0.0601970771 0.7286788496 0.4713455396
-75.6412235086 0.0601974026 0.7286759651 0.4713289405
-75.6411235503 0.0601977295 0.7286730675 0.4713123077
-75.6410231816 0.0601980578 0.7286701576 0.4712956406
-75.6409224300 0.0601983873 0.7286672364 0.4712789385
-75.6408213231 0.0601987180 0.7286643044 0.4712622006
-75.6407198887 0.0601990498 0.7286613627 0.4712454256
-75.6406181544 0.0601993825 0.7286584119 0.4712286125
-75.6405161479 0.0601997162 0.7286554529 0.4712117600
-75.6404138972 0.0602000506 0.7286524865 0.4711948665
-75.6403114299 0.0602003858 0.7286495135 0.4711779305
-75.6402087741 0.0602007215 0.7286465347 0.4711609504
-75.6401059578 0.0602010578 0.7286435509 0.4711439246
-75.6400030089 0.0602013946 0.7286405630 0.4711268510
-75.6398999556 0.0602017316 0.7286375717 0.4711097277
-75.6397968261 0.0602020690 0.7286345779 0.4710925530
-75.6396936488 0.0602024064 0.7286315824 0.4710753248
-75.6395904518 0.0602027440 0.7286285861 0.4710580409
-75.6394872636 0.0602030815 0.7286255897 0.4710406991
-75.6393841128 0.0602034189 0.7286225941 0.4710232975
-75.6392810280 0.0602037561 0.7286196001 0.4710058340
-75.6391780379 0.0602040930 0.7286166086 0.4709883060
-75.6390751713 0.0602044295 0.7286136204 0.4709707114
-75.6389724570 0.0602047655 0.7286106363 0.4709530481
-75.6388699242 0.0602051009 0.7286076572 0.4709353140
-75.6387676019 0.0602054356 0.7286046839 0.4709175064
-75.6386655193 0.0602057695 0.7286017173 0.4708996232
-75.6385637058 0.0602061026 0.7285987582 0.4708816626
-75.6384621910 0.0602064346 0.7285958076 0.4708636220
-75.6383610044 0.0602067656 0.7285928662 0.4708454993
-75.6382601757 0.0602070955 0.7285899349 0.4708272923
-75.6381597348 0.0602074240 0.7285870147 0.4708089994
-75.6380597118 0.0602077513 0.7285841063 0.4707906182
-75.6379601367 0.0602080770 0.7285812107 0.4707721467
-75.6378610399 0.0602084012 0.7285783287 0.4707535832
-75.6377624518 0.0602087237 0.7285754612 0.4707349262
-75.6376644031 0.0602090444 0.7285726092 0.4707161737
-75.6375669244 0.0602093633 0.7285697734 0.4706973242
-75.6374700467 0.0602096803 0.7285669549 0.4706783765
-75.6373738011 0.0602099951 0.7285641546 0.4706593296
-75.6372782188 0.0602103078 0.7285613732 0.4706401819
-75.6371833313 0.0602106182 0.7285586119 0.4706209328
-75.6370891702 0.0602109263 0.7285558714 0.4706015818
-75.6369957672 0.0602112318 0.7285531527 0.4705821287
-75.6369031542 0.0602115348 0.7285504568 0.4705625728
-75.6368113635 0.0602118351 0.7285477846 0.4705429146
-75.6367204274 0.0602121326 0.7285451370 0.4705231549
-75.6366303783 0.0602124272 0.7285425149 0.4705032945
-75.6365412490 0.0602127188 0.7285399195 0.4704833343
-75.6364530724 0.0602130073 0.7285373515 0.4704632764
-75.6363658815 0.0602132926 0.7285348120 0.4704431234
-75.6362797097 0.0602135745 0.7285323020 0.4704228778
-75.6361945904 0.0602138530 0.7285298224 0.4704025429
-75.6361105574 0.0602141279 0.7285273742 0.4703821232
-75.6360276445 0.0602143992 0.7285249585 0.4703616239
-75.6359458858 0.0602146666 0.7285225761 0.4703410503
-75.6358653155 0.0602149303 0.7285202282 0.4703204089
-75.6357859682 0.0602151899 0.7285179157 0.4702997080
-75.6357078785 0.0602154453 0.7285156396 0.4702789563
-75.6356310812 0.0602156966 0.7285134011 0.4702581635
-75.6355556113 0.0602159435 0.7285112010 0.4702373409
-75.6354815042 0.0602161860 0.7285090405 0.4702165015
-75.6354087951 0.0602164239 0.7285069205 0.4701956599
-75.6353375196 0.0602166571 0.7285048422 0.4701748315
-75.6352677133 0.0602168855 0.7285028065 0.4701540341
-75.6351994120 0.0602171090 0.7285008145 0.4701332876
-75.6351326517 0.0602173274 0.7284988674 0.4701126140
-75.6350674682 0.0602175407 0.7284969660 0.4700920367
-75.6350038977 0.0602177487 0.7284951116 0.4700715815
-75.6349419760 0.0602179513 0.7284933051 0.4700512769
-75.6348817394 0.0602181484 0.7284915477 0.4700311540
-75.6348232237 0.0602183398 0.7284898403 0.4700112455
-75.6347664647 0.0602185255 0.7284881841 0.4699915861
-75.6347114980 0.0602187054 0.7284865800 0.4699722132
-75.6346583589 0.0602188793 0.7284850292 0.4699531666
-75.6346070824 0.0602190470 0.7284835326 0.4699344876
-75.6345577030 0.0602192086 0.7284820913 0.4699162185
-75.6345102547 0.0602193639 0.7284807063 0.4698984026
-75.6344647706 0.0602195127 0.7284793785 0.4698810844
-75.6344212834 0.0602196550 0.7284781089 0.4698643089
-75.6343798245 0.0602197906 0.7284768985 0.4698481207
-75.6343404246 0.0602199196 0.7284757482 0.4698325631
-75.6343031128 0.0602200417 0.7284746587 0.4698176781
-75.6342679174 0.0602201568 0.7284736310 0.4698035057
-75.6342348650 0.0602202650 0.7284726659 0.4697900842
-75.6342039808 0.0602203660 0.7284717640 0.4697774493
-75.6341752885 0.0602204599 0.7284709261 0.4697656338
-75.6341488102 0.0602205465 0.7284701528 0.4697546677
-75.6341245663 0.0602206259 0.7284694447 0.4697445774
-75.6341025752 0.0602206978 0.7284688025 0.4697353861
-75.6340828539 0.0602207624 0.7284682265 0.4697271142
-75.6340654174 0.0602208194 0.7284677172 0.4697197788
-75.6340502790 0.0602208690 0.7284672750 0.4697133945
-75.6340374501 0.0602209109 0.7284669003 0.4697079736
-75.6340269406 0.0602209453 0.7284665934 0.4697035258
-75.6340187584 0.0602209721 0.7284663544 0.4697000588
-75.6340129095 0.0602209912 0.7284661835 0.4696975784
-75.6340093984 0.0602210027 0.7284660810 0.4696960885
-75.6340082284 0.0602210065 0.7284660468 0.4696955984
-75.6451397467 0.0601845962 0.7287889400 0.4719592840
-75.6451033139 0.0601847153 0.7287879023 0.4719583828
-75.6450584323 0.0601848621 0.7287866231 0.4719567173
-75.6450108220 0.0601850177 0.7287852648 0.4719543631
-75.6449614656 0.0601851791 0.7287838556 0.4719513074
-75.6449105347 0.0601853456 0.7287824002 0.4719475336
-75.6448580636 0.0601855171 0.7287808997 0.4719430321
-75.6448040646 0.0601856937 0.7287793543 0.4719378010
-75.6447485480 0.0601858752 0.7287777644 0.4719318456
-75.6446915250 0.0601860616 0.7287761304 0.4719251773
-75.6446330087 0.0601862529 0.7287744525 0.4719178129
-75.6445730134 0.0601864491 0.7287727312 0.4719097737
-75.6445115551 0.0601866500 0.7287709669 0.4719010846
-75.6444486512 0.0601868557 0.7287691602 0.4718917733
-75.6443843201 0.0601870660 0.7287673117 0.4718818696
-75.6443185816 0.0601872810 0.7287654218 0.4718714049
-75.6442514563 0.0601875005 0.7287634912 0.4718604117
-75.6441829657 0.0601877244 0.7287615205 0.4718489226
-75.6441131324 0.0601879528 0.7287595104 0.4718369706
-75.6440419794 0.0601881854 0.7287574615 0.4718245880
-75.6439695305 0.0601884223 0.7287553746 0.4718118067
-75.6438958100 0.0601886634 0.7287532503 0.4717986577
-75.6438208428 0.0601889085 0.7287510894 0.4717851706
-75.6437446539 0.0601891576 0.7287488926 0.4717713739
-75.6436672691 0.0601894107 0.7287466606 0.4717572946
-75.6435887142 0.0601896676 0.7287443943 0.4717429584
-75.6435090154 0.0601899282 0.7287420943 0.4717283890
-75.6434281991 0.0601901925 0.7287397615 0.4717136088
-75.6433462918 0.0601904603 0.7287373966 0.4716986385
-75.6432633202 0.0601907316 0.7287350004 0.4716834970
-75.6431793111 0.0601910064 0.7287325737 0.4716682018
-75.6430942915 0.0601912844 0.7287301173 0.4716527687
-75.6430082884 0.0601915656 0.7287276319 0.4716372122
-75.6429213288 0.0601918500 0.7287251184 0.4716215453
-75.6428334398 0.0601921374 0.7287225775 0.4716057794
-75.6427446486 0.0601924278 0.7287200101 0.4715899248
-75.6426549824 0.0601927210 0.7287174168 0.4715739908
-75.6425644683 0.0601930170 0.7287147986 0.4715579854
-75.6424731335 0.0601933157 0.7287121562 0.4715419155
-75.6423810053 0.0601936170 0.7287094904 0.4715257872
-75.6422881109 0.0601939208 0.7287068020 0.4715096056
-75.6421944775 0.0601942270 0.7287040918 0.4714933753
-75.6421001325 0.0601945356 0.7287013606 0.4714770999
-75.6420051031 0.0601948464 0.7286986091 0.4714607826
-75.6419094165 0.0601951593 0.7286958382 0.4714444257
-75.6418131002 0.0601954743 0.7286930487 0.4714280314
-75.6417161814 0.0601957913 0.7286902414 0.4714116013
-75.6416186875 0.0601961101 0.7286874170 0.4713951364
-75.6415206458 0.0601964308 0.7286845764 0.4713786375
-75.6414220838 0.0601967531 0.7286817203 0.4713621052
-75.6413230289 0.0601970771 0.7286788496 0.4713455396
-75.6412235086 0.0601974026 0.7286759651 0.4713289405
-75.6411235503 0.0601977295 0.7286730675 0.4713123077
-75.6410231815 0.0601980578 0.7286701576 0.4712956406
-75.6409224300 0.0601983873 0.7286672364 0.4712789385
-75.6408213231 0.0601987180 0.7286643044 0.4712622006
-75.6407198887 0.0601990498 0.7286613627 0.4712454256
-75.6406181544 0.0601993825 0.7286584119 0.4712286125
-75.6405161479 0.0601997162 0.7286554529 0.4712117600
-75.6404138971 0.0602000506 0.7286524865 0.4711948665
-75.6403114299 0.0602003858 0.7286495135 0.4711779305
-75.6402087741 0.0602007215 0.7286465347 0.4711609504
-75.6401059577 0.0602010578 0.7286435509 0.4711439246
-75.6400030089 0.0602013946 0.7286405630 0.4711268510
-75.6398999556 0.0602017316 0.7286375717 0.4711097277
-75.6397968261 0.0602020690 0.7286345779 0.4710925530
-75.6396936487 0.0602024064 0.7286315824 0.4710753248
-75.6395904517 0.0602027440 0.7286285861 0.4710580409
-75.6394872636 0.0602030815 0.7286255897 0.4710406991
-75.6393841128 0.0602034189 0.7286225941 0.4710232975
-75.6392810280 0.0602037561 0.7286196001 0.4710058340
-75.6391780379 0.0602040930 0.7286166086 0.4709883060
-75.6390751712 0.0602044295 0.7286136203 0.4709707114
-75.6389724570 0.0602047655 0.7286106363 0.4709530481
-75.6388699241 0.0602051009 0.7286076572 0.4709353140
-75.6387676018 0.0602054356 0.7286046839 0.4709175064
-75.6386655192 0.0602057695 0.7286017173 0.4708996232
-75.6385637058 0.0602061026 0.7285987582 0.4708816626
-75.6384621910 0.0602064346 0.7285958076 0.4708636220
-75.6383610043 0.0602067656 0.7285928662 0.4708454993
-75.6382601756 0.0602070955 0.7285899349 0.4708272923
-75.6381597348 0.0602074240 0.7285870147 0.4708089994
-75.6380597117 0.0602077513 0.7285841063 0.4707906182
-75.6379601367 0.0602080770 0.7285812107 0.4707721467
-75.6378610398 0.0602084012 0.7285783287 0.4707535832
-75.6377624518 0.0602087237 0.7285754612 0.4707349262
-75.6376644030 0.0602090444 0.7285726092 0.4707161737
-75.6375669243 0.0602093633 0.7285697734 0.4706973242
-75.6374700466 0.0602096803 0.7285669549 0.4706783765
-75.6373738011 0.0602099951 0.7285641546 0.4706593296
-75.6372782188 0.0602103078 0.7285613732 0.4706401819
-75.6371833313 0.0602106182 0.7285586119 0.4706209328
-75.6370891701 0.0602109263 0.7285558714 0.4706015818
-75.6369957671 0.0602112318 0.7285531527 0.4705821287
-75.6369031542 0.0602115348 0.7285504568 0.4705625728
-75.6368113635 0.0602118351 0.7285477846 0.4705429146
-75.6367204273 0.0602121326 0.7285451370 0.4705231549
-75.6366303783 0.0602124272 0.7285425149 0.4705032945
-75.6365412490 0.0602127188 0.7285399195 0.4704833343
-75.6364530723 0.0602130073 0.7285373515 0.4704632764
-75.6363658815 0.0602132926 0.7285348120 0.4704431234
-75.6362797097 0.0602135745 0.7285323020 0.4704228778
-75.6361945904 0.0602138530 0.7285298224 0.4704025429
-75.6361105574 0.0602141279 0.7285273742 0.4703821232
-75.6360276445 0.0602143992 0.7285249585 0.4703616239
-75.6359458857 0.0602146666 0.7285225761 0.4703410503
-75.6358653155 0.0602149303 0.7285202282 0.4703204089
-75.6357859681 0.0602151899 0.7285179157 0.4702997080
-75.6357078784 0.0602154454 0.7285156396 0.4702789563
-75.6356310811 0.0602156966 0.7285134011 0.4702581635
-75.6355556113 0.0602159435 0.7285112010 0.4702373409
-75.6354815041 0.0602161860 0.7285090405 0.4702165015
-75.6354087951 0.0602164239 0.7285069205 0.4701956599
-75.6353375195 0.0602166571 0.7285048422 0.4701748315
-75.6352677132 0.0602168855 0.7285028065 0.4701540341
-75.6351994119 0.0602171090 0.7285008145 0.4701332876
-75.6351326516 0.0602173274 0.7284988674 0.4701126140
-75.6350674682 0.0602175407 0.7284969660 0.4700920367
-75.6350038976 0.0602177487 0.7284951116 0.4700715815
-75.6349419760 0.0602179513 0.7284933051 0.4700512769
-75.6348817394 0.0602181484 0.7284915477 0.4700311540
-75.6348232237 0.0602183398 0.7284898403 0.4700112455
-75.6347664647 0.0602185255 0.7284881840 0.4699915861
-75.6347114979 0.0602187054 0.7284865800 0.4699722132
-75.6346583588 0.0602188793 0.7284850292 0.4699531666
-75.6346070823 0.0602190470 0.7284835326 0.4699344876
-75.6345577030 0.0602192086 0.7284820913 0.4699162185
-75.6345102546 0.0602193639 0.7284807062 0.4698984026
-75.6344647706 0.0602195127 0.7284793785 0.4698810844
-75.6344212833 0.0602196550 0.7284781089 0.4698643089
-75.6343798245 0.0602197906 0.7284768985 0.4698481207
-75.6343404245 0.0602199196 0.7284757482 0.4698325631
-75.6343031128 0.0602200417 0.7284746587 0.4698176781
-75.6342679174 0.0602201568 0.7284736310 0.4698035057
-75.6342348649 0.0602202650 0.7284726659 0.4697900842
-75.6342039807 0.0602203660 0.7284717640 0.4697774493
-75.6341752885 0.0602204599 0.7284709261 0.4697656338
-75.6341488102 0.0602205465 0.7284701528 0.4697546677
-75.6341245662 0.0602206259 0.7284694447 0.4697445774
-75.6341025751 0.0602206978 0.7284688025 0.4697353861
-75.6340828538 0.0602207624 0.7284682265 0.4697271142
-75.6340654173 0.0602208194 0.7284677172 0.4697197788
-75.6340502789 0.0602208690 0.7284672750 0.4697133945
-75.6340374501 0.0602209109 0.7284669003 0.4697079736
-75.6340269406 0.0602209453 0.7284665934 0.4697035258
-75.6340187583 0.0602209721 0.7284663544 0.4697000588
-75.6340129094 0.0602209912 0.7284661835 0.4696975784
-75.6340093983 0.0602210027 0.7284660810 0.4696960885
-75.6340082284 0.0602210066 0.7284660468 0.4696955984
-75.6451397467 0.0601845962 0.7287889400 0.4719592840
-75.6451033139 0.0601847153 0.7287879023 0.4719583828
-75.6450584323 0.0601848621 0.7287866231 0.4719567173
-75.6450108220 0.0601850177 0.7287852648 0.4719543631
-75.6449614656 0.0601851791 0.7287838556 0.4719513074
-75.6449105347 0.0601853456 0.7287824002 0.4719475336
-75.6448580636 0.0601855171 0.7287808997 0.4719430321
-75.6448040646 0.0601856937 0.7287793543 0.4719378010
-75.6447485480 0.0601858752 0.7287777644 0.4719318456
-75.6446915250 0.0601860616 0.7287761304 0.4719251773
-75.6446330087 0.0601862529 0.7287744525 0.4719178129
-75.6445730134 0.0601864491 0.7287727312 0.4719097737
-75.6445115551 0.0601866500 0.7287709669 0.4719010846
-75.6444486512 0.0601868557 0.7287691602 0.4718917733
-75.6443843201 0.0601870660 0.7287673117 0.4718818696
-75.6443185816 0.0601872810 0.7287654218 0.4718714049
-75.6442514562 0.0601875005 0.7287634912 0.4718604117
-75.6441829657 0.0601877244 0.7287615205 0.4718489226
-75.6441131324 0.0601879528 0.7287595104 0.4718369706
-75.6440419794 0.0601881854 0.7287574615 0.4718245880
-75.6439695305 0.0601884223 0.7287553746 0.4718118067
-75.6438958100 0.0601886634 0.7287532503 0.4717986577
-75.6438208427 0.0601889085 0.7287510894 0.4717851705
-75.6437446539 0.0601891577 0.7287488926 0.4717713739
-75.6436672691 0.0601894107 0.7287466606 0.4717572946
-75.6435887142 0.0601896676 0.7287443943 0.4717429584
-75.6435090154 0.0601899282 0.7287420943 0.4717283890
-75.6434281991 0.0601901925 0.7287397615 0.4717136088
-75.6433462918 0.0601904603 0.7287373966 0.4716986385
-75.6432633202 0.0601907316 0.7287350004 0.4716834970
-75.6431793111 0.0601910064 0.7287325737 0.4716682018
-75.6430942915 0.0601912844 0.7287301173 0.4716527687
-75.6430082884 0.0601915656 0.7287276319 0.4716372122
-75.6429213288 0.0601918500 0.7287251184 0.4716215453
-75.6428334398 0.0601921374 0.7287225775 0.4716057794
-75.6427446486 0.0601924278 0.7287200101 0.4715899248
-75.6426549824 0.0601927210 0.7287174168 0.4715739908
-75.6425644682 0.0601930170 0.7287147986 0.4715579854
-75.6424731335 0.0601933157 0.7287121562 0.4715419155
-75.6423810052 0.0601936170 0.7287094904 0.4715257872
-75.6422881108 0.0601939208 0.7287068020 0.4715096056
-75.6421944775 0.0601942270 0.7287040918 0.4714933753
-75.6421001325 0.0601945356 0.7287013606 0.4714770999
-75.6420051030 0.0601948464 0.7286986091 0.4714607826
-75.6419094165 0.0601951593 0.7286958382 0.4714444257
-75.6418131002 0.0601954743 0.7286930487 0.4714280314
-75.6417161814 0.0601957913 0.7286902414 0.4714116013
-75.6416186875 0.0601961101 0.7286874170 0.4713951364
-75.6415206458 0.0601964308 0.7286845764 0.4713786375
-75.6414220838 0.0601967531 0.7286817203 0.4713621052
-75.6413230289 0.0601970771 0.7286788496 0.4713455396
-75.6412235086 0.0601974026 0.7286759651 0.4713289405
-75.6411235503 0.0601977295 0.7286730675 0.4713123077
-75.6410231815 0.0601980578 0.7286701576 0.4712956406
-75.6409224299 0.0601983873 0.7286672363 0.4712789385
-75.6408213231 0.0601987180 0.7286643044 0.4712622006
-75.6407198887 0.0601990498 0.7286613627 0.4712454256
-75.6406181543 0.0601993825 0.7286584119 0.4712286125
-75.6405161479 0.0601997162 0.7286554529 0.4712117600
-75.6404138971 0.0602000506 0.7286524865 0.4711948665
-75.6403114299 0.0602003858 0.7286495135 0.4711779305
-75.6402087741 0.0602007215 0.7286465347 0.4711609504
-75.6401059577 0.0602010578 0.7286435509 0.4711439246
-75.6400030088 0.0602013946 0.7286405630 0.4711268510
-75.6398999556 0.0602017316 0.7286375717 0.4711097277
-75.6397968261 0.0602020690 0.7286345779 0.4710925530
-75.6396936487 0.0602024064 0.7286315824 0.4710753248
-75.6395904517 0.0602027440 0.7286285861 0.4710580409
-75.6394872636 0.0602030815 0.7286255897 0.4710406991
-75.6393841128 0.0602034189 0.7286225941 0.4710232975
-75.6392810280 0.0602037561 0.7286196001 0.4710058340
-75.6391780379 0.0602040930 0.7286166086 0.4709883060
-75.6390751712 0.0602044295 0.7286136203 0.4709707114
-75.6389724570 0.0602047655 0.7286106363 0.4709530481
-75.6388699241 0.0602051009 0.7286076572 0.4709353140
-75.6387676018 0.0602054356 0.7286046839 0.4709175064
-75.6386655192 0.0602057695 0.7286017173 0.4708996232
-75.6385637058 0.0602061026 0.7285987582 0.4708816626
-75.6384621910 0.0602064346 0.7285958076 0.4708636220
-75.6383610043 0.0602067656 0.7285928662 0.4708454993
-75.6382601756 0.0602070955 0.7285899349 0.4708272923
-75.6381597348 0.0602074240 0.7285870147 0.4708089994
-75.6380597117 0.0602077513 0.7285841063 0.4707906182
-75.6379601366 0.0602080770 0.7285812107 0.4707721467
-75.6378610398 0.0602084012 0.7285783287 0.4707535832
-75.6377624518 0.0602087237 0.7285754612 0.4707349262
-75.6376644030 0.0602090444 0.7285726092 0.4707161737
-75.6375669243 0.0602093633 0.7285697734 0.4706973242
-75.6374700466 0.0602096803 0.7285669549 0.4706783766
-75.6373738010 0.0602099951 0.7285641546 0.4706593296
-75.6372782188 0.0602103078 0.7285613732 0.4706401819
-75.6371833313 0.0602106182 0.7285586119 0.4706209328
-75.6370891701 0.0602109263 0.7285558714 0.4706015819
-75.6369957671 0.0602112318 0.7285531527 0.4705821287
-75.6369031542 0.0602115348 0.7285504568 0.4705625728
-75.6368113635 0.0602118351 0.7285477846 0.4705429146
-75.6367204273 0.0602121326 0.7285451370 0.4705231550
-75.6366303783 0.0602124272 0.7285425149 0.4705032945
-75.6365412489 0.0602127188 0.7285399195 0.4704833343
-75.6364530723 0.0602130073 0.7285373515 0.4704632764
-75.6363658814 0.0602132926 0.7285348120 0.4704431234
-75.6362797097 0.0602135745 0.7285323020 0.4704228778
-75.6361945904 0.0602138530 0.7285298224 0.4704025429
-75.6361105573 0.0602141279 0.7285273742 0.4703821233
-75.6360276444 0.0602143992 0.7285249585 0.4703616239
-75.6359458857 0.0602146666 0.7285225761 0.4703410503
-75.6358653154 0.0602149303 0.7285202282 0.4703204090
-75.6357859681 0.0602151899 0.7285179157 0.4702997080
-75.6357078784 0.0602154454 0.7285156396 0.4702789563
-75.6356310811 0.0602156966 0.7285134011 0.4702581636
-75.6355556112 0.0602159435 0.7285112010 0.4702373409
-75.6354815041 0.0602161860 0.7285090405 0.4702165016
-75.6354087950 0.0602164239 0.7285069205 0.4701956599
-75.6353375195 0.0602166571 0.7285048422 0.4701748316
-75.6352677132 0.0602168855 0.7285028065 0.4701540342
-75.6351994119 0.0602171090 0.7285008145 0.4701332877
-75.6351326516 0.0602173274 0.7284988674 0.4701126141
-75.6350674681 0.0602175407 0.7284969660 0.4700920368
-75.6350038976 0.0602177487 0.7284951116 0.4700715815
-75.6349419759 0.0602179513 0.7284933051 0.4700512770
-75.6348817393 0.0602181484 0.7284915477 0.4700311541
-75.6348232236 0.0602183398 0.7284898403 0.4700112455
-75.6347664646 0.0602185255 0.7284881840 0.4699915861
-75.6347114979 0.0602187054 0.7284865800 0.4699722132
-75.6346583588 0.0602188793 0.7284850292 0.4699531666
-75.6346070823 0.0602190470 0.7284835326 0.4699344876
-75.6345577029 0.0602192086 0.7284820913 0.4699162185
-75.6345102546 0.0602193639 0.7284807062 0.4698984027
-75.6344647705 0.0602195127 0.7284793785 0.4698810845
-75.6344212833 0.0602196550 0.7284781089 0.4698643090
-75.6343798244 0.0602197906 0.7284768985 0.4698481208
-75.6343404244 0.0602199196 0.7284757482 0.4698325632
-75.6343031127 0.0602200417 0.7284746587 0.4698176782
-75.6342679173 0.0602201568 0.7284736310 0.4698035058
-75.6342348648 0.0602202650 0.7284726659 0.4697900843
-75.6342039806 0.0602203660 0.7284717640 0.4697774493
-75.6341752884 0.0602204599 0.7284709261 0.4697656339
-75.6341488101 0.0602205465 0.7284701528 0.4697546678
-75.6341245661 0.0602206259 0.7284694447 0.4697445775
-75.6341025750 0.0602206978 0.7284688025 0.4697353862
-75.6340828537 0.0602207624 0.7284682265 0.4697271142
-75.6340654172 0.0602208194 0.7284677172 0.4697197788
-75.6340502788 0.0602208690 0.7284672750 0.4697133946
-75.6340374500 0.0602209109 0.7284669003 0.4697079737
-75.6340269404 0.0602209453 0.7284665934 0.4697035259
-75.6340187582 0.0602209721 0.7284663544 0.4697000589
-75.6340129093 0.0602209912 0.7284661835 0.4696975784
-75.6340093982 0.0602210027 0.7284660810 0.4696960886
-75.6340082275 0.0602210066 0.7284660468 0.4696955918
-75.6451396075 0.0601845967 0.7287889375 0.4719593962
-75.6451030229 0.0601847163 0.7287878972 0.4719586171
-75.6450579870 0.0601848635 0.7287866152 0.4719570757
-75.6450102214 0.0601850197 0.7287852543 0.4719548459
-75.6449607088 0.0601851815 0.7287838423 0.4719519147
-75.6449096208 0.0601853485 0.7287823841 0.4719482656
-75.6448569912 0.0601855206 0.7287808808 0.4719438890
-75.6448028324 0.0601856977 0.7287793325 0.4719387830
-75.6447471544 0.0601858797 0.7287777397 0.4719329529
-75.6446899681 0.0601860667 0.7287761027 0.4719264102
-75.6446312865 0.0601862585 0.7287744217 0.4719191717
-75.6445711236 0.0601864552 0.7287726973 0.4719112587
-75.6445094953 0.0601866567 0.7287709299 0.4719026960
-75.6444464186 0.0601868630 0.7287691200 0.4718935115
-75.6443819119 0.0601870739 0.7287672681 0.4718837350
-75.6443159946 0.0601872894 0.7287653748 0.4718733979
-75.6442486873 0.0601875095 0.7287634407 0.4718625327
-75.6441800112 0.0601877340 0.7287614664 0.4718511721
-75.6441099886 0.0601879630 0.7287594525 0.4718393490
-75.6440386424 0.0601881963 0.7287573998 0.4718270958
-75.6439659961 0.0601884338 0.7287553088 0.4718144444
-75.6438920739 0.0601886755 0.7287531804 0.4718014258
-75.6438169003 0.0601889213 0.7287510153 0.4717880696
-75.6437405003 0.0601891712 0.7287488141 0.4717744045
-75.6436628993 0.0601894249 0.7287465776 0.4717604574
-75.6435841230 0.0601896825 0.7287443066 0.4717462539
-75.6435041973 0.0601899439 0.7287420018 0.4717318179
-75.6434231484 0.0601902089 0.7287396639 0.4717171718
-75.6433410026 0.0601904775 0.7287372938 0.4717023362
-75.6432577864 0.0601907496 0.7287348923 0.4716873301
-75.6431735263 0.0601910252 0.7287324600 0.4716721710
-75.6430882492 0.0601913040 0.7287299978 0.4716568749
-75.6430019818 0.0601915861 0.7287275065 0.4716414560
-75.6429147508 0.0601918714 0.7287249868 0.4716259274
-75.6428265833 0.0601921597 0.7287224395 0.4716103007
-75.6427375060 0.0601924510 0.7287198654 0.4715945862
-75.6426475460 0.0601927452 0.7287172654 0.4715787930
-75.6425567301 0.0601930422 0.7287146401 0.4715629292
-75.6424650855 0.0601933419 0.7287119904 0.4715470018
-75.6423726389 0.0601936442 0.7287093170 0.4715310169
-75.6422794176 0.0601939491 0.7287066208 0.4715149796
-75.6421854484 0.0601942564 0.7287039025 0.4714988945
-75.6420907585 0.0601945661 0.7287011629 0.4714827652
-75.6419953748 0.0601948780 0.7286984028 0.4714665949
-75.6418993244 0.0601951922 0.7286956230 0.4714503860
-75.6418026344 0.0601955084 0.7286928243 0.4714341407
-75.6417053318 0.0601958266 0.7286900075 0.4714178605
-75.6416074438 0.0601961468 0.7286871733 0.4714015465
-75.6415089975 0.0601964687 0.7286843225 0.4713851995
-75.6414100201 0.0601967924 0.7286814560 0.4713688200
-75.6413105387 0.0601971178 0.7286785745 0.4713524083
-75.6412105805 0.0601974447 0.7286756789 0.4713359642
-75.6411101728 0.0601977731 0.7286727698 0.4713194872
-75.6410093428 0.0601981029 0.7286698481 0.4713029771
-75.6409081180 0.0601984340 0.7286669147 0.4712864331
-75.6408065255 0.0601987662 0.7286639702 0.4712698542
-75.6407045929 0.0601990996 0.7286610156 0.4712532393
-75.6406023476 0.0601994340 0.7286580515 0.4712365873
-75.6404998170 0.0601997694 0.7286550788 0.4712198970
-75.6403970287 0.0602001056 0.7286520983 0.4712031667
-75.6402940104 0.0602004425 0.7286491108 0.4711863950
-75.6401907896 0.0602007802 0.7286461171 0.4711695801
-75.6400873940 0.0602011183 0.7286431181 0.4711527206
-75.6399838516 0.0602014570 0.7286401144 0.4711358143
-75.6398801900 0.0602017961 0.7286371069 0.4711188593
-75.6397764372 0.0602021354 0.7286340965 0.4711018539
-75.6396726213 0.0602024750 0.7286310840 0.4710847960
-75.6395687703 0.0602028147 0.7286280701 0.4710676833
-75.6394649123 0.0602031544 0.7286250557 0.4710505137
-75.6393610756 0.0602034941 0.7286220416 0.4710332852
-75.6392572885 0.0602038336 0.7286190286 0.4710159956
-75.6391535795 0.0602041728 0.7286160176 0.4709986424
-75.6390499770 0.0602045117 0.7286130094 0.4709812235
-75.6389465098 0.0602048501 0.7286100048 0.4709637366
-75.6388432064 0.0602051881 0.7286070047 0.4709461796
-75.6387400958 0.0602055253 0.7286040099 0.4709285499
-75.6386372069 0.0602058619 0.7286010212 0.4709108452
-75.6385345688 0.0602061976 0.7285980395 0.4708930637
-75.6384322106 0.0602065325 0.7285950657 0.4708752027
-75.6383301617 0.0602068663 0.7285921006 0.4708572600
-75.6382284516 0.0602071990 0.7285891450 0.4708392335
-75.6381271097 0.0602075305 0.7285861998 0.4708211213
-75.6380261659 0.0602078607 0.7285832659 0.4708029211
-75.6379256499 0.0602081896 0.7285803442 0.4707846305
-75.6378255918 0.0602085169 0.7285774355 0.4707662481
-75.6377260217 0.0602088426 0.7285745407 0.4707477720
-75.6376269700 0.0602091666 0.7285716607 0.4707292002
-75.6375284670 0.0602094889 0.7285687964 0.4707105308
-75.6374305435 0.0602098092 0.7285659487 0.4706917628
-75.6373332301 0.0602101276 0.7285631184 0.4706728948
-75.6372365579 0.0602104438 0.7285603066 0.4706539250
-75.6371405580 0.0602107579 0.7285575140 0.4706348526
-75.6370452617 0.0602110696 0.7285547416 0.4706156771
-75.6369507004 0.0602113790 0.7285519903 0.4705963976
-75.6368569058 0.0602116859 0.7285492611 0.4705770135
-75.6367639098 0.0602119901 0.7285465549 0.4705575247
-75.6366717443 0.0602122916 0.7285438726 0.4705379319
-75.6365804417 0.0602125903 0.7285412151 0.4705182352
-75.6364900342 0.0602128861 0.7285385835 0.4704984354
-75.6364005546 0.0602131788 0.7285359786 0.4704785340
-75.6363120357 0.0602134684 0.7285334015 0.4704585330
-75.6362245103 0.0602137548 0.7285308530 0.4704384344
-75.6361380117 0.0602140378 0.7285283342 0.4704182409
-75.6360525734 0.0602143173 0.7285258460 0.4703979564
-75.6359682289 0.0602145933 0.7285233895 0.4703775851
-75.6358850121 0.0602148655 0.7285209656 0.4703571315
-75.6358029569 0.0602151340 0.7285185753 0.4703366015
-75.6357220975 0.0602153985 0.7285162196 0.4703160020
-75.6356424684 0.0602156591 0.7285138996 0.4702953409
-75.6355641041 0.0602159154 0.7285116162 0.4702746265
-75.6354870394 0.0602161676 0.7285093705 0.4702538689
-75.6354113094 0.0602164154 0.7285071634 0.4702330798
-75.6353369491 0.0602166587 0.7285049961 0.4702122721
-75.6352639939 0.0602168974 0.7285028695 0.4701914596
-75.6351924793 0.0602171313 0.7285007848 0.4701706584
-75.6351224408 0.0602173605 0.7284987429 0.4701498865
-75.6350539143 0.0602175847 0.7284967449 0.4701291640
-75.6349869355 0.0602178039 0.7284947919 0.4701085120
-75.6349215405 0.0602180178 0.7284928849 0.4700879543
-75.6348577652 0.0602182265 0.7284910250 0.4700675173
-75.6347956457 0.0602184297 0.7284892133 0.4700472298
-75.6347352179 0.0602186275 0.7284874507 0.4700271220
-75.6346765178 0.0602188195 0.7284857384 0.4700072266
-75.6346195810 0.0602190058 0.7284840774 0.4699875791
-75.6345644434 0.0602191862 0.7284824687 0.4699682173
-75.6345111401 0.0602193606 0.7284809135 0.4699491808
-75.6344597061 0.0602195289 0.7284794127 0.4699305102
-75.6344101760 0.0602196910 0.7284779674 0.4699122480
-75.6343625835 0.0602198467 0.7284765785 0.4698944385
-75.6343169621 0.0602199960 0.7284752471 0.4698771263
-75.6342733443 0.0602201387 0.7284739740 0.4698603564
-75.6342317615 0.0602202748 0.7284727603 0.4698441727
-75.6341922442 0.0602204041 0.7284716068 0.4698286187
-75.6341548219 0.0602205265 0.7284705144 0.4698137365
-75.6341195226 0.0602206420 0.7284694839 0.4697995669
-75.6340863731 0.0602207505 0.7284685162 0.4697861484
-75.6340553986 0.0602208519 0.7284676119 0.4697735166
-75.6340266227 0.0602209460 0.7284667717 0.4697617042
-75.6340000675 0.0602210329 0.7284659964 0.4697507407
-75.6339757533 0.0602211125 0.7284652865 0.4697406525
-75.6339536987 0.0602211846 0.7284646425 0.4697314628
-75.6339339204 0.0602212494 0.7284640650 0.4697231921
-75.6339164337 0.0602213066 0.7284635544 0.4697158576
-75.6339012518 0.0602213563 0.7284631110 0.4697094743
-75.6338883862 0.0602213984 0.7284627353 0.4697040541
-75.6338778466 0.0602214328 0.7284624276 0.4696996070
-75.6338696409 0.0602214597 0.7284621879 0.4696961407
-75.6338637753 0.0602214789 0.7284620167 0.4696936607
-75.6338602542 0.0602214904 0.7284619138 0.4696921712
-75.6338590802 0.0602214942 0.7284618795 0.4696916745
-75.6451396075 0.0601845967 0.7287889375 0.4719593962
-75.6451030229 0.0601847163 0.7287878972 0.4719586171
-75.6450579869 0.0601848635 0.7287866152 0.4719570757
-75.6450102214 0.0601850197 0.7287852543 0.4719548459
-75.6449607088 0.0601851815 0.7287838423 0.4719519147
-75.6449096207 0.0601853485 0.7287823841 0.4719482656
-75.6448569912 0.0601855206 0.7287808808 0.4719438890
-75.6448028324 0.0601856977 0.7287793325 0.4719387830
-75.6447471544 0.0601858797 0.7287777397 0.4719329529
-75.6446899681 0.0601860667 0.7287761027 0.4719264102
-75.6446312865 0.0601862585 0.7287744217 0.4719191717
-75.6445711236 0.0601864552 0.7287726973 0.4719112587
-75.6445094953 0.0601866567 0.7287709299 0.4719026960
-75.6444464186 0.0601868630 0.7287691200 0.4718935115
-75.6443819119 0.0601870739 0.7287672681 0.4718837350
-75.6443159946 0.0601872894 0.7287653748 0.4718733979
-75.6442486873 0.0601875095 0.7287634407 0.4718625327
-75.6441800112 0.0601877340 0.7287614664 0.4718511721
-75.6441099886 0.0601879630 0.7287594525 0.4718393490
-75.6440386424 0.0601881963 0.7287573998 0.4718270958
-75.6439659961 0.0601884338 0.7287553088 0.4718144444
-75.6438920739 0.0601886755 0.7287531804 0.4718014258
-75.6438169002 0.0601889213 0.7287510153 0.4717880696
-75.6437405002 0.0601891712 0.7287488141 0.4717744045
-75.6436628993 0.0601894249 0.7287465776 0.4717604574
-75.6435841229 0.0601896825 0.7287443066 0.4717462539
-75.6435041972 0.0601899439 0.7287420018 0.4717318179
-75.6434231483 0.0601902089 0.7287396639 0.4717171718
-75.6433410025 0.0601904775 0.7287372938 0.4717023362
-75.6432577863 0.0601907496 0.7287348923 0.4716873301
-75.6431735263 0.0601910252 0.7287324600 0.4716721710
-75.6430882492 0.0601913040 0.7287299978 0.4716568749
-75.6430019818 0.0601915861 0.7287275065 0.4716414560
-75.6429147508 0.0601918714 0.7287249868 0.4716259274
-75.6428265833 0.0601921597 0.7287224395 0.4716103007
-75.6427375060 0.0601924510 0.7287198654 0.4715945862
-75.6426475459 0.0601927452 0.7287172654 0.4715787930
-75.6425567301 0.0601930422 0.7287146401 0.4715629292
-75.6424650854 0.0601933419 0.7287119904 0.4715470018
-75.6423726389 0.0601936442 0.7287093170 0.4715310169
-75.6422794176 0.0601939491 0.7287066208 0.4715149796
-75.6421854484 0.0601942564 0.7287039025 0.4714988945
-75.6420907585 0.0601945661 0.7287011629 0.4714827652
-75.6419953748 0.0601948780 0.7286984028 0.4714665949
-75.6418993244 0.0601951922 0.7286956230 0.4714503860
-75.6418026343 0.0601955084 0.7286928243 0.4714341407
-75.6417053318 0.0601958266 0.7286900075 0.4714178605
-75.6416074438 0.0601961468 0.7286871733 0.4714015465
-75.6415089975 0.0601964687 0.7286843225 0.4713851995
-75.6414100200 0.0601967924 0.7286814560 0.4713688200
-75.6413105386 0.0601971178 0.7286785745 0.4713524083
-75.6412105804 0.0601974447 0.7286756789 0.4713359642
-75.6411101727 0.0601977731 0.7286727698 0.4713194872
-75.6410093428 0.0601981029 0.7286698481 0.4713029771
-75.6409081179 0.0601984340 0.7286669147 0.4712864331
-75.6408065255 0.0601987662 0.7286639702 0.4712698542
-75.6407045929 0.0601990996 0.7286610156 0.4712532393
-75.6406023475 0.0601994340 0.7286580515 0.4712365873
-75.6404998170 0.0601997694 0.7286550788 0.4712198970
-75.6403970287 0.0602001056 0.7286520983 0.4712031667
-75.6402940103 0.0602004425 0.7286491108 0.4711863950
-75.6401907895 0.0602007802 0.7286461171 0.4711695801
-75.6400873940 0.0602011183 0.7286431181 0.4711527206
-75.6399838515 0.0602014570 0.7286401144 0.4711358143
-75.6398801899 0.0602017961 0.7286371069 0.4711188593
-75.6397764372 0.0602021354 0.7286340965 0.4711018539
-75.6396726213 0.0602024750 0.7286310840 0.4710847960
-75.6395687702 0.0602028147 0.7286280701 0.4710676833
-75.6394649122 0.0602031544 0.7286250557 0.4710505137
-75.6393610756 0.0602034941 0.7286220416 0.4710332852
-75.6392572885 0.0602038336 0.7286190286 0.4710159956
-75.6391535795 0.0602041728 0.7286160176 0.4709986424
-75.6390499770 0.0602045117 0.7286130094 0.4709812235
-75.6389465097 0.0602048501 0.7286100048 0.4709637366
-75.6388432064 0.0602051881 0.7286070047 0.4709461796
-75.6387400958 0.0602055253 0.7286040099 0.4709285499
-75.6386372068 0.0602058619 0.7286010212 0.4709108452
-75.6385345687 0.0602061976 0.7285980395 0.4708930637
-75.6384322106 0.0602065325 0.7285950657 0.4708752027
-75.6383301617 0.0602068663 0.7285921006 0.4708572600
-75.6382284515 0.0602071990 0.7285891450 0.4708392335
-75.6381271097 0.0602075305 0.7285861998 0.4708211213
-75.6380261658 0.0602078607 0.7285832659 0.4708029211
-75.6379256498 0.0602081896 0.7285803442 0.4707846305
-75.6378255917 0.0602085169 0.7285774355 0.4707662481
-75.6377260217 0.0602088426 0.7285745407 0.4707477720
-75.6376269699 0.0602091666 0.7285716607 0.4707292002
-75.6375284670 0.0602094889 0.7285687964 0.4707105308
-75.6374305434 0.0602098092 0.7285659487 0.4706917628
-75.6373332301 0.0602101276 0.7285631184 0.4706728948
-75.6372365579 0.0602104438 0.7285603066 0.4706539250
-75.6371405580 0.0602107579 0.7285575140 0.4706348526
-75.6370452616 0.0602110696 0.7285547416 0.4706156771
-75.6369507003 0.0602113790 0.7285519903 0.4705963976
-75.6368569058 0.0602116859 0.7285492611 0.4705770135
-75.6367639097 0.0602119901 0.7285465549 0.4705575247
-75.6366717443 0.0602122916 0.7285438726 0.4705379319
-75.6365804416 0.0602125903 0.7285412151 0.4705182352
-75.6364900342 0.0602128861 0.7285385835 0.4704984354
-75.6364005546 0.0602131788 0.7285359786 0.4704785340
-75.6363120356 0.0602134684 0.7285334015 0.4704585330
-75.6362245102 0.0602137548 0.7285308530 0.4704384344
-75.6361380117 0.0602140378 0.7285283342 0.4704182409
-75.6360525734 0.0602143173 0.7285258460 0.4703979564
-75.6359682289 0.0602145933 0.7285233895 0.4703775851
-75.6358850121 0.0602148655 0.7285209656 0.4703571315
-75.6358029568 0.0602151340 0.7285185753 0.4703366015
-75.6357220974 0.0602153985 0.7285162196 0.4703160020
-75.6356424683 0.0602156591 0.7285138996 0.4702953409
-75.6355641041 0.0602159154 0.7285116162 0.4702746265
-75.6354870394 0.0602161676 0.7285093705 0.4702538689
-75.6354113093 0.0602164154 0.7285071634 0.4702330798
-75.6353369491 0.0602166587 0.7285049961 0.4702122721
-75.6352639939 0.0602168974 0.7285028695 0.4701914596
-75.6351924792 0.0602171313 0.7285007848 0.4701706584
-75.6351224407 0.0602173605 0.7284987429 0.4701498865
-75.6350539142 0.0602175847 0.7284967449 0.4701291640
-75.6349869355 0.0602178039 0.7284947919 0.4701085120
-75.6349215404 0.0602180178 0.7284928849 0.4700879543
-75.6348577651 0.0602182265 0.7284910250 0.4700675173
-75.6347956456 0.0602184297 0.7284892133 0.4700472298
-75.6347352179 0.0602186275 0.7284874507 0.4700271220
-75.6346765177 0.0602188195 0.7284857384 0.4700072266
-75.6346195810 0.0602190058 0.7284840774 0.4699875791
-75.6345644433 0.0602191862 0.7284824687 0.4699682173
-75.6345111401 0.0602193606 0.7284809135 0.4699491808
-75.6344597061 0.0602195289 0.7284794127 0.4699305102
-75.6344101759 0.0602196910 0.7284779674 0.4699122480
-75.6343625835 0.0602198467 0.7284765785 0.4698944385
-75.6343169621 0.0602199960 0.7284752471 0.4698771263
-75.6342733442 0.0602201387 0.7284739740 0.4698603564
-75.6342317614 0.0602202748 0.7284727603 0.4698441727
-75.6341922442 0.0602204041 0.7284716068 0.4698286187
-75.6341548219 0.0602205265 0.7284705144 0.4698137365
-75.6341195226 0.0602206420 0.7284694839 0.4697995669
-75.6340863731 0.0602207505 0.7284685162 0.4697861484
-75.6340553985 0.0602208519 0.7284676119 0.4697735166
-75.6340266227 0.0602209460 0.7284667717 0.4697617042
-75.6340000675 0.0602210329 0.7284659964 0.4697507407
-75.6339757533 0.0602211125 0.7284652865 0.4697406525
-75.6339536986 0.0602211846 0.7284646425 0.4697314628
-75.6339339204 0.0602212494 0.7284640650 0.4697231921
-75.6339164337 0.0602213066 0.7284635544 0.4697158576
-75.6339012518 0.0602213563 0.7284631110 0.4697094743
-75.6338883861 0.0602213984 0.7284627353 0.4697040541
-75.6338778465 0.0602214328 0.7284624276 0.4696996070
-75.6338696408 0.0602214597 0.7284621879 0.4696961407
-75.6338637752 0.0602214789 0.7284620167 0.4696936607
-75.6338602541 0.0602214904 0.7284619138 0.4696921712
-75.6338590801 0.0602214942 0.7284618795 0.4696916745
-75.6451396075 0.0601845967 0.7287889375 0.4719593962
-75.6451030229 0.0601847163 0.7287878972 0.4719586171
-75.6450579869 0.0601848635 0.7287866152 0.4719570757
-75.6450102214 0.0601850197 0.7287852543 0.4719548459
-75.6449607088 0.0601851815 0.7287838423 0.4719519147
-75.6449096207 0.0601853485 0.7287823841 0.4719482656
-75.6448569912 0.0601855206 0.7287808808 0.4719438890
-75.6448028324 0.0601856977 0.7287793325 0.4719387830
-75.6447471544 0.0601858797 0.7287777397 0.4719329529
-75.6446899681 0.0601860667 0.7287761027 0.4719264102
-75.6446312864 0.0601862585 0.7287744217 0.4719191717
-75.6445711236 0.0601864552 0.7287726973 0.4719112587
-75.6445094952 0.0601866567 0.7287709299 0.4719026960
-75.6444464186 0.0601868630 0.7287691200 0.4718935115
-75.6443819119 0.0601870739 0.7287672681 0.4718837350
-75.6443159946 0.0601872894 0.7287653748 0.4718733979
-75.6442486873 0.0601875095 0.7287634407 0.4718625327
-75.6441800112 0.0601877340 0.7287614664 0.4718511721
-75.6441099886 0.0601879630 0.7287594525 0.4718393490
-75.6440386424 0.0601881963 0.7287573998 0.4718270958
-75.6439659961 0.0601884338 0.7287553088 0.4718144444
-75.6438920739 0.0601886755 0.7287531804 0.4718014258
-75.6438169002 0.0601889213 0.7287510153 0.4717880696
-75.6437405002 0.0601891712 0.7287488141 0.4717744045
-75.6436628992 0.0601894249 0.7287465776 0.4717604574
-75.6435841229 0.0601896825 0.7287443066 0.4717462539
-75.6435041972 0.0601899439 0.7287420018 0.4717318179
-75.6434231483 0.0601902089 0.7287396639 0.4717171718
-75.6433410025 0.0601904775 0.7287372938 0.4717023362
-75.6432577863 0.0601907496 0.7287348923 0.4716873301
-75.6431735263 0.0601910252 0.7287324600 0.4716721710
-75.6430882492 0.0601913040 0.7287299978 0.4716568749
-75.6430019817 0.0601915861 0.7287275065 0.4716414560
-75.6429147508 0.0601918714 0.7287249868 0.4716259274
-75.6428265832 0.0601921597 0.7287224395 0.4716103007
-75.6427375060 0.0601924510 0.7287198654 0.4715945862
-75.6426475459 0.0601927452 0.7287172654 0.4715787930
-75.6425567301 0.0601930422 0.7287146401 0.4715629292
-75.6424650854 0.0601933419 0.7287119904 0.4715470018
-75.6423726389 0.0601936442 0.7287093170 0.4715310169
-75.6422794175 0.0601939491 0.7287066208 0.4715149796
-75.6421854484 0.0601942564 0.7287039025 0.4714988945
-75.6420907584 0.0601945661 0.7287011629 0.4714827652
-75.6419953747 0.0601948780 0.7286984028 0.4714665949
-75.6418993243 0.0601951922 0.7286956230 0.4714503860
-75.6418026343 0.0601955084 0.7286928243 0.4714341407
-75.6417053318 0.0601958266 0.7286900075 0.4714178605
-75.6416074438 0.0601961468 0.7286871733 0.4714015465
-75.6415089975 0.0601964687 0.7286843225 0.4713851995
-75.6414100200 0.0601967924 0.7286814560 0.4713688200
-75.6413105386 0.0601971178 0.7286785745 0.4713524083
-75.6412105804 0.0601974447 0.7286756789 0.4713359642
-75.6411101727 0.0601977731 0.7286727698 0.4713194872
-75.6410093428 0.0601981029 0.7286698481 0.4713029771
-75.6409081179 0.0601984340 0.7286669147 0.4712864331
-75.6408065255 0.0601987662 0.7286639702 0.4712698542
-75.6407045929 0.0601990996 0.7286610156 0.4712532393
-75.6406023475 0.0601994340 0.7286580515 0.4712365873
-75.6404998169 0.0601997694 0.7286550788 0.4712198970
-75.6403970287 0.0602001056 0.7286520983 0.4712031667
-75.6402940103 0.0602004425 0.7286491108 0.4711863950
-75.6401907895 0.0602007802 0.7286461171 0.4711695801
-75.6400873940 0.0602011183 0.7286431181 0.4711527206
-75.6399838515 0.0602014570 0.7286401144 0.4711358143
-75.6398801899 0.0602017961 0.7286371069 0.4711188593
-75.6397764372 0.0602021355 0.7286340965 0.4711018539
-75.6396726212 0.0602024750 0.7286310840 0.4710847960
-75.6395687702 0.0602028147 0.7286280701 0.4710676833
-75.6394649122 0.0602031544 0.7286250557 0.4710505137
-75.6393610755 0.0602034941 0.7286220416 0.4710332852
-75.6392572885 0.0602038336 0.7286190286 0.4710159956
-75.6391535794 0.0602041728 0.7286160176 0.4709986424
-75.6390499769 0.0602045117 0.7286130094 0.4709812235
-75.6389465097 0.0602048501 0.7286100048 0.4709637366
-75.6388432063 0.0602051881 0.7286070047 0.4709461796
-75.6387400957 0.0602055253 0.7286040099 0.4709285499
-75.6386372068 0.0602058619 0.7286010212 0.4709108452
-75.6385345687 0.0602061976 0.7285980395 0.4708930637
-75.6384322105 0.0602065325 0.7285950657 0.4708752027
-75.6383301616 0.0602068663 0.7285921006 0.4708572600
-75.6382284515 0.0602071990 0.7285891450 0.4708392335
-75.6381271096 0.0602075305 0.7285861998 0.4708211213
-75.6380261658 0.0602078607 0.7285832659 0.4708029211
-75.6379256498 0.0602081896 0.7285803442 0.4707846305
-75.6378255917 0.0602085169 0.7285774355 0.4707662481
-75.6377260216 0.0602088426 0.7285745407 0.4707477720
-75.6376269699 0.0602091666 0.7285716607 0.4707292002
-75.6375284669 0.0602094889 0.7285687964 0.4707105308
-75.6374305434 0.0602098092 0.7285659487 0.4706917628
-75.6373332300 0.0602101276 0.7285631184 0.4706728948
-75.6372365578 0.0602104438 0.7285603066 0.4706539250
-75.6371405579 0.0602107579 0.7285575140 0.4706348526
-75.6370452616 0.0602110696 0.7285547416 0.4706156771
-75.6369507003 0.0602113790 0.7285519903 0.4705963976
-75.6368569057 0.0602116859 0.7285492611 0.4705770135
-75.6367639097 0.0602119901 0.7285465549 0.4705575247
-75.6366717442 0.0602122916 0.7285438726 0.4705379319
-75.6365804416 0.0602125903 0.7285412151 0.4705182352
-75.6364900342 0.0602128861 0.7285385835 0.4704984354
-75.6364005545 0.0602131788 0.7285359786 0.4704785340
-75.6363120356 0.0602134684 0.7285334015 0.4704585330
-75.6362245102 0.0602137548 0.7285308530 0.4704384344
-75.6361380116 0.0602140378 0.7285283342 0.4704182409
-75.6360525733 0.0602143173 0.7285258460 0.4703979564
-75.6359682289 0.0602145933 0.7285233895 0.4703775851
-75.6358850120 0.0602148655 0.7285209656 0.4703571315
-75.6358029568 0.0602151340 0.7285185753 0.4703366015
-75.6357220974 0.0602153985 0.7285162196 0.4703160020
-75.6356424683 0.0602156591 0.7285138996 0.4702953409
-75.6355641040 0.0602159154 0.7285116162 0.4702746265
-75.6354870393 0.0602161676 0.7285093704 0.4702538689
-75.6354113093 0.0602164154 0.7285071634 0.4702330798
-75.6353369490 0.0602166587 0.7285049961 0.4702122721
-75.6352639938 0.0602168974 0.7285028695 0.4701914596
-75.6351924792 0.0602171313 0.7285007848 0.4701706584
-75.6351224407 0.0602173605 0.7284987429 0.4701498865
-75.6350539142 0.0602175847 0.7284967449 0.4701291640
-75.6349869354 0.0602178039 0.7284947919 0.4701085120
-75.6349215404 0.0602180178 0.7284928849 0.4700879543
-75.6348577651 0.0602182265 0.7284910250 0.4700675173
-75.6347956456 0.0602184297 0.7284892133 0.4700472298
-75.6347352178 0.0602186275 0.7284874507 0.4700271220
-75.6346765177 0.0602188195 0.7284857384 0.4700072266
-75.6346195809 0.0602190058 0.7284840774 0.4699875791
-75.6345644433 0.0602191862 0.7284824687 0.4699682173
-75.6345111400 0.0602193606 0.7284809135 0.4699491808
-75.6344597060 0.0602195289 0.7284794127 0.4699305102
-75.6344101759 0.0602196910 0.7284779674 0.4699122480
-75.6343625834 0.0602198467 0.7284765785 0.4698944385
-75.6343169620 0.0602199960 0.7284752471 0.4698771263
-75.6342733442 0.0602201387 0.7284739740 0.4698603564
-75.6342317614 0.0602202748 0.7284727603 0.4698441727
-75.6341922441 0.0602204041 0.7284716068 0.4698286187
-75.6341548218 0.0602205265 0.7284705144 0.4698137365
-75.6341195225 0.0602206420 0.7284694839 0.4697995669
-75.6340863730 0.0602207505 0.7284685162 0.4697861484
-75.6340553985 0.0602208519 0.7284676119 0.4697735166
-75.6340266226 0.0602209460 0.7284667717 0.4697617042
-75.6340000674 0.0602210329 0.7284659964 0.4697507407
-75.6339757532 0.0602211125 0.7284652865 0.4697406525
-75.6339536986 0.0602211846 0.7284646425 0.4697314628
-75.6339339203 0.0602212494 0.7284640650 0.4697231921
-75.6339164336 0.0602213066 0.7284635544 0.4697158576
-75.6339012517 0.0602213563 0.7284631110 0.4697094743
-75.6338883861 0.0602213984 0.7284627353 0.4697040541
-75.6338778465 0.0602214328 0.7284624276 0.4696996070
-75.6338696408 0.0602214597 0.7284621879 0.4696961407
-75.6338637752 0.0602214789 0.7284620167 0.4696936607
-75.6338602541 0.0602214904 0.7284619138 0.4696921712
-75.6338590801 0.0602214942 0.7284618795 0.4696916745
-75.6451396075 0.0601845967 0.7287889375 0.4719593962
-75.6451030229 0.0601847163 0.7287878972 0.4719586171
-75.6450579869 0.0601848635 0.7287866152 0.4719570757
-75.6450102214 0.0601850197 0.7287852543 0.4719548458
-75.6449607088 0.0601851815 0.7287838423 0.4719519147
-75.6449096207 0.0601853485 0.7287823841 0.4719482656
-75.6448569912 0.0601855206 0.7287808808 0.4719438890
-75.6448028324 0.0601856977 0.7287793325 0.4719387830
-75.6447471544 0.0601858797 0.7287777397 0.4719329529
-75.6446899681 0.0601860667 0.7287761027 0.4719264102
-75.6446312864 0.0601862585 0.7287744217 0.4719191717
-75.6445711236 0.0601864552 0.7287726973 0.4719112587
-75.6445094952 0.0601866567 0.7287709299 0.4719026960
-75.6444464186 0.0601868630 0.7287691200 0.4718935115
-75.6443819119 0.0601870739 0.7287672681 0.4718837350
-75.6443159946 0.0601872894 0.7287653748 0.4718733979
-75.6442486873 0.0601875095 0.7287634407 0.4718625327
-75.6441800112 0.0601877340 0.7287614664 0.4718511721
-75.6441099886 0.0601879630 0.7287594525 0.4718393489
-75.6440386424 0.0601881963 0.7287573998 0.4718270958
-75.6439659961 0.0601884338 0.7287553088 0.4718144444
-75.6438920738 0.0601886755 0.7287531804 0.4718014258
-75.6438169002 0.0601889213 0.7287510153 0.4717880696
-75.6437405002 0.0601891712 0.7287488141 0.4717744045
-75.6436628992 0.0601894249 0.7287465776 0.4717604574
-75.6435841229 0.0601896825 0.7287443066 0.4717462539
-75.6435041972 0.0601899439 0.7287420018 0.4717318179
-75.6434231483 0.0601902089 0.7287396639 0.4717171718
-75.6433410025 0.0601904775 0.7287372938 0.4717023362
-75.6432577863 0.0601907496 0.7287348923 0.4716873301
-75.6431735263 0.0601910252 0.7287324600 0.4716721710
-75.6430882492 0.0601913040 0.7287299978 0.4716568749
-75.6430019817 0.0601915861 0.7287275065 0.4716414560
-75.6429147508 0.0601918714 0.7287249868 0.4716259274
-75.6428265832 0.0601921597 0.7287224395 0.4716103007
-75.6427375059 0.0601924510 0.7287198654 0.4715945862
-75.6426475459 0.0601927452 0.7287172654 0.4715787930
-75.6425567300 0.0601930422 0.7287146401 0.4715629292
-75.6424650854 0.0601933419 0.7287119904 0.4715470018
-75.6423726389 0.0601936442 0.7287093170 0.4715310169
-75.6422794175 0.0601939491 0.7287066208 0.4715149796
-75.6421854484 0.0601942564 0.7287039025 0.4714988944
-75.6420907584 0.0601945661 0.7287011629 0.4714827652
-75.6419953747 0.0601948780 0.7286984028 0.4714665949
-75.6418993243 0.0601951922 0.7286956230 0.4714503860
-75.6418026343 0.0601955084 0.7286928243 0.4714341407
-75.6417053317 0.0601958266 0.7286900075 0.4714178605
-75.6416074437 0.0601961468 0.7286871733 0.4714015465
-75.6415089974 0.0601964687 0.7286843225 0.4713851995
-75.6414100200 0.0601967924 0.7286814560 0.4713688200
-75.6413105386 0.0601971178 0.7286785745 0.4713524083
-75.6412105804 0.0601974447 0.7286756788 0.4713359642
-75.6411101727 0.0601977731 0.7286727698 0.4713194872
-75.6410093427 0.0601981029 0.7286698481 0.4713029771
-75.6409081179 0.0601984340 0.7286669147 0.4712864331
-75.6408065254 0.0601987662 0.7286639702 0.4712698542
-75.6407045928 0.0601990996 0.7286610156 0.4712532393
-75.6406023475 0.0601994340 0.7286580515 0.4712365873
-75.6404998169 0.0601997694 0.7286550788 0.4712198970
-75.6403970286 0.0602001056 0.7286520983 0.4712031667
-75.6402940103 0.0602004425 0.7286491108 0.4711863949
-75.6401907894 0.0602007802 0.7286461171 0.4711695801
-75.6400873939 0.0602011183 0.7286431181 0.4711527206
-75.6399838514 0.0602014570 0.7286401144 0.4711358143
-75.6398801899 0.0602017961 0.7286371069 0.4711188593
-75.6397764371 0.0602021355 0.7286340965 0.4711018539
-75.6396726212 0.0602024750 0.7286310840 0.4710847960
-75.6395687702 0.0602028147 0.7286280701 0.4710676833
-75.6394649122 0.0602031544 0.7286250557 0.4710505137
-75.6393610755 0.0602034941 0.7286220416 0.4710332852
-75.6392572884 0.0602038336 0.7286190286 0.4710159956
-75.6391535794 0.0602041728 0.7286160176 0.4709986424
-75.6390499769 0.0602045117 0.7286130094 0.4709812235
-75.6389465096 0.0602048501 0.7286100048 0.4709637366
-75.6388432063 0.0602051881 0.7286070047 0.4709461796
-75.6387400957 0.0602055253 0.7286040099 0.4709285499
-75.6386372068 0.0602058619 0.7286010212 0.4709108452
-75.6385345686 0.0602061976 0.7285980395 0.4708930636
-75.6384322105 0.0602065325 0.7285950657 0.4708752027
-75.6383301616 0.0602068663 0.7285921006 0.4708572600
-75.6382284514 0.0602071990 0.7285891450 0.4708392335
-75.6381271096 0.0602075305 0.7285861998 0.4708211213
-75.6380261657 0.0602078607 0.7285832659 0.4708029210
-75.6379256497 0.0602081896 0.7285803442 0.4707846305
-75.6378255916 0.0602085169 0.7285774355 0.4707662481
-75.6377260216 0.0602088426 0.7285745407 0.4707477720
-75.6376269698 0.0602091666 0.7285716607 0.4707292002
-75.6375284669 0.0602094889 0.7285687964 0.4707105308
-75.6374305433 0.0602098092 0.7285659487 0.4706917628
-75.6373332300 0.0602101276 0.7285631184 0.4706728947
-75.6372365578 0.0602104438 0.7285603066 0.4706539250
-75.6371405579 0.0602107579 0.7285575140 0.4706348526
-75.6370452615 0.0602110696 0.7285547416 0.4706156771
-75.6369507002 0.0602113790 0.7285519903 0.4705963976
-75.6368569057 0.0602116859 0.7285492611 0.4705770134
-75.6367639096 0.0602119901 0.7285465549 0.4705575247
-75.6366717442 0.0602122916 0.7285438726 0.4705379319
-75.6365804415 0.0602125903 0.7285412151 0.4705182352
-75.6364900341 0.0602128861 0.7285385835 0.4704984354
-75.6364005545 0.0602131788 0.7285359786 0.4704785340
-75.6363120355 0.0602134684 0.7285334015 0.4704585330
-75.6362245101 0.0602137548 0.7285308530 0.4704384344
-75.6361380116 0.0602140378 0.7285283342 0.4704182409
-75.6360525733 0.0602143173 0.7285258460 0.4703979563
-75.6359682288 0.0602145933 0.7285233895 0.4703775850
-75.6358850120 0.0602148655 0.7285209656 0.4703571315
-75.6358029567 0.0602151340 0.7285185753 0.4703366014
-75.6357220973 0.0602153985 0.7285162196 0.4703160020
-75.6356424682 0.0602156591 0.7285138996 0.4702953408
-75.6355641040 0.0602159154 0.7285116162 0.4702746265
-75.6354870393 0.0602161676 0.7285093704 0.4702538689
-75.6354113093 0.0602164154 0.7285071634 0.4702330798
-75.6353369490 0.0602166587 0.7285049961 0.4702122721
-75.6352639938 0.0602168974 0.7285028695 0.4701914596
-75.6351924791 0.0602171313 0.7285007848 0.4701706583
-75.6351224406 0.0602173605 0.7284987429 0.4701498865
-75.6350539141 0.0602175847 0.7284967449 0.4701291639
-75.6349869354 0.0602178039 0.7284947919 0.4701085119
-75.6349215403 0.0602180178 0.7284928849 0.4700879542
-75.6348577651 0.0602182265 0.7284910250 0.4700675173
-75.6347956455 0.0602184297 0.7284892133 0.4700472297
-75.6347352178 0.0602186275 0.7284874507 0.4700271219
-75.6346765176 0.0602188195 0.7284857384 0.4700072266
-75.6346195809 0.0602190058 0.7284840774 0.4699875790
-75.6345644433 0.0602191862 0.7284824687 0.4699682173
-75.6345111400 0.0602193606 0.7284809135 0.4699491807
-75.6344597060 0.0602195289 0.7284794127 0.4699305101
-75.6344101758 0.0602196910 0.7284779674 0.4699122480
-75.6343625834 0.0602198467 0.7284765785 0.4698944384
-75.6343169620 0.0602199960 0.7284752471 0.4698771262
-75.6342733441 0.0602201387 0.7284739740 0.4698603563
-75.6342317614 0.0602202748 0.7284727603 0.4698441727
-75.6341922441 0.0602204041 0.7284716068 0.4698286186
-75.6341548218 0.0602205265 0.7284705144 0.4698137365
-75.6341195225 0.0602206420 0.7284694839 0.4697995668
-75.6340863730 0.0602207505 0.7284685162 0.4697861483
-75.6340553985 0.0602208519 0.7284676119 0.4697735165
-75.6340266226 0.0602209460 0.7284667717 0.4697617041
-75.6340000674 0.0602210329 0.7284659964 0.4697507407
-75.6339757532 0.0602211125 0.7284652865 0.4697406524
-75.6339536986 0.0602211846 0.7284646425 0.4697314628
-75.6339339204 0.0602212494 0.7284640650 0.4697231920
-75.6339164337 0.0602213066 0.7284635544 0.4697158575
-75.6339012517 0.0602213563 0.7284631110 0.4697094742
-75.6338883861 0.0602213984 0.7284627353 0.4697040540
-75.6338778465 0.0602214328 0.7284624276 0.4696996070
-75.6338696408 0.0602214597 0.7284621879 0.4696961406
-75.6338637752 0.0602214789 0.7284620167 0.4696936607
-75.6338602541 0.0602214904 0.7284619138 0.4696921712
-75.6338590808 0.0602214942 0.7284618796 0.4696916812
