-75.4457542555 0.0608381862 0.7237687506 0.4712898971
-75.4457519193 0.0608381939 0.7237686828 0.4712856816
-75.4457449178 0.0608382171 0.7237684797 0.4712730386
-75.4457332763 0.0608382555 0.7237681421 0.4712520127
-75.4457170492 0.0608383091 0.7237676714 0.4712227974
-75.4456963393 0.0608383774 0.7237670710 0.4711859254
-75.4456542116 0.0608385166 0.7237658323 0.4709767849
-75.4456274397 0.0608386049 0.7237650592 0.4709482520
-75.4455974524 0.0608387039 0.7237641944 0.4709200449
-75.4455643006 0.0608388134 0.7237632392 0.4708922146
-75.4455280336 0.0608389331 0.7237621952 0.4708648013
-75.4454886989 0.0608390629 0.7237610638 0.4708378363
-75.4454463427 0.0608392028 0.7237598464 0.4708113436
-75.4454010098 0.0608393524 0.7237585442 0.4707853413
-75.4453527436 0.0608395117 0.7237571587 0.4707598427
-75.4453015864 0.0608396806 0.7237556910 0.4707348569
-75.4452475794 0.0608398589 0.7237541424 0.4707103895
-75.4451907626 0.0608400464 0.7237525141 0.4706864433
-75.4451311748 0.0608402431 0.7237508073 0.4706630191
-75.4450688542 0.0608404489 0.7237490230 0.4706401158
-75.4450038375 0.0608406635 0.7237471623 0.4706177303
-75.4449361608 0.0608408869 0.7237452264 0.4705958589
-75.4448658594 0.0608411189 0.7237432163 0.4705744971
-75.4447929673 0.0608413595 0.7237411330 0.4705536395
-75.4447175180 0.0608416086 0.7237389774 0.4705332799
-75.4446395441 0.0608418660 0.7237367506 0.4705134123
-75.4445590774 0.0608421316 0.7237344535 0.4704940306
-75.4444761489 0.0608424053 0.7237320870 0.4704751284
-75.4443907889 0.0608426871 0.7237296520 0.4704566991
-75.4443030268 0.0608429768 0.7237271494 0.4704387369
-75.4442128915 0.0608432743 0.7237245800 0.4704212360
-75.4441204112 0.0608435796 0.7237219447 0.4704041907
-75.4440256132 0.0608438925 0.7237192442 0.4703875952
-75.4439285243 0.0608442129 0.7237164794 0.4703714447
-75.4438291706 0.0608445409 0.7237136509 0.4703557346
-75.4437275773 0.0608448762 0.7237107597 0.4703404599
-75.4436237693 0.0608452189 0.7237078063 0.4703256161
-75.4435177706 0.0608455688 0.7237047915 0.4703111995
-75.4434096047 0.0608459258 0.7237017159 0.4702972063
-75.4432992942 0.0608462899 0.7236985803 0.4702836323
-75.4431868613 0.0608466611 0.7236953853 0.4702704740
-75.4430723275 0.0608470391 0.7236921315 0.4702577283
-75.4429557136 0.0608474240 0.7236888195 0.4702453920
-75.4428370398 0.0608478158 0.7236854500 0.4702334613
-75.4427163256 0.0608482142 0.7236820233 0.4702219335
-75.4425935901 0.0608486194 0.7236785403 0.4702108059
-75.4424688514 0.0608490311 0.7236750012 0.4702000752
-75.4423421274 0.0608494494 0.7236714067 0.4701897384
-75.4422134349 0.0608498742 0.7236677573 0.4701797931
-75.4420827907 0.0608503055 0.7236640534 0.4701702368
-75.4419502103 0.0608507431 0.7236602954 0.4701610662
-75.4418157092 0.0608511871 0.7236564839 0.4701522788
-75.4416793019 0.0608516374 0.7236526192 0.4701438725
-75.4415410025 0.0608520939 0.7236487017 0.4701358446
-75.4414008244 0.0608525566 0.7236447318 0.4701281923
-75.4412587805 0.0608530255 0.7236407100 0.4701209134
-75.4411148831 0.0608535005 0.7236366364 0.4701140060
-75.4409691439 0.0608539816 0.7236325115 0.4701074671
-75.4408215739 0.0608544687 0.7236283355 0.4701012944
-75.4406721837 0.0608549618 0.7236241088 0.4700954862
-75.4405209833 0.0608554610 0.7236198316 0.4700900402
-75.4403679820 0.0608559660 0.7236155042 0.4700849538
-75.4402131887 0.0608564770 0.7236111268 0.4700802250
-75.4400566116 0.0608569939 0.7236066996 0.4700758522
-75.4398982586 0.0608575166 0.7236022229 0.4700718330
-75.4397381366 0.0608580452 0.7235976968 0.4700681651
-75.4395762523 0.0608585796 0.7235931216 0.4700648469
-75.4394126119 0.0608591198 0.7235884973 0.4700618767
-75.4392472207 0.0608596658 0.7235838241 0.4700592521
-75.4390800837 0.0608602176 0.7235791022 0.4700569710
-75.4389112054 0.0608607751 0.7235743316 0.4700550322
-75.4387405896 0.0608613383 0.7235695124 0.4700534337
-75.4385682397 0.0608619073 0.7235646447 0.4700521731
-75.4383941585 0.0608624820 0.7235597285 0.4700512489
-75.4382183484 0.0608630624 0.7235547640 0.4700506598
-75.4380408109 0.0608636485 0.7235497510 0.4700504033
-75.4378615475 0.0608642403 0.7235446897 0.4700504775
-75.4376805587 0.0608648378 0.7235395800 0.4700508812
-75.4374978449 0.0608654410 0.7235344219 0.4700516124
-75.4373134056 0.0608660500 0.7235292154 0.4700526689
-75.4371272400 0.0608666646 0.7235239604 0.4700540488
-75.4369393469 0.0608672849 0.7235186568 0.4700557509
-75.4367497243 0.0608679110 0.7235133045 0.4700577728
-75.4365583697 0.0608685427 0.7235079035 0.4700601122
-75.4363652805 0.0608691802 0.7235024536 0.4700627675
-75.4361704533 0.0608698235 0.7234969547 0.4700657370
-75.4359738840 0.0608704725 0.7234914067 0.4700690176
-75.4357755684 0.0608711272 0.7234858093 0.4700726074
-75.4355755016 0.0608717878 0.7234801625 0.4700765045
-75.4353736783 0.0608724542 0.7234744659 0.4700807062
-75.4351700925 0.0608731264 0.7234687195 0.4700852094
-75.4349647380 0.0608738044 0.7234629229 0.4700900120
-75.4347576080 0.0608744883 0.7234570760 0.4700951112
-75.4345486951 0.0608751781 0.7234511785 0.4701005034
-75.4343379915 0.0608758739 0.7234452301 0.4701061854
-75.4341254891 0.0608765755 0.7234392305 0.4701121543
-75.4339111791 0.0608772832 0.7234331795 0.4701184061
-75.4336950523 0.0608779968 0.7234270767 0.4701249363
-75.4334770990 0.0608787165 0.7234209218 0.4701317411
-75.4332573092 0.0608794423 0.7234147145 0.4701388162
-75.4330356722 0.0608801742 0.7234084544 0.4701461560
-75.4328121771 0.0608809122 0.7234021412 0.4701537549
-75.4325868123 0.0608816564 0.7233957744 0.4701616079
-75.4323595660 0.0608824069 0.7233893537 0.4701697083
-75.4321304258 0.0608831635 0.7233828787 0.4701780486
-75.4318993789 0.0608839265 0.7233763489 0.4701866219
-75.4316664121 0.0608846959 0.7233697639 0.4701954203
-75.4314315118 0.0608854716 0.7233631233 0.4702044342
-75.4311946638 0.0608862538 0.7233564266 0.4702136540
-75.4309558540 0.0608870425 0.7233496733 0.4702230698
-75.4307150673 0.0608878377 0.7233428629 0.4702326695
-75.4304722884 0.0608886395 0.7233359950 0.4702424402
-75.4302275019 0.0608894480 0.7233290691 0.4702523685
-75.4299806918 0.0608902631 0.7233220845 0.4702624396
-75.4297318417 0.0608910850 0.7233150409 0.4702726360
-75.4294809348 0.0608919137 0.7233079376 0.4702829400
-75.4292279544 0.0608927493 0.7233007740 0.4702933321
-75.4289728829 0.0608935918 0.7232935497 0.4703037898
-75.4287157027 0.0608944413 0.7232862641 0.4703142889
-75.4284563959 0.0608952978 0.7232789165 0.4703248036
-75.4281949444 0.0608961614 0.7232715065 0.4703353045
-75.4279313295 0.0608970321 0.7232640333 0.4703457588
-75.4276655326 0.0608979101 0.7232564963 0.4703561318
-75.4273975347 0.0608987954 0.7232488951 0.4703663840
-75.4271273166 0.0608996880 0.7232412289 0.4703764712
-75.4268548589 0.0609005880 0.7232334970 0.4703863456
-75.4265801420 0.0609014955 0.7232256990 0.4703959532
-75.4263031461 0.0609024106 0.7232178341 0.4704052331
-75.4260238513 0.0609033332 0.7232099017 0.4704141183
-75.4257422372 0.0609042636 0.7232019011 0.4704225327
-75.4254582834 0.0609052017 0.7231938317 0.4704303899
-75.4251719693 0.0609061476 0.7231856928 0.4704375928
-75.4248832737 0.0609071014 0.7231774838 0.4704440297
-75.4245921751 0.0609080631 0.7231692038 0.4704495723
-75.4242986514 0.0609090329 0.7231608522 0.4704540727
-75.4240026795 0.0609100108 0.7231524283 0.4704573573
-75.4237042353 0.0609109968 0.7231439313 0.4704592227
-75.4234032929 0.0609119912 0.7231353604 0.4704594262
-75.4230998243 0.0609129939 0.7231267146 0.4704576768
-75.4227937980 0.0609140051 0.7231179930 0.4704536207
-75.4224851780 0.0609150248 0.7231091944 0.4704468226
-75.4221739216 0.0609160534 0.7231003175 0.4704367411
-75.4218599774 0.0609170908 0.7230913606 0.4704226949
-75.4215432811 0.0609181373 0.7230823219 0.4704038189
-75.4212237511 0.0609191932 0.7230731988 0.4703790106
-75.4209012806 0.0609202588 0.7230639880 0.4703468736
-75.4205757148 0.0609213348 0.7230546849 0.4703056899
-75.4202467310 0.0609224220 0.7230452800 0.4702535036
-75.4199131147 0.0609235245 0.7230357383 0.4701884577
-75.4195683462 0.0609246640 0.7230258731 0.4701090621
-75.4191742834 0.0609259664 0.7230145918 0.4700100839
-75.4190074446 0.0609265178 0.7230098120 0.4699685680
-75.4189063391 0.0609268520 0.7230069140 0.4699441229
-75.4188153204 0.0609271528 0.7230043034 0.4699227476
-75.4187248766 0.0609274517 0.7230017078 0.4699021191
-75.4186334062 0.0609277541 0.7229990814 0.4698818663
-75.4185406630 0.0609280606 0.7229964171 0.4698619371
-75.4184466320 0.0609283714 0.7229937145 0.4698423262
-75.4183513370 0.0609286864 0.7229909744 0.4698230307
-75.4182548078 0.0609290055 0.7229881975 0.4698040446
-75.4181570744 0.0609293286 0.7229853849 0.4697853587
-75.4180581661 0.0609296555 0.7229825374 0.4697669603
-75.4179581118 0.0609299862 0.7229796558 0.4697488354
-75.4178569398 0.0609303207 0.7229767409 0.4697309689
-75.4177546780 0.0609306587 0.7229737937 0.4697133453
-75.4176513538 0.0609310003 0.7229708148 0.4696959483
-75.4175469944 0.0609313452 0.7229678051 0.4696787619
-75.4174416266 0.0609316936 0.7229647654 0.4696617710
-75.4173352770 0.0609320451 0.7229616964 0.4696449611
-75.4172279721 0.0609323999 0.7229585990 0.4696283179
-75.4171197381 0.0609327577 0.7229554739 0.4696118283
-75.4170106012 0.0609331184 0.7229523218 0.4695954806
-75.4169005874 0.0609334821 0.7229491436 0.4695792638
-75.4167897225 0.0609338487 0.7229459400 0.4695631674
-75.4166780324 0.0609342179 0.7229427117 0.4695471823
-75.4165655430 0.0609345898 0.7229394595 0.4695313006
-75.4164522798 0.0609349642 0.7229361842 0.4695155146
-75.4163382685 0.0609353412 0.7229328866 0.4694998171
-75.4162235346 0.0609357205 0.7229295672 0.4694842023
-75.4161081036 0.0609361021 0.7229262270 0.4694686649
-75.4159920009 0.0609364860 0.7229228666 0.4694531991
-75.4158752519 0.0609368720 0.7229194869 0.4694378002
-75.4157578818 0.0609372600 0.7229160884 0.4694224640
-75.4156399159 0.0609376500 0.7229126720 0.4694071862
-75.4155213793 0.0609380419 0.7229092385 0.4693919625
-75.4154022970 0.0609384357 0.7229057884 0.4693767888
-75.4152826942 0.0609388311 0.7229023227 0.4693616619
-75.4151625957 0.0609392282 0.7228988419 0.4693465778
-75.4150420265 0.0609396268 0.7228953469 0.4693315324
-75.4149210114 0.0609400270 0.7228918383 0.4693165225
-75.4147995752 0.0609404285 0.7228883169 0.4693015446
-75.4146777428 0.0609408313 0.7228847834 0.4692865946
-75.4145555387 0.0609412354 0.7228812386 0.4692716690
-75.4144329878 0.0609416406 0.7228776830 0.4692567644
-75.4143101147 0.0609420469 0.7228741176 0.4692418774
-75.4141869439 0.0609424541 0.7228705429 0.4692270037
-75.4140635003 0.0609428623 0.7228669598 0.4692121400
-75.4139398083 0.0609432713 0.7228633689 0.4691972830
-75.4138158925 0.0609436811 0.7228597709 0.4691824287
-75.4136917776 0.0609440915 0.7228561666 0.4691675731
-75.4135674882 0.0609445025 0.7228525567 0.4691527131
-75.4134430488 0.0609449140 0.7228489418 0.4691378451
-75.4133184842 0.0609453259 0.7228453228 0.4691229649
-75.4131938190 0.0609457381 0.7228417003 0.4691080688
-75.4130690778 0.0609461506 0.7228380751 0.4690931538
-75.4129442854 0.0609465633 0.7228344479 0.4690782158
-75.4128194665 0.0609469760 0.7228308194 0.4690632507
-75.4126946459 0.0609473888 0.7228271903 0.4690482551
-75.4125698485 0.0609478015 0.7228235614 0.4690332258
-75.4124450992 0.0609482140 0.7228199333 0.4690181583
-75.4123204229 0.0609486263 0.7228163069 0.4690030490
-75.4121958446 0.0609490383 0.7228126828 0.4689878947
-75.4120713895 0.0609494499 0.7228090618 0.4689726915
-75.4119470827 0.0609498610 0.7228054446 0.4689574353
-75.4118229495 0.0609502715 0.7228018319 0.4689421225
-75.4116990152 0.0609506814 0.7227982245 0.4689267500
-75.4115753054 0.0609510905 0.7227946232 0.4689113136
-75.4114518454 0.0609514988 0.7227910287 0.4688958093
-75.4113286611 0.0609519062 0.7227874416 0.4688802341
-75.4112057781 0.0609523126 0.7227838629 0.4688645843
-75.4110832224 0.0609527179 0.7227802932 0.4688488558
-75.4109610199 0.0609531221 0.7227767334 0.4688330451
-75.4108391969 0.0609535250 0.7227731841 0.4688171490
-75.4107177795 0.0609539265 0.7227696461 0.4688011638
-75.4105967941 0.0609543267 0.7227661202 0.4687850855
-75.4104762674 0.0609547253 0.7227626073 0.4687689110
-75.4103562261 0.0609551223 0.7227591080 0.4687526372
-75.4102366971 0.0609555177 0.7227556232 0.4687362600
-75.4101177072 0.0609559112 0.7227521536 0.4687197761
-75.4099992839 0.0609563029 0.7227487001 0.4687031827
-75.4098814545 0.0609566926 0.7227452634 0.4686864765
-75.4097642464 0.0609570803 0.7227418444 0.4686696537
-75.4096476875 0.0609574658 0.7227384439 0.4686527117
-75.4095318057 0.0609578491 0.7227350627 0.4686356477
-75.4094166291 0.0609582301 0.7227317016 0.4686184585
-75.4093021861 0.0609586086 0.7227283615 0.4686011409
-75.4091885052 0.0609589846 0.7227250432 0.4685836930
-75.4090756153 0.0609593580 0.7227217475 0.4685661122
-75.4089635451 0.0609597287 0.7227184753 0.4685483955
-75.4088523239 0.0609600966 0.7227152275 0.4685305410
-75.4087419813 0.0609604616 0.7227120049 0.4685125472
-75.4086325468 0.0609608236 0.7227088084 0.4684944117
-75.4085240502 0.0609611825 0.7227056388 0.4684761328
-75.4084165218 0.0609615382 0.7227024972 0.4684577097
-75.4083099920 0.0609618906 0.7226993843 0.4684391414
-75.4082044913 0.0609622395 0.7226963010 0.4684204266
-75.4081000506 0.0609625850 0.7226932483 0.4684015651
-75.4079967011 0.0609629269 0.7226902271 0.4683825575
-75.4078944742 0.0609632651 0.7226872384 0.4683634039
-75.4077934016 0.0609635994 0.7226842830 0.4683441048
-75.4076935151 0.0609639298 0.7226813619 0.4683246620
-75.4075948471 0.0609642562 0.7226784760 0.4683050780
-75.4074974299 0.0609645785 0.7226756264 0.4682853549
-75.4074012964 0.0609648965 0.7226728139 0.4682654958
-75.4073064796 0.0609652102 0.7226700396 0.4682455054
-75.4072130127 0.0609655194 0.7226673044 0.4682253887
-75.4071209295 0.0609658240 0.7226646094 0.4682051512
-75.4070302636 0.0609661239 0.7226619555 0.4681847997
-75.4069410493 0.0609664191 0.7226593438 0.4681643430
-75.4068533210 0.0609667093 0.7226567753 0.4681437900
-75.4067671133 0.0609669945 0.7226542509 0.4681231509
-75.4066824611 0.0609672745 0.7226517718 0.4681024380
-75.4065993998 0.0609675493 0.7226493390 0.4680816654
-75.4065179647 0.0609678187 0.7226469535 0.4680608481
-75.4064381913 0.0609680826 0.7226446164 0.4680400027
-75.4063601158 0.0609683409 0.7226423288 0.4680191489
-75.4062837741 0.0609685935 0.7226400917 0.4679983082
-75.4062092025 0.0609688402 0.7226379062 0.4679775036
-75.4061364374 0.0609690809 0.7226357734 0.4679567606
-75.4060655154 0.0609693156 0.7226336944 0.4679361076
-75.4059964731 0.0609695440 0.7226316703 0.4679155759
-75.4059293471 0.0609697661 0.7226297021 0.4678951982
-75.4058641741 0.0609699817 0.7226277910 0.4678750098
-75.4058009907 0.0609701907 0.7226259380 0.4678550493
-75.4057398332 0.0609703931 0.7226241443 0.4678353578
-75.4056807381 0.0609705886 0.7226224109 0.4678159781
-75.4056237409 0.0609707772 0.7226207389 0.4677969542
-75.4055688771 0.0609709587 0.7226191293 0.4677783324
-75.4055161817 0.0609711330 0.7226175831 0.4677601606
-75.4054656890 0.0609713001 0.7226161015 0.4677424874
-75.4054174322 0.0609714598 0.7226146854 0.4677253609
-75.4053714439 0.0609716119 0.7226133357 0.4677088286
-75.4053277553 0.0609717565 0.7226120535 0.4676929370
-75.4052863967 0.0609718933 0.7226108395 0.4676777313
-75.4052473970 0.0609720223 0.7226096947 0.4676632550
-75.4052107835 0.0609721435 0.7226086199 0.4676495486
-75.4051765821 0.0609722566 0.7226076158 0.4676366492
-75.4051448170 0.0609723617 0.7226066832 0.4676245904
-75.4051155105 0.0609724587 0.7226058228 0.4676134023
-75.4050886834 0.0609725475 0.7226050351 0.4676031115
-75.4050643547 0.0609726279 0.7226043207 0.4675937415
-75.4050425413 0.0609727001 0.7226036802 0.4675853123
-75.4050232586 0.0609727639 0.7226031139 0.4675778408
-75.4050065200 0.0609728193 0.7226026224 0.4675713410
-75.4049923371 0.0609728662 0.7226022059 0.4675658243
-75.4049807196 0.0609729047 0.7226018647 0.4675612997
-75.4049716756 0.0609729346 0.7226015991 0.4675577739
-75.4049652112 0.0609729560 0.7226014093 0.4675552521
-75.4049613308 0.0609729688 0.7226012953 0.4675537376
-75.4049600370 0.0609729731 0.7226012573 0.4675532326
-75.4190074440 0.0609265178 0.7230098120 0.4699685622
-75.4189063391 0.0609268520 0.7230069140 0.4699441230
-75.4188153204 0.0609271528 0.7230043034 0.4699227476
-75.4187248766 0.0609274517 0.7230017078 0.4699021191
-75.4186334062 0.0609277541 0.7229990814 0.4698818663
-75.4185406630 0.0609280606 0.7229964171 0.4698619372
-75.4184466320 0.0609283714 0.7229937145 0.4698423263
-75.4183513370 0.0609286864 0.7229909744 0.4698230307
-75.4182548078 0.0609290055 0.7229881975 0.4698040447
-75.4181570744 0.0609293286 0.7229853849 0.4697853587
-75.4180581661 0.0609296555 0.7229825374 0.4697669603
-75.4179581118 0.0609299862 0.7229796558 0.4697488354
-75.4178569398 0.0609303207 0.7229767409 0.4697309689
-75.4177546780 0.0609306587 0.7229737937 0.4697133453
-75.4176513538 0.0609310003 0.7229708148 0.4696959483
-75.4175469944 0.0609313452 0.7229678051 0.4696787619
-75.4174416266 0.0609316936 0.7229647654 0.4696617710
-75.4173352770 0.0609320451 0.7229616964 0.4696449611
-75.4172279721 0.0609323999 0.7229585990 0.4696283179
-75.4171197381 0.0609327577 0.7229554739 0.4696118283
-75.4170106012 0.0609331184 0.7229523218 0.4695954807
-75.4169005873 0.0609334821 0.7229491436 0.4695792639
-75.4167897225 0.0609338487 0.7229459400 0.4695631674
-75.4166780324 0.0609342179 0.7229427117 0.4695471823
-75.4165655430 0.0609345898 0.7229394595 0.4695313006
-75.4164522798 0.0609349642 0.7229361842 0.4695155146
-75.4163382685 0.0609353412 0.7229328866 0.4694998171
-75.4162235346 0.0609357205 0.7229295672 0.4694842023
-75.4161081036 0.0609361021 0.7229262270 0.4694686649
-75.4159920009 0.0609364860 0.7229228666 0.4694531991
-75.4158752519 0.0609368720 0.7229194869 0.4694378002
-75.4157578818 0.0609372600 0.7229160884 0.4694224640
-75.4156399159 0.0609376500 0.7229126720 0.4694071863
-75.4155213793 0.0609380419 0.7229092385 0.4693919625
-75.4154022970 0.0609384357 0.7229057884 0.4693767888
-75.4152826942 0.0609388311 0.7229023227 0.4693616620
-75.4151625957 0.0609392282 0.7228988419 0.4693465778
-75.4150420265 0.0609396268 0.7228953469 0.4693315324
-75.4149210114 0.0609400270 0.7228918383 0.4693165225
-75.4147995752 0.0609404285 0.7228883169 0.4693015446
-75.4146777428 0.0609408313 0.7228847834 0.4692865946
-75.4145555387 0.0609412354 0.7228812386 0.4692716690
-75.4144329878 0.0609416406 0.7228776830 0.4692567644
-75.4143101147 0.0609420469 0.7228741176 0.4692418774
-75.4141869439 0.0609424541 0.7228705429 0.4692270037
-75.4140635002 0.0609428623 0.7228669598 0.4692121400
-75.4139398082 0.0609432713 0.7228633689 0.4691972830
-75.4138158925 0.0609436811 0.7228597709 0.4691824287
-75.4136917776 0.0609440915 0.7228561666 0.4691675731
-75.4135674881 0.0609445025 0.7228525567 0.4691527131
-75.4134430488 0.0609449140 0.7228489418 0.4691378451
-75.4133184842 0.0609453259 0.7228453228 0.4691229649
-75.4131938189 0.0609457381 0.7228417003 0.4691080688
-75.4130690778 0.0609461506 0.7228380751 0.4690931538
-75.4129442854 0.0609465633 0.7228344479 0.4690782158
-75.4128194665 0.0609469760 0.7228308194 0.4690632507
-75.4126946459 0.0609473888 0.7228271903 0.4690482551
-75.4125698485 0.0609478015 0.7228235614 0.4690332258
-75.4124450992 0.0609482140 0.7228199333 0.4690181583
-75.4123204228 0.0609486263 0.7228163069 0.4690030490
-75.4121958445 0.0609490383 0.7228126828 0.4689878947
-75.4120713895 0.0609494499 0.7228090618 0.4689726915
-75.4119470826 0.0609498610 0.7228054446 0.4689574353
-75.4118229494 0.0609502715 0.7228018319 0.4689421225
-75.4116990152 0.0609506814 0.7227982245 0.4689267500
-75.4115753053 0.0609510905 0.7227946232 0.4689113136
-75.4114518454 0.0609514988 0.7227910287 0.4688958093
-75.4113286611 0.0609519062 0.7227874416 0.4688802341
-75.4112057781 0.0609523126 0.7227838629 0.4688645843
-75.4110832224 0.0609527179 0.7227802932 0.4688488558
-75.4109610199 0.0609531221 0.7227767334 0.4688330451
-75.4108391968 0.0609535250 0.7227731841 0.4688171490
-75.4107177794 0.0609539265 0.7227696461 0.4688011638
-75.4105967941 0.0609543267 0.7227661202 0.4687850855
-75.4104762674 0.0609547253 0.7227626073 0.4687689110
-75.4103562261 0.0609551223 0.7227591080 0.4687526372
-75.4102366970 0.0609555177 0.7227556232 0.4687362600
-75.4101177072 0.0609559112 0.7227521536 0.4687197761
-75.4099992839 0.0609563029 0.7227487001 0.4687031827
-75.4098814544 0.0609566926 0.7227452634 0.4686864765
-75.4097642463 0.0609570803 0.7227418444 0.4686696537
-75.4096476874 0.0609574658 0.7227384439 0.4686527117
-75.4095318056 0.0609578491 0.7227350627 0.4686356477
-75.4094166291 0.0609582301 0.7227317016 0.4686184585
-75.4093021861 0.0609586086 0.7227283615 0.4686011409
-75.4091885052 0.0609589846 0.7227250432 0.4685836930
-75.4090756152 0.0609593580 0.7227217475 0.4685661122
-75.4089635450 0.0609597287 0.7227184753 0.4685483955
-75.4088523239 0.0609600966 0.7227152275 0.4685305410
-75.4087419812 0.0609604616 0.7227120049 0.4685125472
-75.4086325467 0.0609608236 0.7227088084 0.4684944117
-75.4085240502 0.0609611825 0.7227056388 0.4684761328
-75.4084165218 0.0609615382 0.7227024972 0.4684577097
-75.4083099919 0.0609618906 0.7226993843 0.4684391414
-75.4082044912 0.0609622395 0.7226963010 0.4684204266
-75.4081000505 0.0609625850 0.7226932483 0.4684015651
-75.4079967010 0.0609629269 0.7226902271 0.4683825575
-75.4078944742 0.0609632651 0.7226872384 0.4683634039
-75.4077934015 0.0609635994 0.7226842830 0.4683441048
-75.4076935150 0.0609639298 0.7226813619 0.4683246620
-75.4075948470 0.0609642562 0.7226784760 0.4683050780
-75.4074974299 0.0609645785 0.7226756264 0.4682853549
-75.4074012964 0.0609648965 0.7226728139 0.4682654958
-75.4073064795 0.0609652102 0.7226700396 0.4682455054
-75.4072130127 0.0609655194 0.7226673044 0.4682253888
-75.4071209294 0.0609658240 0.7226646094 0.4682051512
-75.4070302635 0.0609661239 0.7226619555 0.4681847997
-75.4069410492 0.0609664191 0.7226593438 0.4681643430
-75.4068533209 0.0609667093 0.7226567753 0.4681437900
-75.4067671132 0.0609669945 0.7226542509 0.4681231509
-75.4066824611 0.0609672745 0.7226517718 0.4681024380
-75.4065993997 0.0609675493 0.7226493390 0.4680816654
-75.4065179646 0.0609678187 0.7226469535 0.4680608481
-75.4064381913 0.0609680826 0.7226446164 0.4680400027
-75.4063601157 0.0609683409 0.7226423288 0.4680191489
-75.4062837740 0.0609685935 0.7226400917 0.4679983082
-75.4062092025 0.0609688402 0.7226379062 0.4679775037
-75.4061364374 0.0609690809 0.7226357734 0.4679567606
-75.4060655153 0.0609693156 0.7226336944 0.4679361076
-75.4059964730 0.0609695440 0.7226316703 0.4679155759
-75.4059293470 0.0609697661 0.7226297021 0.4678951982
-75.4058641740 0.0609699817 0.7226277910 0.4678750098
-75.4058009906 0.0609701907 0.7226259380 0.4678550493
-75.4057398332 0.0609703931 0.7226241443 0.4678353578
-75.4056807380 0.0609705886 0.7226224109 0.4678159781
-75.4056237408 0.0609707772 0.7226207389 0.4677969542
-75.4055688771 0.0609709587 0.7226191293 0.4677783324
-75.4055161817 0.0609711330 0.7226175831 0.4677601606
-75.4054656889 0.0609713001 0.7226161015 0.4677424874
-75.4054174322 0.0609714598 0.7226146854 0.4677253609
-75.4053714438 0.0609716119 0.7226133357 0.4677088286
-75.4053277552 0.0609717565 0.7226120535 0.4676929370
-75.4052863966 0.0609718933 0.7226108395 0.4676777313
-75.4052473969 0.0609720223 0.7226096947 0.4676632550
-75.4052107834 0.0609721435 0.7226086199 0.4676495486
-75.4051765820 0.0609722566 0.7226076158 0.4676366492
-75.4051448169 0.0609723617 0.7226066832 0.4676245904
-75.4051155104 0.0609724587 0.7226058227 0.4676134023
-75.4050886834 0.0609725475 0.7226050351 0.4676031115
-75.4050643546 0.0609726279 0.7226043207 0.4675937415
-75.4050425412 0.0609727001 0.7226036802 0.4675853122
-75.4050232585 0.0609727639 0.7226031139 0.4675778407
-75.4050065199 0.0609728193 0.7226026224 0.4675713410
-75.4049923370 0.0609728662 0.7226022059 0.4675658243
-75.4049807196 0.0609729047 0.7226018647 0.4675612996
-75.4049716755 0.0609729346 0.7226015991 0.4675577739
-75.4049652111 0.0609729560 0.7226014093 0.4675552520
-75.4049613307 0.0609729688 0.7226012953 0.4675537376
-75.4049600369 0.0609729731 0.7226012573 0.4675532326
-75.4190074019 0.0609265179 0.7230098128 0.4699686816
-75.4189062502 0.0609268522 0.7230069156 0.4699443669
-75.4188151850 0.0609271532 0.7230043059 0.4699231295
-75.4187246933 0.0609274523 0.7230017111 0.4699026336
-75.4186331741 0.0609277548 0.7229990855 0.4698825136
-75.4185403810 0.0609280615 0.7229964219 0.4698627174
-75.4184462988 0.0609283725 0.7229937201 0.4698432396
-75.4183509511 0.0609286877 0.7229909807 0.4698240775
-75.4182543674 0.0609290069 0.7229882045 0.4698052251
-75.4181565775 0.0609293302 0.7229853924 0.4697866730
-75.4180576105 0.0609296573 0.7229825454 0.4697684088
-75.4179574951 0.0609299882 0.7229796642 0.4697504184
-75.4178562593 0.0609303229 0.7229767498 0.4697326868
-75.4177539309 0.0609306611 0.7229738028 0.4697151985
-75.4176505369 0.0609310029 0.7229708241 0.4696979371
-75.4175461044 0.0609313481 0.7229678144 0.4696808868
-75.4174406599 0.0609316967 0.7229647747 0.4696640324
-75.4173342299 0.0609320485 0.7229617056 0.4696473595
-75.4172268406 0.0609324035 0.7229586079 0.4696308538
-75.4171185178 0.0609327616 0.7229554824 0.4696145022
-75.4170092877 0.0609331227 0.7229523298 0.4695982932
-75.4168991759 0.0609334867 0.7229491509 0.4695822156
-75.4167882082 0.0609338536 0.7229459465 0.4695662589
-75.4166764101 0.0609342232 0.7229427173 0.4695504143
-75.4165638072 0.0609345954 0.7229394640 0.4695346737
-75.4164504250 0.0609349703 0.7229361874 0.4695190294
-75.4163362887 0.0609353476 0.7229328882 0.4695034744
-75.4162214237 0.0609357273 0.7229295673 0.4694880029
-75.4161058553 0.0609361094 0.7229262252 0.4694726094
-75.4159896086 0.0609364937 0.7229228628 0.4694572885
-75.4158727087 0.0609368802 0.7229194808 0.4694420351
-75.4157551807 0.0609372688 0.7229160799 0.4694268454
-75.4156370496 0.0609376594 0.7229126608 0.4694117150
-75.4155183402 0.0609380518 0.7229092244 0.4693966394
-75.4153990773 0.0609384462 0.7229057712 0.4693816150
-75.4152792858 0.0609388422 0.7229023021 0.4693666382
-75.4151589904 0.0609392400 0.7228988177 0.4693517052
-75.4150382157 0.0609396393 0.7228953188 0.4693368119
-75.4149169863 0.0609400401 0.7228918061 0.4693219551
-75.4147953268 0.0609404424 0.7228882803 0.4693071314
-75.4146732618 0.0609408460 0.7228847421 0.4692923368
-75.4145508155 0.0609412508 0.7228811923 0.4692775675
-75.4144280126 0.0609416569 0.7228776315 0.4692628206
-75.4143048774 0.0609420640 0.7228740605 0.4692480923
-75.4141814343 0.0609424722 0.7228704800 0.4692333785
-75.4140577077 0.0609428813 0.7228668906 0.4692186759
-75.4139337219 0.0609432913 0.7228632932 0.4692039813
-75.4138095012 0.0609437020 0.7228596884 0.4691892906
-75.4136850700 0.0609441135 0.7228560769 0.4691746000
-75.4135604526 0.0609445255 0.7228524594 0.4691599062
-75.4134356734 0.0609449381 0.7228488367 0.4691452058
-75.4133107567 0.0609453512 0.7228452094 0.4691304946
-75.4131857269 0.0609457646 0.7228415783 0.4691157689
-75.4130606084 0.0609461784 0.7228379441 0.4691010256
-75.4129354257 0.0609465923 0.7228343075 0.4690862608
-75.4128102032 0.0609470064 0.7228306692 0.4690714703
-75.4126849655 0.0609474206 0.7228270299 0.4690566509
-75.4125597370 0.0609478347 0.7228233903 0.4690417991
-75.4124345425 0.0609482487 0.7228197513 0.4690269108
-75.4123094064 0.0609486625 0.7228161133 0.4690119821
-75.4121843538 0.0609490761 0.7228124773 0.4689970100
-75.4120594093 0.0609494893 0.7228088439 0.4689819906
-75.4119345977 0.0609499020 0.7228052139 0.4689669196
-75.4118099441 0.0609503143 0.7228015879 0.4689517938
-75.4116854736 0.0609507259 0.7227979668 0.4689366098
-75.4115612112 0.0609511368 0.7227943512 0.4689213634
-75.4114371822 0.0609515470 0.7227907419 0.4689060509
-75.4113134119 0.0609519564 0.7227871396 0.4688906690
-75.4111899259 0.0609523648 0.7227835451 0.4688752142
-75.4110667497 0.0609527721 0.7227799592 0.4688596822
-75.4109439089 0.0609531784 0.7227763825 0.4688440696
-75.4108214294 0.0609535835 0.7227728158 0.4688283733
-75.4106993372 0.0609539873 0.7227692599 0.4688125894
-75.4105776583 0.0609543897 0.7227657155 0.4687967140
-75.4104564190 0.0609547907 0.7227621835 0.4687807440
-75.4103356457 0.0609551901 0.7227586646 0.4687646762
-75.4102153648 0.0609555879 0.7227551595 0.4687485065
-75.4100956032 0.0609559840 0.7227516691 0.4687322315
-75.4099763876 0.0609563783 0.7227481941 0.4687158485
-75.4098577453 0.0609567708 0.7227447354 0.4686993541
-75.4097397032 0.0609571612 0.7227412937 0.4686827443
-75.4096222888 0.0609575495 0.7227378698 0.4686660166
-75.4095055298 0.0609579357 0.7227344646 0.4686491681
-75.4093894540 0.0609583197 0.7227310788 0.4686321954
-75.4092740892 0.0609587012 0.7227277134 0.4686150953
-75.4091594637 0.0609590804 0.7227243690 0.4685978659
-75.4090456060 0.0609594570 0.7227210466 0.4685805042
-75.4089325445 0.0609598310 0.7227177470 0.4685630073
-75.4088203082 0.0609602022 0.7227144710 0.4685453730
-75.4087089261 0.0609605706 0.7227112195 0.4685275996
-75.4085984275 0.0609609361 0.7227079933 0.4685096848
-75.4084888419 0.0609612986 0.7227047934 0.4684916262
-75.4083801992 0.0609616580 0.7227016206 0.4684734231
-75.4082725292 0.0609620141 0.7226984757 0.4684550742
-75.4081658623 0.0609623670 0.7226953598 0.4684365778
-75.4080602290 0.0609627164 0.7226922736 0.4684179334
-75.4079556600 0.0609630623 0.7226892181 0.4683991412
-75.4078521864 0.0609634046 0.7226861942 0.4683802009
-75.4077498395 0.0609637432 0.7226832028 0.4683611125
-75.4076486508 0.0609640779 0.7226802448 0.4683418774
-75.4075486522 0.0609644087 0.7226773213 0.4683224975
-75.4074498757 0.0609647354 0.7226744331 0.4683029741
-75.4073523538 0.0609650580 0.7226715812 0.4682833097
-75.4072561192 0.0609653764 0.7226687666 0.4682635085
-75.4071612047 0.0609656904 0.7226659903 0.4682435745
-75.4070676435 0.0609659999 0.7226632531 0.4682235120
-75.4069754692 0.0609663048 0.7226605562 0.4682033272
-75.4068847156 0.0609666050 0.7226579005 0.4681830276
-75.4067954167 0.0609669005 0.7226552870 0.4681626209
-75.4067076067 0.0609671910 0.7226527168 0.4681421159
-75.4066213204 0.0609674764 0.7226501908 0.4681215237
-75.4065365926 0.0609677567 0.7226477102 0.4681008567
-75.4064534583 0.0609680317 0.7226452759 0.4680801281
-75.4063719530 0.0609683014 0.7226428890 0.4680593529
-75.4062921122 0.0609685655 0.7226405506 0.4680385488
-75.4062139718 0.0609688240 0.7226382616 0.4680177351
-75.4061375678 0.0609690768 0.7226360233 0.4679969327
-75.4060629363 0.0609693237 0.7226338366 0.4679761647
-75.4059901138 0.0609695646 0.7226317027 0.4679554573
-75.4059191368 0.0609697995 0.7226296227 0.4679348391
-75.4058500417 0.0609700281 0.7226275975 0.4679143402
-75.4057828653 0.0609702503 0.7226256284 0.4678939937
-75.4057176440 0.0609704661 0.7226237163 0.4678738356
-75.4056544145 0.0609706753 0.7226218625 0.4678539046
-75.4055932131 0.0609708778 0.7226200679 0.4678342412
-75.4055340760 0.0609710734 0.7226183337 0.4678148876
-75.4054770389 0.0609712621 0.7226166609 0.4677958887
-75.4054221373 0.0609714438 0.7226150506 0.4677772912
-75.4053694060 0.0609716182 0.7226135038 0.4677591430
-75.4053188792 0.0609717854 0.7226120216 0.4677414919
-75.4052705903 0.0609719452 0.7226106048 0.4677243857
-75.4052245716 0.0609720974 0.7226092546 0.4677078723
-75.4051808545 0.0609722421 0.7226079718 0.4676919990
-75.4051394693 0.0609723790 0.7226067574 0.4676768113
-75.4051004447 0.0609725081 0.7226056121 0.4676623521
-75.4050638080 0.0609726293 0.7226045369 0.4676486612
-75.4050295851 0.0609727426 0.7226035324 0.4676357756
-75.4049978001 0.0609728477 0.7226025995 0.4676237291
-75.4049684754 0.0609729447 0.7226017387 0.4676125521
-75.4049416317 0.0609730336 0.7226009507 0.4676022717
-75.4049172881 0.0609731141 0.7226002361 0.4675929115
-75.4048954615 0.0609731863 0.7225995953 0.4675844914
-75.4048761672 0.0609732502 0.7225990288 0.4675770283
-75.4048594186 0.0609733056 0.7225985371 0.4675705360
-75.4048452272 0.0609733525 0.7225981205 0.4675650257
-75.4048336028 0.0609733910 0.7225977792 0.4675605062
-75.4048245535 0.0609734209 0.7225975135 0.4675569844
-75.4048180852 0.0609734423 0.7225973236 0.4675544655
-75.4048142025 0.0609734552 0.7225972096 0.4675529527
-75.4048129080 0.0609734595 0.7225971716 0.4675524482
-75.4190074019 0.0609265179 0.7230098128 0.4699686816
-75.4189062502 0.0609268522 0.7230069156 0.4699443669
-75.4188151850 0.0609271532 0.7230043059 0.4699231295
-75.4187246933 0.0609274523 0.7230017111 0.4699026336
-75.4186331741 0.0609277548 0.7229990855 0.4698825135
-75.4185403810 0.0609280615 0.7229964219 0.4698627174
-75.4184462988 0.0609283725 0.7229937201 0.4698432396
-75.4183509511 0.0609286877 0.7229909807 0.4698240774
-75.4182543674 0.0609290069 0.7229882045 0.4698052250
-75.4181565775 0.0609293302 0.7229853924 0.4697866730
-75.4180576105 0.0609296573 0.7229825454 0.4697684088
-75.4179574950 0.0609299882 0.7229796642 0.4697504184
-75.4178562593 0.0609303229 0.7229767498 0.4697326868
-75.4177539308 0.0609306611 0.7229738028 0.4697151985
-75.4176505369 0.0609310029 0.7229708241 0.4696979371
-75.4175461044 0.0609313481 0.7229678144 0.4696808867
-75.4174406599 0.0609316967 0.7229647747 0.4696640324
-75.4173342299 0.0609320485 0.7229617056 0.4696473595
-75.4172268405 0.0609324035 0.7229586079 0.4696308538
-75.4171185178 0.0609327616 0.7229554824 0.4696145022
-75.4170092877 0.0609331227 0.7229523298 0.4695982932
-75.4168991759 0.0609334867 0.7229491509 0.4695822156
-75.4167882082 0.0609338536 0.7229459465 0.4695662589
-75.4166764101 0.0609342232 0.7229427173 0.4695504142
-75.4165638072 0.0609345954 0.7229394640 0.4695346736
-75.4164504249 0.0609349703 0.7229361874 0.4695190294
-75.4163362887 0.0609353476 0.7229328882 0.4695034744
-75.4162214237 0.0609357273 0.7229295673 0.4694880029
-75.4161058553 0.0609361094 0.7229262252 0.4694726094
-75.4159896086 0.0609364937 0.7229228628 0.4694572884
-75.4158727087 0.0609368802 0.7229194808 0.4694420351
-75.4157551807 0.0609372688 0.7229160799 0.4694268454
-75.4156370496 0.0609376594 0.7229126608 0.4694117150
-75.4155183401 0.0609380518 0.7229092244 0.4693966394
-75.4153990773 0.0609384462 0.7229057712 0.4693816150
-75.4152792858 0.0609388422 0.7229023021 0.4693666382
-75.4151589904 0.0609392400 0.7228988177 0.4693517052
-75.4150382156 0.0609396393 0.7228953188 0.4693368119
-75.4149169863 0.0609400401 0.7228918061 0.4693219551
-75.4147953268 0.0609404424 0.7228882803 0.4693071314
-75.4146732617 0.0609408460 0.7228847421 0.4692923368
-75.4145508155 0.0609412508 0.7228811923 0.4692775675
-75.4144280126 0.0609416569 0.7228776315 0.4692628206
-75.4143048774 0.0609420640 0.7228740605 0.4692480923
-75.4141814343 0.0609424722 0.7228704800 0.4692333785
-75.4140577076 0.0609428813 0.7228668906 0.4692186759
-75.4139337218 0.0609432913 0.7228632932 0.4692039813
-75.4138095012 0.0609437020 0.7228596884 0.4691892906
-75.4136850699 0.0609441135 0.7228560769 0.4691746000
-75.4135604525 0.0609445255 0.7228524594 0.4691599062
-75.4134356733 0.0609449381 0.7228488367 0.4691452058
-75.4133107567 0.0609453512 0.7228452094 0.4691304946
-75.4131857269 0.0609457646 0.7228415783 0.4691157689
-75.4130606084 0.0609461784 0.7228379441 0.4691010256
-75.4129354257 0.0609465923 0.7228343075 0.4690862608
-75.4128102032 0.0609470064 0.7228306692 0.4690714703
-75.4126849654 0.0609474206 0.7228270299 0.4690566509
-75.4125597370 0.0609478347 0.7228233903 0.4690417991
-75.4124345424 0.0609482487 0.7228197513 0.4690269108
-75.4123094064 0.0609486625 0.7228161133 0.4690119821
-75.4121843537 0.0609490761 0.7228124773 0.4689970100
-75.4120594092 0.0609494893 0.7228088439 0.4689819906
-75.4119345977 0.0609499020 0.7228052139 0.4689669196
-75.4118099441 0.0609503143 0.7228015879 0.4689517938
-75.4116854735 0.0609507259 0.7227979668 0.4689366098
-75.4115612111 0.0609511368 0.7227943512 0.4689213634
-75.4114371821 0.0609515470 0.7227907419 0.4689060509
-75.4113134119 0.0609519564 0.7227871396 0.4688906690
-75.4111899259 0.0609523648 0.7227835451 0.4688752142
-75.4110667496 0.0609527721 0.7227799592 0.4688596822
-75.4109439088 0.0609531784 0.7227763825 0.4688440696
-75.4108214294 0.0609535835 0.7227728158 0.4688283733
-75.4106993372 0.0609539873 0.7227692599 0.4688125894
-75.4105776583 0.0609543897 0.7227657155 0.4687967140
-75.4104564189 0.0609547907 0.7227621835 0.4687807440
-75.4103356456 0.0609551901 0.7227586646 0.4687646762
-75.4102153648 0.0609555879 0.7227551595 0.4687485065
-75.4100956031 0.0609559840 0.7227516691 0.4687322315
-75.4099763876 0.0609563783 0.7227481941 0.4687158485
-75.4098577452 0.0609567708 0.7227447354 0.4686993541
-75.4097397031 0.0609571612 0.7227412937 0.4686827443
-75.4096222888 0.0609575495 0.7227378698 0.4686660166
-75.4095055298 0.0609579357 0.7227344646 0.4686491681
-75.4093894539 0.0609583197 0.7227310788 0.4686321954
-75.4092740892 0.0609587012 0.7227277134 0.4686150953
-75.4091594637 0.0609590804 0.7227243690 0.4685978659
-75.4090456059 0.0609594570 0.7227210466 0.4685805042
-75.4089325445 0.0609598310 0.7227177470 0.4685630073
-75.4088203081 0.0609602022 0.7227144710 0.4685453730
-75.4087089261 0.0609605706 0.7227112195 0.4685275996
-75.4085984275 0.0609609361 0.7227079933 0.4685096848
-75.4084888419 0.0609612986 0.7227047934 0.4684916262
-75.4083801991 0.0609616580 0.7227016206 0.4684734231
-75.4082725292 0.0609620141 0.7226984757 0.4684550742
-75.4081658623 0.0609623670 0.7226953598 0.4684365778
-75.4080602289 0.0609627164 0.7226922736 0.4684179334
-75.4079556600 0.0609630623 0.7226892181 0.4683991412
-75.4078521864 0.0609634046 0.7226861942 0.4683802009
-75.4077498394 0.0609637432 0.7226832028 0.4683611125
-75.4076486507 0.0609640779 0.7226802448 0.4683418774
-75.4075486521 0.0609644087 0.7226773213 0.4683224974
-75.4074498757 0.0609647354 0.7226744331 0.4683029741
-75.4073523538 0.0609650580 0.7226715812 0.4682833097
-75.4072561191 0.0609653764 0.7226687666 0.4682635085
-75.4071612046 0.0609656904 0.7226659903 0.4682435744
-75.4070676435 0.0609659999 0.7226632531 0.4682235120
-75.4069754692 0.0609663048 0.7226605562 0.4682033272
-75.4068847156 0.0609666050 0.7226579005 0.4681830276
-75.4067954166 0.0609669005 0.7226552870 0.4681626209
-75.4067076067 0.0609671910 0.7226527168 0.4681421159
-75.4066213204 0.0609674764 0.7226501908 0.4681215237
-75.4065365925 0.0609677567 0.7226477102 0.4681008567
-75.4064534583 0.0609680317 0.7226452759 0.4680801281
-75.4063719529 0.0609683014 0.7226428890 0.4680593529
-75.4062921122 0.0609685655 0.7226405505 0.4680385487
-75.4062139718 0.0609688240 0.7226382616 0.4680177351
-75.4061375677 0.0609690768 0.7226360233 0.4679969327
-75.4060629363 0.0609693237 0.7226338366 0.4679761646
-75.4059901138 0.0609695646 0.7226317027 0.4679554573
-75.4059191367 0.0609697995 0.7226296226 0.4679348391
-75.4058500417 0.0609700281 0.7226275975 0.4679143402
-75.4057828652 0.0609702503 0.7226256284 0.4678939937
-75.4057176440 0.0609704661 0.7226237163 0.4678738356
-75.4056544145 0.0609706753 0.7226218625 0.4678539046
-75.4055932131 0.0609708778 0.7226200679 0.4678342412
-75.4055340760 0.0609710734 0.7226183337 0.4678148876
-75.4054770389 0.0609712621 0.7226166609 0.4677958886
-75.4054221372 0.0609714438 0.7226150506 0.4677772912
-75.4053694060 0.0609716182 0.7226135038 0.4677591430
-75.4053188792 0.0609717854 0.7226120216 0.4677414919
-75.4052705903 0.0609719452 0.7226106048 0.4677243857
-75.4052245715 0.0609720974 0.7226092546 0.4677078723
-75.4051808545 0.0609722421 0.7226079718 0.4676919990
-75.4051394692 0.0609723790 0.7226067574 0.4676768113
-75.4051004446 0.0609725081 0.7226056121 0.4676623521
-75.4050638080 0.0609726293 0.7226045369 0.4676486612
-75.4050295851 0.0609727426 0.7226035324 0.4676357756
-75.4049978000 0.0609728477 0.7226025995 0.4676237291
-75.4049684753 0.0609729447 0.7226017387 0.4676125521
-75.4049416317 0.0609730336 0.7226009507 0.4676022717
-75.4049172881 0.0609731141 0.7226002360 0.4675929115
-75.4048954615 0.0609731863 0.7225995953 0.4675844914
-75.4048761672 0.0609732502 0.7225990288 0.4675770284
-75.4048594185 0.0609733056 0.7225985371 0.4675705360
-75.4048452272 0.0609733525 0.7225981205 0.4675650257
-75.4048336028 0.0609733910 0.7225977792 0.4675605062
-75.4048245534 0.0609734209 0.7225975135 0.4675569845
-75.4048180852 0.0609734423 0.7225973236 0.4675544655
-75.4048142025 0.0609734552 0.7225972096 0.4675529527
-75.4048129080 0.0609734595 0.7225971716 0.4675524483
