-75.5404318348 0.0605269498 0.7262018886 0.4722329206
-75.5404293600 0.0605269580 0.7262018173 0.4722286939
-75.5404219432 0.0605269823 0.7262016039 0.4722160215
-75.5404096114 0.0605270229 0.7262012490 0.4721949632
-75.5403924225 0.0605270793 0.7262007544 0.4721657464
-75.5403704859 0.0605271514 0.7262001234 0.4721289637
-75.5403271352 0.0605272939 0.7261988581 0.4719229457
-75.5402986203 0.0605273876 0.7261980414 0.4718948109
-75.5402666175 0.0605274928 0.7261971258 0.4718670522
-75.5402311771 0.0605276092 0.7261961129 0.4718397206
-75.5401923476 0.0605277368 0.7261950042 0.4718128563
-75.5401501757 0.0605278754 0.7261938010 0.4717864903
-75.5401047066 0.0605280248 0.7261925046 0.4717606468
-75.5400559842 0.0605281848 0.7261911164 0.4717353438
-75.5400040508 0.0605283555 0.7261896376 0.4717105948
-75.5399489476 0.0605285365 0.7261880695 0.4716864088
-75.5398907144 0.0605287279 0.7261864131 0.4716627915
-75.5398293899 0.0605289293 0.7261846697 0.4716397460
-75.5397650117 0.0605291409 0.7261828404 0.4716172733
-75.5396976161 0.0605293623 0.7261809263 0.4715953720
-75.5396272386 0.0605295935 0.7261789283 0.4715740395
-75.5395539135 0.0605298344 0.7261768476 0.4715532723
-75.5394776741 0.0605300849 0.7261746851 0.4715330661
-75.5393985530 0.0605303449 0.7261724417 0.4715134153
-75.5393165814 0.0605306142 0.7261701183 0.4714943143
-75.5392317901 0.0605308928 0.7261677160 0.4714757572
-75.5391442087 0.0605311805 0.7261652355 0.4714577383
-75.5390538661 0.0605314774 0.7261626777 0.4714402511
-75.5389607901 0.0605317832 0.7261600434 0.4714232896
-75.5388650081 0.0605320978 0.7261573335 0.4714068481
-75.5387665464 0.0605324213 0.7261545486 0.4713909213
-75.5386654306 0.0605327536 0.7261516896 0.4713755034
-75.5385616854 0.0605330944 0.7261487571 0.4713605893
-75.5384553349 0.0605334438 0.7261457519 0.4713461745
-75.5383464024 0.0605338017 0.7261426746 0.4713322545
-75.5382349104 0.0605341680 0.7261395259 0.4713188247
-75.5381208806 0.0605345427 0.7261363064 0.4713058812
-75.5380043340 0.0605349256 0.7261330167 0.4712934206
-75.5378852908 0.0605353167 0.7261296575 0.4712814391
-75.5377637707 0.0605357160 0.7261262293 0.4712699332
-75.5376397922 0.0605361233 0.7261227325 0.4712588999
-75.5375133737 0.0605365386 0.7261191679 0.4712483365
-75.5373845322 0.0605369620 0.7261155357 0.4712382397
-75.5372532843 0.0605373932 0.7261118366 0.4712286066
-75.5371196461 0.0605378323 0.7261080709 0.4712194350
-75.5369836325 0.0605382791 0.7261042391 0.4712107223
-75.5368452579 0.0605387338 0.7261003416 0.4712024657
-75.5367045361 0.0605391961 0.7260963789 0.4711946627
-75.5365614800 0.0605396662 0.7260923511 0.4711873116
-75.5364161019 0.0605401438 0.7260882588 0.4711804098
-75.5362684133 0.0605406291 0.7260841022 0.4711739547
-75.5361184251 0.0605411219 0.7260798816 0.4711679444
-75.5359661475 0.0605416222 0.7260755973 0.4711623773
-75.5358115899 0.0605421300 0.7260712495 0.4711572509
-75.5356547609 0.0605426453 0.7260668386 0.4711525628
-75.5354956688 0.0605431681 0.7260623646 0.4711483118
-75.5353343209 0.0605436982 0.7260578279 0.4711444959
-75.5351707239 0.0605442358 0.7260532285 0.4711411126
-75.5350048837 0.0605447807 0.7260485667 0.4711381604
-75.5348368057 0.0605453329 0.7260438425 0.4711356380
-75.5346664946 0.0605458925 0.7260390562 0.4711335432
-75.5344939543 0.0605464595 0.7260342076 0.4711318740
-75.5343191881 0.0605470337 0.7260292971 0.4711306291
-75.5341421987 0.0605476153 0.7260243245 0.4711298072
-75.5339629880 0.0605482042 0.7260192899 0.4711294061
-75.5337815572 0.0605488003 0.7260141934 0.4711294240
-75.5335979072 0.0605494038 0.7260090348 0.4711298600
-75.5334120377 0.0605500146 0.7260038143 0.4711307124
-75.5332239482 0.0605506326 0.7259985317 0.4711319790
-75.5330336373 0.0605512580 0.7259931870 0.4711336587
-75.5328411030 0.0605518907 0.7259877801 0.4711357502
-75.5326463427 0.0605525307 0.7259823108 0.4711382516
-75.5324493530 0.0605531780 0.7259767791 0.4711411611
-75.5322501300 0.0605538327 0.7259711848 0.4711444775
-75.5320486692 0.0605544947 0.7259655277 0.4711481994
-75.5318449653 0.0605551641 0.7259598076 0.4711523243
-75.5316390124 0.0605558410 0.7259540244 0.4711568510
-75.5314308041 0.0605565252 0.7259481777 0.4711617780
-75.5312203331 0.0605572169 0.7259422674 0.4711671033
-75.5310075917 0.0605579160 0.7259362932 0.4711728244
-75.5307925714 0.0605586226 0.7259302548 0.4711789401
-75.5305752633 0.0605593368 0.7259241519 0.4711854484
-75.5303556576 0.0605600585 0.7259179842 0.4711923464
-75.5301337440 0.0605607879 0.7259117513 0.4711996320
-75.5299095117 0.0605615248 0.7259054529 0.4712073032
-75.5296829490 0.0605622694 0.7258990885 0.4712153572
-75.5294540436 0.0605630217 0.7258926578 0.4712237907
-75.5292227830 0.0605637818 0.7258861605 0.4712326012
-75.5289891537 0.0605645497 0.7258795959 0.4712417856
-75.5287531416 0.0605653254 0.7258729637 0.4712513400
-75.5285147321 0.0605661090 0.7258662634 0.4712612605
-75.5282739100 0.0605669005 0.7258594945 0.4712715438
-75.5280306594 0.0605677001 0.7258526565 0.4712821852
-75.5277849640 0.0605685077 0.7258457489 0.4712931793
-75.5275368066 0.0605693233 0.7258387710 0.4713045215
-75.5272861698 0.0605701472 0.7258317224 0.4713162065
-75.5270330352 0.0605709793 0.7258246025 0.4713282276
-75.5267773841 0.0605718196 0.7258174106 0.4713405780
-75.5265191972 0.0605726683 0.7258101462 0.4713532511
-75.5262584545 0.0605735254 0.7258028086 0.4713662388
-75.5259951355 0.0605743910 0.7257953971 0.4713795319
-75.5257292193 0.0605752652 0.7257879111 0.4713931215
-75.5254606842 0.0605761479 0.7257803499 0.4714069977
-75.5251895082 0.0605770394 0.7257727127 0.4714211487
-75.5249156685 0.0605779396 0.7257649990 0.4714355621
-75.5246391420 0.0605788487 0.7257572078 0.4714502254
-75.5243599052 0.0605797667 0.7257493385 0.4714651236
-75.5240779337 0.0605806938 0.7257413903 0.4714802404
-75.5237932029 0.0605816299 0.7257333624 0.4714955591
-75.5235056879 0.0605825752 0.7257252541 0.4715110607
-75.5232153629 0.0605835297 0.7257170644 0.4715267239
-75.5229222020 0.0605844936 0.7257087926 0.4715425264
-75.5226261788 0.0605854669 0.7257004379 0.4715584439
-75.5223272664 0.0605864497 0.7256919994 0.4715744489
-75.5220254377 0.0605874421 0.7256834762 0.4715905116
-75.5217206652 0.0605884442 0.7256748674 0.4716066005
-75.5214129210 0.0605894562 0.7256661722 0.4716226798
-75.5211021768 0.0605904780 0.7256573897 0.4716387103
-75.5207884043 0.0605915097 0.7256485189 0.4716546504
-75.5204715748 0.0605925516 0.7256395591 0.4716704533
-75.5201516592 0.0605936036 0.7256305091 0.4716860676
-75.5198286286 0.0605946659 0.7256213682 0.4717014376
-75.5195024537 0.0605957385 0.7256121353 0.4717165017
-75.5191731049 0.0605968216 0.7256028096 0.4717311912
-75.5188405530 0.0605979153 0.7255933902 0.4717454315
-75.5185047682 0.0605990196 0.7255838759 0.4717591393
-75.5181657210 0.0606001347 0.7255742661 0.4717722216
-75.5178233816 0.0606012606 0.7255645595 0.4717845757
-75.5174777202 0.0606023975 0.7255547555 0.4717960860
-75.5171287070 0.0606035454 0.7255448529 0.4718066222
-75.5167763119 0.0606047045 0.7255348508 0.4718160373
-75.5164205046 0.0606058748 0.7255247482 0.4718241626
-75.5160612541 0.0606070565 0.7255145442 0.4718308046
-75.5156985286 0.0606082497 0.7255042378 0.4718357375
-75.5153322951 0.0606094544 0.7254938278 0.4718386953
-75.5149625183 0.0606106707 0.7254833132 0.4718393597
-75.5145891593 0.0606118989 0.7254726928 0.4718373435
-75.5142121744 0.0606131391 0.7254619651 0.4718321663
-75.5138315115 0.0606143914 0.7254511286 0.4718232195
-75.5134471057 0.0606156560 0.7254401812 0.4718097116
-75.5130588722 0.0606169333 0.7254291203 0.4717905852
-75.5126666941 0.0606182235 0.7254179424 0.4717643826
-75.5122704015 0.0606195274 0.7254066422 0.4717290210
-75.5118697353 0.0606208456 0.7253952121 0.4716814047
-75.5114642842 0.0606221797 0.7253836396 0.4716167350
-75.5110533856 0.0606235317 0.7253719047 0.4715273309
-75.5106361003 0.0606249047 0.7253599791 0.4714014146
-75.5102123809 0.0606262990 0.7253478603 0.4712293755
-75.5097902398 0.0606276881 0.7253357824 0.4710449275
-75.5094019490 0.0606289659 0.7253246780 0.4709182720
-75.5091943271 0.0606296491 0.7253187480 0.4708727317
-75.5093135634 0.0606292567 0.7253221636 0.4709019728
-75.5092817875 0.0606293612 0.7253212544 0.4708937979
-75.5092225750 0.0606295561 0.7253195580 0.4708783937
-75.5091572015 0.0606297712 0.7253176836 0.4708614110
-75.5090893447 0.0606299946 0.7253157365 0.4708438576
-75.5090196655 0.0606302239 0.7253137356 0.4708259608
-75.5089483069 0.0606304587 0.7253116851 0.4708078134
-75.5088753232 0.0606306989 0.7253095866 0.4707894788
-75.5088007528 0.0606309443 0.7253074412 0.4707710091
-75.5087246310 0.0606311949 0.7253052499 0.4707524485
-75.5086469922 0.0606314504 0.7253030138 0.4707338347
-75.5085678702 0.0606317108 0.7253007339 0.4707151990
-75.5084872982 0.0606319760 0.7252984111 0.4706965680
-75.5084053090 0.0606322458 0.7252960464 0.4706779632
-75.5083219350 0.0606325202 0.7252936408 0.4706594021
-75.5082372081 0.0606327991 0.7252911952 0.4706408986
-75.5081511598 0.0606330823 0.7252887105 0.4706224634
-75.5080638213 0.0606333698 0.7252861877 0.4706041047
-75.5079752233 0.0606336614 0.7252836276 0.4705858283
-75.5078853964 0.0606339571 0.7252810312 0.4705676382
-75.5077943708 0.0606342567 0.7252783993 0.4705495364
-75.5077021764 0.0606345602 0.7252757329 0.4705315243
-75.5076088429 0.0606348674 0.7252730327 0.4705136019
-75.5075143999 0.0606351782 0.7252702997 0.4704957682
-75.5074188765 0.0606354927 0.7252675348 0.4704780218
-75.5073223021 0.0606358106 0.7252647387 0.4704603608
-75.5072247055 0.0606361318 0.7252619124 0.4704427831
-75.5071261155 0.0606364564 0.7252590566 0.4704252861
-75.5070265609 0.0606367841 0.7252561722 0.4704078670
-75.5069260702 0.0606371149 0.7252532601 0.4703905232
-75.5068246718 0.0606374486 0.7252503211 0.4703732520
-75.5067223941 0.0606377853 0.7252473560 0.4703560503
-75.5066192653 0.0606381248 0.7252443657 0.4703389152
-75.5065153136 0.0606384670 0.7252413509 0.4703218440
-75.5064105670 0.0606388118 0.7252383125 0.4703048339
-75.5063050534 0.0606391592 0.7252352514 0.4702878817
-75.5061988007 0.0606395090 0.7252321682 0.4702709845
-75.5060918368 0.0606398611 0.7252290639 0.4702541398
-75.5059841893 0.0606402155 0.7252259393 0.4702373446
-75.5058758858 0.0606405720 0.7252227951 0.4702205955
-75.5057669540 0.0606409306 0.7252196322 0.4702038898
-75.5056574213 0.0606412912 0.7252164513 0.4701872248
-75.5055473152 0.0606416537 0.7252132533 0.4701705971
-75.5054366630 0.0606420180 0.7252100390 0.4701540036
-75.5053254922 0.0606423840 0.7252068092 0.4701374412
-75.5052138299 0.0606427516 0.7252035646 0.4701209071
-75.5051017035 0.0606431207 0.7252003061 0.4701043978
-75.5049891400 0.0606434913 0.7251970344 0.4700879099
-75.5048761668 0.0606438633 0.7251937504 0.4700714403
-75.5047628110 0.0606442365 0.7251904549 0.4700549860
-75.5046490995 0.0606446108 0.7251871486 0.4700385432
-75.5045350596 0.0606449863 0.7251838323 0.4700221085
-75.5044207184 0.0606453627 0.7251805068 0.4700056788
-75.5043061030 0.0606457401 0.7251771730 0.4699892507
-75.5041912403 0.0606461183 0.7251738316 0.4699728203
-75.5040761574 0.0606464972 0.7251704833 0.4699563843
-75.5039608817 0.0606468767 0.7251671290 0.4699399395
-75.5038454399 0.0606472568 0.7251637696 0.4699234822
-75.5037298594 0.0606476374 0.7251604056 0.4699070085
-75.5036141673 0.0606480183 0.7251570381 0.4698905152
-75.5034983907 0.0606483995 0.7251536677 0.4698739990
-75.5033825569 0.0606487809 0.7251502952 0.4698574558
-75.5032666932 0.0606491624 0.7251469215 0.4698408820
-75.5031508268 0.0606495439 0.7251435473 0.4698242745
-75.5030349851 0.0606499253 0.7251401735 0.4698076296
-75.5029191956 0.0606503066 0.7251368008 0.4697909433
-75.5028034857 0.0606506876 0.7251334301 0.4697742122
-75.5026878830 0.0606510682 0.7251300621 0.4697574332
-75.5025724152 0.0606514484 0.7251266977 0.4697406022
-75.5024571099 0.0606518281 0.7251233377 0.4697237155
-75.5023419950 0.0606522072 0.7251199828 0.4697067700
-75.5022270984 0.0606525855 0.7251166339 0.4696897623
-75.5021124481 0.0606529630 0.7251132919 0.4696726883
-75.5019980721 0.0606533397 0.7251099575 0.4696555447
-75.5018839987 0.0606537153 0.7251066315 0.4696383285
-75.5017702563 0.0606540898 0.7251033148 0.4696210361
-75.5016568732 0.0606544632 0.7251000083 0.4696036636
-75.5015438780 0.0606548353 0.7250967127 0.4695862081
-75.5014312996 0.0606552060 0.7250934290 0.4695686666
-75.5013191667 0.0606555753 0.7250901578 0.4695510354
-75.5012075083 0.0606559430 0.7250869002 0.4695333112
-75.5010963535 0.0606563090 0.7250836569 0.4695154914
-75.5009857317 0.0606566733 0.7250804288 0.4694975731
-75.5008756723 0.0606570357 0.7250772168 0.4694795527
-75.5007662048 0.0606573962 0.7250740217 0.4694614275
-75.5006573592 0.0606577547 0.7250708445 0.4694431954
-75.5005491654 0.0606581110 0.7250676859 0.4694248535
-75.5004416535 0.0606584650 0.7250645469 0.4694063988
-75.5003348538 0.0606588168 0.7250614284 0.4693878294
-75.5002287969 0.0606591660 0.7250583312 0.4693691436
-75.5001235134 0.0606595128 0.7250552562 0.4693503388
-75.5000190344 0.0606598568 0.7250522045 0.4693314131
-75.4999153908 0.0606601982 0.7250491768 0.4693123656
-75.4998126141 0.0606605366 0.7250461741 0.4692931950
-75.4997107357 0.0606608722 0.7250431974 0.4692738995
-75.4996097874 0.0606612046 0.7250402475 0.4692544789
-75.4995098012 0.0606615339 0.7250373254 0.4692349332
-75.4994108093 0.0606618599 0.7250344321 0.4692152620
-75.4993128441 0.0606621826 0.7250315684 0.4691954655
-75.4992159383 0.0606625018 0.7250287355 0.4691755450
-75.4991201247 0.0606628173 0.7250259342 0.4691555021
-75.4990254366 0.0606631292 0.7250231654 0.4691353383
-75.4989319072 0.0606634372 0.7250204303 0.4691150561
-75.4988395702 0.0606637413 0.7250177298 0.4690946593
-75.4987484594 0.0606640414 0.7250150648 0.4690741519
-75.4986586090 0.0606643373 0.7250124364 0.4690535381
-75.4985700532 0.0606646290 0.7250098456 0.4690328240
-75.4984828266 0.0606649163 0.7250072935 0.4690120168
-75.4983969642 0.0606651991 0.7250047810 0.4689911241
-75.4983125008 0.0606654773 0.7250023092 0.4689701545
-75.4982294719 0.0606657508 0.7249998791 0.4689491187
-75.4981479130 0.0606660194 0.7249974918 0.4689280289
-75.4980678597 0.0606662831 0.7249951483 0.4689068981
-75.4979893481 0.0606665417 0.7249928497 0.4688857409
-75.4979124143 0.0606667951 0.7249905971 0.4688645744
-75.4978370947 0.0606670432 0.7249883916 0.4688434180
-75.4977634257 0.0606672858 0.7249862341 0.4688222917
-75.4976914441 0.0606675229 0.7249841259 0.4688012183
-75.4976211866 0.0606677543 0.7249820680 0.4687802235
-75.4975526902 0.0606679799 0.7249800614 0.4687593353
-75.4974859918 0.0606681996 0.7249781074 0.4687385833
-75.4974211282 0.0606684133 0.7249762070 0.4687179999
-75.4973581364 0.0606686208 0.7249743612 0.4686976203
-75.4972970533 0.0606688220 0.7249725712 0.4686774827
-75.4972379155 0.0606690168 0.7249708380 0.4686576267
-75.4971807594 0.0606692050 0.7249691628 0.4686380939
-75.4971256208 0.0606693867 0.7249675466 0.4686189280
-75.4970725355 0.0606695615 0.7249659905 0.4686001752
-75.4970215386 0.0606697295 0.7249644955 0.4685818825
-75.4969726643 0.0606698905 0.7249630626 0.4685640969
-75.4969259460 0.0606700444 0.7249616928 0.4685468654
-75.4968814164 0.0606701911 0.7249603871 0.4685302352
-75.4968391070 0.0606703304 0.7249591464 0.4685142526
-75.4967990481 0.0606704624 0.7249579717 0.4684989626
-75.4967612685 0.0606705868 0.7249568637 0.4684844078
-75.4967257958 0.0606707037 0.7249558234 0.4684706277
-75.4966926559 0.0606708128 0.7249548514 0.4684576588
-75.4966618730 0.0606709142 0.7249539485 0.4684455347
-75.4966334697 0.0606710078 0.7249531153 0.4684342856
-75.4966074668 0.0606710935 0.7249523526 0.4684239385
-75.4965838834 0.0606711711 0.7249516608 0.4684145170
-75.4965627366 0.0606712408 0.7249510404 0.4684060413
-75.4965440419 0.0606713024 0.7249504920 0.4683985284
-75.4965278126 0.0606713559 0.7249500159 0.4683919924
-75.4965140606 0.0606714012 0.7249496125 0.4683864446
-75.4965027955 0.0606714383 0.7249492820 0.4683818942
-75.4964940256 0.0606714671 0.7249490247 0.4683783481
-75.4964877568 0.0606714878 0.7249488408 0.4683758117
-75.4964839938 0.0606715002 0.7249487304 0.4683742884
-75.4964827399 0.0606715043 0.7249486936 0.4683737875
-75.5093136791 0.0606292563 0.7253221652 0.4709018581
-75.5092820294 0.0606293605 0.7253212577 0.4708935581
-75.5092229454 0.0606295549 0.7253195630 0.4708780269
-75.5091577011 0.0606297696 0.7253176904 0.4708609169
-75.5090899745 0.0606299925 0.7253157450 0.4708432359
-75.5090204265 0.0606302214 0.7253137460 0.4708252114
-75.5089492005 0.0606304558 0.7253116974 0.4708069361
-75.5088763507 0.0606306956 0.7253096008 0.4707884734
-75.5088019159 0.0606309405 0.7253074573 0.4707698754
-75.5087259317 0.0606311906 0.7253052680 0.4707511862
-75.5086484325 0.0606314457 0.7253030340 0.4707324434
-75.5085694525 0.0606317056 0.7253007562 0.4707136785
-75.5084890249 0.0606319703 0.7252984356 0.4706949179
-75.5084071830 0.0606322397 0.7252960733 0.4706761832
-75.5083239592 0.0606325136 0.7252936700 0.4706574918
-75.5082393857 0.0606327920 0.7252912269 0.4706388575
-75.5081534942 0.0606330747 0.7252887448 0.4706202911
-75.5080663161 0.0606333616 0.7252862247 0.4706018007
-75.5079778823 0.0606336527 0.7252836674 0.4705833922
-75.5078882237 0.0606339478 0.7252810739 0.4705650694
-75.5077973707 0.0606342469 0.7252784451 0.4705468344
-75.5077053534 0.0606345498 0.7252757818 0.4705286885
-75.5076122017 0.0606348564 0.7252730850 0.4705106317
-75.5075179454 0.0606351667 0.7252703555 0.4704926631
-75.5074226140 0.0606354805 0.7252675942 0.4704747810
-75.5073262368 0.0606357977 0.7252648019 0.4704569837
-75.5072288431 0.0606361183 0.7252619795 0.4704392690
-75.5071304619 0.0606364421 0.7252591279 0.4704216343
-75.5070311221 0.0606367692 0.7252562478 0.4704040767
-75.5069308525 0.0606370992 0.7252533402 0.4703865937
-75.5068296818 0.0606374323 0.7252504059 0.4703691825
-75.5067276385 0.0606377682 0.7252474457 0.4703518399
-75.5066247510 0.0606381069 0.7252444605 0.4703345631
-75.5065210479 0.0606384483 0.7252414510 0.4703173493
-75.5064165573 0.0606387922 0.7252384182 0.4703001958
-75.5063113075 0.0606391387 0.7252353628 0.4702830992
-75.5062053265 0.0606394876 0.7252322856 0.4702660568
-75.5060986423 0.0606398388 0.7252291876 0.4702490658
-75.5059912830 0.0606401922 0.7252260694 0.4702321233
-75.5058832764 0.0606405478 0.7252229320 0.4702152260
-75.5057746503 0.0606409054 0.7252197761 0.4701983709
-75.5056654325 0.0606412650 0.7252166025 0.4701815555
-75.5055556507 0.0606416264 0.7252134121 0.4701647764
-75.5054453324 0.0606419896 0.7252102057 0.4701480303
-75.5053345052 0.0606423545 0.7252069840 0.4701313143
-75.5052231968 0.0606427209 0.7252037479 0.4701146254
-75.5051114346 0.0606430889 0.7252004981 0.4700979600
-75.5049992460 0.0606434582 0.7251972356 0.4700813149
-75.5048866585 0.0606438289 0.7251939610 0.4700646869
-75.5047736995 0.0606442008 0.7251906752 0.4700480730
-75.5046603963 0.0606445738 0.7251873790 0.4700314692
-75.5045467763 0.0606449479 0.7251840731 0.4700148723
-75.5044328669 0.0606453229 0.7251807584 0.4699982792
-75.5043186954 0.0606456988 0.7251774357 0.4699816863
-75.5042042892 0.0606460755 0.7251741058 0.4699650898
-75.5040896755 0.0606464529 0.7251707695 0.4699484863
-75.5039748819 0.0606468308 0.7251674275 0.4699318728
-75.5038599355 0.0606472093 0.7251640807 0.4699152453
-75.5037448639 0.0606475882 0.7251607299 0.4698986001
-75.5036296945 0.0606479674 0.7251573758 0.4698819339
-75.5035144548 0.0606483468 0.7251540193 0.4698652433
-75.5033991722 0.0606487264 0.7251506612 0.4698485244
-75.5032838742 0.0606491060 0.7251473023 0.4698317734
-75.5031685886 0.0606494856 0.7251439434 0.4698149873
-75.5030533429 0.0606498651 0.7251405853 0.4697981624
-75.5029381649 0.0606502443 0.7251372287 0.4697812946
-75.5028230823 0.0606506233 0.7251338746 0.4697643806
-75.5027081230 0.0606510018 0.7251305238 0.4697474173
-75.5025933150 0.0606513799 0.7251271770 0.4697304006
-75.5024786861 0.0606517573 0.7251238350 0.4697133267
-75.5023642647 0.0606521341 0.7251204988 0.4696961927
-75.5022500788 0.0606525101 0.7251171690 0.4696789950
-75.5021361567 0.0606528852 0.7251138466 0.4696617297
-75.5020225270 0.0606532594 0.7251105324 0.4696443935
-75.5019092180 0.0606536325 0.7251072272 0.4696269833
-75.5017962585 0.0606540045 0.7251039319 0.4696094956
-75.5016836772 0.0606543752 0.7251006472 0.4695919266
-75.5015715030 0.0606547446 0.7250973740 0.4695742733
-75.5014597650 0.0606551125 0.7250941133 0.4695565330
-75.5013484923 0.0606554790 0.7250908658 0.4695387018
-75.5012377141 0.0606558438 0.7250876324 0.4695207766
-75.5011274601 0.0606562069 0.7250844139 0.4695027548
-75.5010177597 0.0606565681 0.7250812113 0.4694846335
-75.5009086429 0.0606569274 0.7250780253 0.4694664094
-75.5008001394 0.0606572848 0.7250748570 0.4694480799
-75.5006922795 0.0606576400 0.7250717071 0.4694296428
-75.5005850935 0.0606579930 0.7250685766 0.4694110954
-75.5004786118 0.0606583436 0.7250654663 0.4693924349
-75.5003728651 0.0606586919 0.7250623772 0.4693736597
-75.5002678842 0.0606590376 0.7250593101 0.4693547680
-75.5001637003 0.0606593807 0.7250562659 0.4693357575
-75.5000603445 0.0606597211 0.7250532457 0.4693166265
-75.4999578483 0.0606600586 0.7250502503 0.4692973745
-75.4998562434 0.0606603933 0.7250472806 0.4692780002
-75.4997555617 0.0606607249 0.7250443375 0.4692585024
-75.4996558352 0.0606610533 0.7250414221 0.4692388810
-75.4995570963 0.0606613785 0.7250385353 0.4692191364
-75.4994593776 0.0606617003 0.7250356780 0.4691992688
-75.4993627117 0.0606620187 0.7250328512 0.4691792786
-75.4992671318 0.0606623335 0.7250300558 0.4691591677
-75.4991726710 0.0606626446 0.7250272929 0.4691389384
-75.4990793629 0.0606629519 0.7250245634 0.4691185925
-75.4989872410 0.0606632553 0.7250218684 0.4690981334
-75.4988963395 0.0606635547 0.7250192087 0.4690775656
-75.4988066926 0.0606638499 0.7250165855 0.4690568939
-75.4987183345 0.0606641410 0.7250139998 0.4690361234
-75.4986312999 0.0606644276 0.7250114525 0.4690152612
-75.4985456240 0.0606647098 0.7250089447 0.4689943155
-75.4984613416 0.0606649874 0.7250064775 0.4689732953
-75.4983784883 0.0606652603 0.7250040519 0.4689522102
-75.4982970996 0.0606655284 0.7250016689 0.4689310724
-75.4982172114 0.0606657915 0.7249993296 0.4689098958
-75.4981388597 0.0606660496 0.7249970350 0.4688886948
-75.4980620806 0.0606663025 0.7249947863 0.4688674859
-75.4979869107 0.0606665501 0.7249925845 0.4688462882
-75.4979133865 0.0606667922 0.7249904307 0.4688251229
-75.4978415448 0.0606670289 0.7249883260 0.4688040124
-75.4977714223 0.0606672598 0.7249862715 0.4687829816
-75.4977030561 0.0606674850 0.7249842683 0.4687620585
-75.4976364831 0.0606677043 0.7249823174 0.4687412737
-75.4975717404 0.0606679176 0.7249804199 0.4687206593
-75.4975088648 0.0606681247 0.7249785771 0.4687002500
-75.4974478932 0.0606683255 0.7249767899 0.4686800834
-75.4973888624 0.0606685199 0.7249750594 0.4686602000
-75.4973318088 0.0606687079 0.7249733868 0.4686406417
-75.4972767683 0.0606688892 0.7249717730 0.4686214519
-75.4972237766 0.0606690637 0.7249702192 0.4686026759
-75.4971728688 0.0606692314 0.7249687264 0.4685843606
-75.4971240793 0.0606693921 0.7249672957 0.4685665538
-75.4970774416 0.0606695457 0.7249659279 0.4685493031
-75.4970329882 0.0606696922 0.7249646241 0.4685326550
-75.4969907507 0.0606698313 0.7249633852 0.4685166554
-75.4969507594 0.0606699630 0.7249622122 0.4685013487
-75.4969130432 0.0606700873 0.7249611058 0.4684867779
-75.4968776297 0.0606702039 0.7249600669 0.4684729829
-75.4968445448 0.0606703129 0.7249590963 0.4684600008
-75.4968138128 0.0606704141 0.7249581947 0.4684478650
-75.4967854563 0.0606705075 0.7249573627 0.4684366055
-75.4967594961 0.0606705931 0.7249566010 0.4684262489
-75.4967359512 0.0606706706 0.7249559102 0.4684168184
-75.4967148389 0.0606707402 0.7249552907 0.4684083343
-75.4966961744 0.0606708016 0.7249547430 0.4684008137
-75.4966799713 0.0606708550 0.7249542675 0.4683942707
-75.4966662414 0.0606709002 0.7249538646 0.4683887169
-75.4966549945 0.0606709373 0.7249535346 0.4683841616
-75.4966462385 0.0606709661 0.7249532777 0.4683806117
-75.4966399799 0.0606709868 0.7249530940 0.4683780725
-75.4966362229 0.0606709991 0.7249529837 0.4683765476
-75.4966349710 0.0606710033 0.7249529470 0.4683760461
-75.5093136791 0.0606292563 0.7253221652 0.4709018581
-75.5092820294 0.0606293605 0.7253212577 0.4708935581
-75.5092229454 0.0606295549 0.7253195630 0.4708780269
-75.5091577011 0.0606297696 0.7253176904 0.4708609169
-75.5090899745 0.0606299925 0.7253157450 0.4708432359
-75.5090204265 0.0606302214 0.7253137460 0.4708252114
-75.5089492005 0.0606304558 0.7253116974 0.4708069361
-75.5088763507 0.0606306956 0.7253096008 0.4707884734
-75.5088019159 0.0606309405 0.7253074573 0.4707698754
-75.5087259317 0.0606311906 0.7253052680 0.4707511862
-75.5086484325 0.0606314457 0.7253030340 0.4707324434
-75.5085694524 0.0606317056 0.7253007562 0.4707136785
-75.5084890249 0.0606319703 0.7252984356 0.4706949179
-75.5084071830 0.0606322397 0.7252960733 0.4706761832
-75.5083239592 0.0606325136 0.7252936700 0.4706574918
-75.5082393857 0.0606327920 0.7252912269 0.4706388575
-75.5081534942 0.0606330747 0.7252887448 0.4706202911
-75.5080663160 0.0606333616 0.7252862247 0.4706018007
-75.5079778823 0.0606336527 0.7252836674 0.4705833922
-75.5078882237 0.0606339478 0.7252810739 0.4705650694
-75.5077973707 0.0606342469 0.7252784451 0.4705468344
-75.5077053533 0.0606345498 0.7252757818 0.4705286885
-75.5076122017 0.0606348564 0.7252730850 0.4705106317
-75.5075179454 0.0606351667 0.7252703555 0.4704926631
-75.5074226140 0.0606354805 0.7252675942 0.4704747810
-75.5073262368 0.0606357977 0.7252648019 0.4704569837
-75.5072288431 0.0606361183 0.7252619795 0.4704392690
-75.5071304619 0.0606364421 0.7252591279 0.4704216343
-75.5070311221 0.0606367692 0.7252562478 0.4704040767
-75.5069308525 0.0606370992 0.7252533402 0.4703865937
-75.5068296817 0.0606374323 0.7252504059 0.4703691825
-75.5067276384 0.0606377682 0.7252474457 0.4703518399
-75.5066247510 0.0606381069 0.7252444605 0.4703345631
-75.5065210479 0.0606384483 0.7252414510 0.4703173493
-75.5064165573 0.0606387922 0.7252384182 0.4703001958
-75.5063113075 0.0606391387 0.7252353628 0.4702830992
-75.5062053264 0.0606394876 0.7252322856 0.4702660568
-75.5060986423 0.0606398388 0.7252291876 0.4702490658
-75.5059912830 0.0606401922 0.7252260694 0.4702321233
-75.5058832764 0.0606405478 0.7252229320 0.4702152260
-75.5057746503 0.0606409054 0.7252197761 0.4701983709
-75.5056654325 0.0606412650 0.7252166025 0.4701815555
-75.5055556506 0.0606416264 0.7252134121 0.4701647764
-75.5054453323 0.0606419896 0.7252102057 0.4701480303
-75.5053345052 0.0606423545 0.7252069840 0.4701313143
-75.5052231968 0.0606427209 0.7252037479 0.4701146254
-75.5051114346 0.0606430889 0.7252004981 0.4700979600
-75.5049992460 0.0606434582 0.7251972356 0.4700813149
-75.5048866585 0.0606438289 0.7251939610 0.4700646869
-75.5047736995 0.0606442008 0.7251906752 0.4700480730
-75.5046603963 0.0606445738 0.7251873790 0.4700314692
-75.5045467763 0.0606449479 0.7251840731 0.4700148723
-75.5044328669 0.0606453229 0.7251807584 0.4699982792
-75.5043186954 0.0606456988 0.7251774357 0.4699816863
-75.5042042891 0.0606460755 0.7251741058 0.4699650898
-75.5040896755 0.0606464529 0.7251707695 0.4699484863
-75.5039748818 0.0606468308 0.7251674275 0.4699318728
-75.5038599355 0.0606472093 0.7251640807 0.4699152453
-75.5037448639 0.0606475882 0.7251607299 0.4698986001
-75.5036296945 0.0606479674 0.7251573758 0.4698819339
-75.5035144548 0.0606483468 0.7251540193 0.4698652433
-75.5033991722 0.0606487264 0.7251506612 0.4698485244
-75.5032838742 0.0606491060 0.7251473023 0.4698317734
-75.5031685886 0.0606494856 0.7251439434 0.4698149873
-75.5030533429 0.0606498651 0.7251405853 0.4697981624
-75.5029381649 0.0606502444 0.7251372287 0.4697812946
-75.5028230823 0.0606506233 0.7251338746 0.4697643806
-75.5027081230 0.0606510018 0.7251305238 0.4697474173
-75.5025933149 0.0606513799 0.7251271770 0.4697304006
-75.5024786861 0.0606517573 0.7251238350 0.4697133267
-75.5023642646 0.0606521341 0.7251204988 0.4696961927
-75.5022500787 0.0606525101 0.7251171690 0.4696789950
-75.5021361567 0.0606528852 0.7251138466 0.4696617297
-75.5020225269 0.0606532594 0.7251105324 0.4696443935
-75.5019092180 0.0606536325 0.7251072272 0.4696269833
-75.5017962585 0.0606540045 0.7251039319 0.4696094956
-75.5016836772 0.0606543752 0.7251006472 0.4695919266
-75.5015715030 0.0606547446 0.7250973740 0.4695742733
-75.5014597650 0.0606551125 0.7250941133 0.4695565330
-75.5013484922 0.0606554790 0.7250908658 0.4695387018
-75.5012377141 0.0606558438 0.7250876324 0.4695207766
-75.5011274600 0.0606562069 0.7250844139 0.4695027548
-75.5010177597 0.0606565681 0.7250812113 0.4694846335
-75.5009086428 0.0606569274 0.7250780253 0.4694664094
-75.5008001394 0.0606572848 0.7250748570 0.4694480799
-75.5006922795 0.0606576400 0.7250717071 0.4694296428
-75.5005850935 0.0606579930 0.7250685766 0.4694110954
-75.5004786118 0.0606583436 0.7250654663 0.4693924349
-75.5003728650 0.0606586919 0.7250623772 0.4693736597
-75.5002678842 0.0606590376 0.7250593101 0.4693547680
-75.5001637002 0.0606593807 0.7250562659 0.4693357575
-75.5000603444 0.0606597211 0.7250532457 0.4693166265
-75.4999578482 0.0606600586 0.7250502503 0.4692973745
-75.4998562434 0.0606603933 0.7250472806 0.4692780002
-75.4997555616 0.0606607249 0.7250443375 0.4692585024
-75.4996558351 0.0606610533 0.7250414221 0.4692388810
-75.4995570963 0.0606613785 0.7250385353 0.4692191364
-75.4994593775 0.0606617003 0.7250356780 0.4691992688
-75.4993627117 0.0606620187 0.7250328512 0.4691792786
-75.4992671317 0.0606623335 0.7250300558 0.4691591677
-75.4991726710 0.0606626446 0.7250272929 0.4691389384
-75.4990793628 0.0606629519 0.7250245634 0.4691185925
-75.4989872410 0.0606632553 0.7250218684 0.4690981334
-75.4988963395 0.0606635547 0.7250192087 0.4690775656
-75.4988066925 0.0606638499 0.7250165855 0.4690568939
-75.4987183344 0.0606641410 0.7250139998 0.4690361234
-75.4986312999 0.0606644276 0.7250114525 0.4690152612
-75.4985456239 0.0606647098 0.7250089447 0.4689943155
-75.4984613416 0.0606649874 0.7250064775 0.4689732953
-75.4983784883 0.0606652603 0.7250040519 0.4689522102
-75.4982970996 0.0606655284 0.7250016689 0.4689310724
-75.4982172113 0.0606657915 0.7249993296 0.4689098958
-75.4981388596 0.0606660496 0.7249970350 0.4688886948
-75.4980620806 0.0606663025 0.7249947863 0.4688674859
-75.4979869106 0.0606665501 0.7249925845 0.4688462882
-75.4979133865 0.0606667922 0.7249904307 0.4688251229
-75.4978415448 0.0606670289 0.7249883260 0.4688040124
-75.4977714223 0.0606672598 0.7249862715 0.4687829816
-75.4977030560 0.0606674850 0.7249842683 0.4687620585
-75.4976364831 0.0606677043 0.7249823174 0.4687412737
-75.4975717403 0.0606679176 0.7249804199 0.4687206593
-75.4975088647 0.0606681247 0.7249785771 0.4687002500
-75.4974478932 0.0606683255 0.7249767899 0.4686800834
-75.4973888624 0.0606685199 0.7249750594 0.4686602000
-75.4973318087 0.0606687079 0.7249733868 0.4686406417
-75.4972767682 0.0606688892 0.7249717730 0.4686214519
-75.4972237766 0.0606690637 0.7249702192 0.4686026759
-75.4971728688 0.0606692314 0.7249687264 0.4685843606
-75.4971240792 0.0606693921 0.7249672957 0.4685665538
-75.4970774415 0.0606695457 0.7249659279 0.4685493031
-75.4970329882 0.0606696922 0.7249646241 0.4685326550
-75.4969907507 0.0606698313 0.7249633852 0.4685166554
-75.4969507594 0.0606699630 0.7249622122 0.4685013487
-75.4969130432 0.0606700873 0.7249611058 0.4684867779
-75.4968776296 0.0606702039 0.7249600669 0.4684729829
-75.4968445448 0.0606703129 0.7249590963 0.4684600008
-75.4968138128 0.0606704141 0.7249581946 0.4684478650
-75.4967854563 0.0606705075 0.7249573627 0.4684366055
-75.4967594961 0.0606705931 0.7249566010 0.4684262489
-75.4967359512 0.0606706706 0.7249559101 0.4684168184
-75.4967148388 0.0606707402 0.7249552907 0.4684083343
-75.4966961743 0.0606708016 0.7249547430 0.4684008137
-75.4966799713 0.0606708550 0.7249542675 0.4683942707
-75.4966662414 0.0606709002 0.7249538646 0.4683887169
-75.4966549944 0.0606709373 0.7249535346 0.4683841616
-75.4966462385 0.0606709661 0.7249532777 0.4683806117
-75.4966399798 0.0606709868 0.7249530940 0.4683780725
-75.4966362228 0.0606709991 0.7249529837 0.4683765476
-75.4966349709 0.0606710033 0.7249529470 0.4683760461
-75.5093136791 0.0606292563 0.7253221652 0.4709018581
-75.5092820294 0.0606293605 0.7253212577 0.4708935581
-75.5092229454 0.0606295549 0.7253195630 0.4708780269
-75.5091577011 0.0606297696 0.7253176904 0.4708609169
-75.5090899745 0.0606299925 0.7253157450 0.4708432359
-75.5090204265 0.0606302214 0.7253137460 0.4708252114
-75.5089492004 0.0606304558 0.7253116974 0.4708069361
-75.5088763507 0.0606306956 0.7253096008 0.4707884734
-75.5088019159 0.0606309405 0.7253074573 0.4707698754
-75.5087259317 0.0606311906 0.7253052680 0.4707511862
-75.5086484325 0.0606314457 0.7253030340 0.4707324434
-75.5085694524 0.0606317056 0.7253007562 0.4707136785
-75.5084890249 0.0606319703 0.7252984356 0.4706949179
-75.5084071830 0.0606322397 0.7252960733 0.4706761832
-75.5083239592 0.0606325136 0.7252936700 0.4706574918
-75.5082393857 0.0606327920 0.7252912269 0.4706388575
-75.5081534942 0.0606330747 0.7252887448 0.4706202911
-75.5080663160 0.0606333616 0.7252862247 0.4706018007
-75.5079778823 0.0606336527 0.7252836674 0.4705833922
-75.5078882237 0.0606339478 0.7252810739 0.4705650694
-75.5077973707 0.0606342469 0.7252784451 0.4705468344
-75.5077053533 0.0606345498 0.7252757818 0.4705286885
-75.5076122017 0.0606348564 0.7252730850 0.4705106317
-75.5075179454 0.0606351667 0.7252703555 0.4704926631
-75.5074226140 0.0606354805 0.7252675942 0.4704747810
-75.5073262368 0.0606357977 0.7252648019 0.4704569837
-75.5072288431 0.0606361183 0.7252619795 0.4704392690
-75.5071304619 0.0606364421 0.7252591279 0.4704216343
-75.5070311221 0.0606367692 0.7252562478 0.4704040767
-75.5069308525 0.0606370992 0.7252533402 0.4703865937
-75.5068296817 0.0606374323 0.7252504059 0.4703691825
-75.5067276384 0.0606377682 0.7252474457 0.4703518399
-75.5066247510 0.0606381069 0.7252444605 0.4703345631
-75.5065210479 0.0606384483 0.7252414510 0.4703173493
-75.5064165573 0.0606387922 0.7252384182 0.4703001958
-75.5063113074 0.0606391387 0.7252353628 0.4702830992
-75.5062053264 0.0606394876 0.7252322856 0.4702660568
-75.5060986423 0.0606398388 0.7252291876 0.4702490658
-75.5059912830 0.0606401922 0.7252260694 0.4702321233
-75.5058832764 0.0606405478 0.7252229320 0.4702152260
-75.5057746503 0.0606409054 0.7252197761 0.4701983709
-75.5056654325 0.0606412650 0.7252166025 0.4701815555
-75.5055556506 0.0606416264 0.7252134121 0.4701647764
-75.5054453323 0.0606419896 0.7252102057 0.4701480303
-75.5053345052 0.0606423545 0.7252069840 0.4701313143
-75.5052231968 0.0606427209 0.7252037479 0.4701146254
-75.5051114346 0.0606430889 0.7252004981 0.4700979600
-75.5049992460 0.0606434582 0.7251972356 0.4700813149
-75.5048866584 0.0606438289 0.7251939610 0.4700646869
-75.5047736994 0.0606442008 0.7251906752 0.4700480730
-75.5046603962 0.0606445738 0.7251873789 0.4700314692
-75.5045467763 0.0606449479 0.7251840731 0.4700148723
-75.5044328669 0.0606453229 0.7251807584 0.4699982792
-75.5043186954 0.0606456988 0.7251774357 0.4699816863
-75.5042042891 0.0606460755 0.7251741058 0.4699650898
-75.5040896755 0.0606464529 0.7251707695 0.4699484863
-75.5039748818 0.0606468308 0.7251674275 0.4699318728
-75.5038599355 0.0606472093 0.7251640807 0.4699152453
-75.5037448639 0.0606475882 0.7251607299 0.4698986001
-75.5036296945 0.0606479674 0.7251573758 0.4698819339
-75.5035144547 0.0606483468 0.7251540193 0.4698652433
-75.5033991721 0.0606487264 0.7251506612 0.4698485244
-75.5032838742 0.0606491060 0.7251473023 0.4698317734
-75.5031685885 0.0606494856 0.7251439434 0.4698149873
-75.5030533429 0.0606498651 0.7251405853 0.4697981624
-75.5029381648 0.0606502444 0.7251372287 0.4697812946
-75.5028230822 0.0606506233 0.7251338746 0.4697643806
-75.5027081229 0.0606510018 0.7251305238 0.4697474173
-75.5025933149 0.0606513799 0.7251271770 0.4697304006
-75.5024786860 0.0606517573 0.7251238350 0.4697133267
-75.5023642646 0.0606521341 0.7251204988 0.4696961927
-75.5022500787 0.0606525101 0.7251171690 0.4696789950
-75.5021361567 0.0606528852 0.7251138466 0.4696617297
-75.5020225269 0.0606532594 0.7251105324 0.4696443935
-75.5019092180 0.0606536325 0.7251072272 0.4696269833
-75.5017962585 0.0606540045 0.7251039319 0.4696094956
-75.5016836772 0.0606543752 0.7251006472 0.4695919266
-75.5015715030 0.0606547446 0.7250973740 0.4695742733
-75.5014597649 0.0606551125 0.7250941133 0.4695565330
-75.5013484922 0.0606554790 0.7250908658 0.4695387018
-75.5012377140 0.0606558438 0.7250876324 0.4695207766
-75.5011274600 0.0606562069 0.7250844139 0.4695027548
-75.5010177596 0.0606565681 0.7250812113 0.4694846335
-75.5009086428 0.0606569274 0.7250780253 0.4694664094
-75.5008001393 0.0606572848 0.7250748570 0.4694480799
-75.5006922795 0.0606576400 0.7250717071 0.4694296428
-75.5005850934 0.0606579930 0.7250685766 0.4694110954
-75.5004786117 0.0606583436 0.7250654663 0.4693924349
-75.5003728650 0.0606586919 0.7250623772 0.4693736597
-75.5002678842 0.0606590376 0.7250593101 0.4693547680
-75.5001637002 0.0606593807 0.7250562659 0.4693357575
-75.5000603444 0.0606597211 0.7250532457 0.4693166265
-75.4999578482 0.0606600586 0.7250502503 0.4692973745
-75.4998562433 0.0606603933 0.7250472806 0.4692780002
-75.4997555616 0.0606607249 0.7250443375 0.4692585024
-75.4996558351 0.0606610533 0.7250414221 0.4692388810
-75.4995570962 0.0606613785 0.7250385353 0.4692191364
-75.4994593775 0.0606617003 0.7250356780 0.4691992688
-75.4993627116 0.0606620187 0.7250328512 0.4691792786
-75.4992671317 0.0606623335 0.7250300558 0.4691591677
-75.4991726709 0.0606626446 0.7250272929 0.4691389384
-75.4990793628 0.0606629519 0.7250245634 0.4691185925
-75.4989872410 0.0606632553 0.7250218684 0.4690981334
-75.4988963395 0.0606635547 0.7250192087 0.4690775656
-75.4988066925 0.0606638499 0.7250165855 0.4690568939
-75.4987183344 0.0606641410 0.7250139998 0.4690361234
-75.4986312998 0.0606644276 0.7250114525 0.4690152612
-75.4985456239 0.0606647098 0.7250089447 0.4689943155
-75.4984613415 0.0606649874 0.7250064775 0.4689732953
-75.4983784882 0.0606652603 0.7250040519 0.4689522102
-75.4982970995 0.0606655284 0.7250016689 0.4689310724
-75.4982172113 0.0606657915 0.7249993296 0.4689098958
-75.4981388596 0.0606660496 0.7249970350 0.4688886948
-75.4980620805 0.0606663025 0.7249947863 0.4688674859
-75.4979869106 0.0606665501 0.7249925845 0.4688462882
-75.4979133864 0.0606667922 0.7249904307 0.4688251229
-75.4978415447 0.0606670289 0.7249883260 0.4688040124
-75.4977714222 0.0606672598 0.7249862715 0.4687829816
-75.4977030560 0.0606674850 0.7249842683 0.4687620585
-75.4976364830 0.0606677043 0.7249823174 0.4687412737
-75.4975717403 0.0606679176 0.7249804199 0.4687206593
-75.4975088647 0.0606681247 0.7249785771 0.4687002500
-75.4974478931 0.0606683255 0.7249767899 0.4686800834
-75.4973888623 0.0606685199 0.7249750594 0.4686602000
-75.4973318087 0.0606687079 0.7249733868 0.4686406417
-75.4972767682 0.0606688892 0.7249717730 0.4686214519
-75.4972237765 0.0606690637 0.7249702192 0.4686026759
-75.4971728687 0.0606692314 0.7249687264 0.4685843606
-75.4971240792 0.0606693921 0.7249672957 0.4685665538
-75.4970774415 0.0606695457 0.7249659279 0.4685493031
-75.4970329881 0.0606696922 0.7249646241 0.4685326550
-75.4969907507 0.0606698313 0.7249633852 0.4685166554
-75.4969507593 0.0606699630 0.7249622122 0.4685013487
-75.4969130431 0.0606700873 0.7249611058 0.4684867779
-75.4968776296 0.0606702039 0.7249600669 0.4684729829
-75.4968445447 0.0606703129 0.7249590963 0.4684600008
-75.4968138127 0.0606704141 0.7249581946 0.4684478650
-75.4967854562 0.0606705075 0.7249573627 0.4684366055
-75.4967594960 0.0606705931 0.7249566010 0.4684262489
-75.4967359511 0.0606706706 0.7249559101 0.4684168184
-75.4967148388 0.0606707402 0.7249552907 0.4684083343
-75.4966961743 0.0606708016 0.7249547430 0.4684008137
-75.4966799713 0.0606708550 0.7249542675 0.4683942707
-75.4966662413 0.0606709002 0.7249538646 0.4683887169
-75.4966549944 0.0606709373 0.7249535346 0.4683841616
-75.4966462384 0.0606709661 0.7249532776 0.4683806117
-75.4966399798 0.0606709868 0.7249530940 0.4683780725
-75.4966362228 0.0606709991 0.7249529837 0.4683765476
-75.4966349709 0.0606710033 0.7249529470 0.4683760461
-75.5093136791 0.0606292563 0.7253221652 0.4709018581
-75.5092820294 0.0606293605 0.7253212577 0.4708935581
-75.5092229454 0.0606295549 0.7253195630 0.4708780269
-75.5091577011 0.0606297696 0.7253176904 0.4708609169
-75.5090899745 0.0606299925 0.7253157450 0.4708432359
-75.5090204265 0.0606302214 0.7253137460 0.4708252114
-75.5089492004 0.0606304558 0.7253116974 0.4708069361
-75.5088763507 0.0606306956 0.7253096008 0.4707884734
-75.5088019159 0.0606309405 0.7253074573 0.4707698754
-75.5087259317 0.0606311906 0.7253052680 0.4707511862
-75.5086484325 0.0606314457 0.7253030340 0.4707324434
-75.5085694524 0.0606317056 0.7253007562 0.4707136785
-75.5084890249 0.0606319703 0.7252984356 0.4706949179
-75.5084071830 0.0606322397 0.7252960733 0.4706761832
-75.5083239592 0.0606325136 0.7252936700 0.4706574918
-75.5082393857 0.0606327920 0.7252912269 0.4706388575
-75.5081534942 0.0606330747 0.7252887448 0.4706202911
-75.5080663160 0.0606333616 0.7252862247 0.4706018007
-75.5079778823 0.0606336527 0.7252836674 0.4705833922
-75.5078882237 0.0606339478 0.7252810739 0.4705650694
-75.5077973707 0.0606342469 0.7252784451 0.4705468344
-75.5077053533 0.0606345498 0.7252757818 0.4705286885
-75.5076122017 0.0606348564 0.7252730850 0.4705106317
-75.5075179454 0.0606351667 0.7252703555 0.4704926630
-75.5074226140 0.0606354805 0.7252675942 0.4704747810
-75.5073262368 0.0606357977 0.7252648019 0.4704569837
-75.5072288431 0.0606361183 0.7252619795 0.4704392690
-75.5071304619 0.0606364421 0.7252591279 0.4704216343
-75.5070311221 0.0606367692 0.7252562478 0.4704040767
-75.5069308525 0.0606370992 0.7252533402 0.4703865937
-75.5068296817 0.0606374323 0.7252504059 0.4703691825
-75.5067276384 0.0606377682 0.7252474457 0.4703518399
-75.5066247510 0.0606381069 0.7252444605 0.4703345631
-75.5065210479 0.0606384483 0.7252414510 0.4703173493
-75.5064165573 0.0606387922 0.7252384182 0.4703001958
-75.5063113074 0.0606391387 0.7252353628 0.4702830992
-75.5062053264 0.0606394876 0.7252322856 0.4702660568
-75.5060986423 0.0606398388 0.7252291876 0.4702490658
-75.5059912830 0.0606401922 0.7252260694 0.4702321233
-75.5058832764 0.0606405478 0.7252229320 0.4702152260
-75.5057746503 0.0606409054 0.7252197761 0.4701983709
-75.5056654325 0.0606412650 0.7252166025 0.4701815555
-75.5055556506 0.0606416264 0.7252134121 0.4701647764
-75.5054453323 0.0606419896 0.7252102057 0.4701480303
-75.5053345052 0.0606423545 0.7252069840 0.4701313143
-75.5052231968 0.0606427209 0.7252037479 0.4701146254
-75.5051114346 0.0606430889 0.7252004981 0.4700979600
-75.5049992460 0.0606434582 0.7251972356 0.4700813149
-75.5048866584 0.0606438289 0.7251939610 0.4700646869
-75.5047736994 0.0606442008 0.7251906752 0.4700480730
-75.5046603962 0.0606445738 0.7251873789 0.4700314692
-75.5045467763 0.0606449479 0.7251840731 0.4700148723
-75.5044328668 0.0606453229 0.7251807584 0.4699982792
-75.5043186954 0.0606456988 0.7251774357 0.4699816863
-75.5042042891 0.0606460755 0.7251741058 0.4699650898
-75.5040896754 0.0606464529 0.7251707695 0.4699484863
-75.5039748818 0.0606468308 0.7251674275 0.4699318728
-75.5038599355 0.0606472093 0.7251640807 0.4699152453
-75.5037448639 0.0606475882 0.7251607299 0.4698986001
-75.5036296945 0.0606479674 0.7251573758 0.4698819339
-75.5035144547 0.0606483468 0.7251540193 0.4698652433
-75.5033991721 0.0606487264 0.7251506612 0.4698485244
-75.5032838742 0.0606491060 0.7251473023 0.4698317734
-75.5031685885 0.0606494856 0.7251439434 0.4698149873
-75.5030533429 0.0606498651 0.7251405853 0.4697981624
-75.5029381648 0.0606502444 0.7251372287 0.4697812946
-75.5028230822 0.0606506233 0.7251338746 0.4697643806
-75.5027081229 0.0606510018 0.7251305238 0.4697474173
-75.5025933149 0.0606513799 0.7251271770 0.4697304006
-75.5024786860 0.0606517573 0.7251238350 0.4697133267
-75.5023642646 0.0606521341 0.7251204988 0.4696961927
-75.5022500787 0.0606525101 0.7251171690 0.4696789950
-75.5021361567 0.0606528852 0.7251138466 0.4696617298
-75.5020225269 0.0606532594 0.7251105324 0.4696443935
-75.5019092179 0.0606536325 0.7251072272 0.4696269833
-75.5017962585 0.0606540045 0.7251039319 0.4696094956
-75.5016836772 0.0606543752 0.7251006472 0.4695919266
-75.5015715030 0.0606547446 0.7250973740 0.4695742734
-75.5014597649 0.0606551125 0.7250941133 0.4695565330
-75.5013484922 0.0606554790 0.7250908658 0.4695387018
-75.5012377140 0.0606558438 0.7250876324 0.4695207766
-75.5011274600 0.0606562069 0.7250844139 0.4695027548
-75.5010177596 0.0606565681 0.7250812113 0.4694846335
-75.5009086428 0.0606569274 0.7250780253 0.4694664094
-75.5008001393 0.0606572848 0.7250748570 0.4694480799
-75.5006922794 0.0606576400 0.7250717071 0.4694296428
-75.5005850934 0.0606579930 0.7250685766 0.4694110954
-75.5004786117 0.0606583436 0.7250654663 0.4693924349
-75.5003728650 0.0606586919 0.7250623772 0.4693736597
-75.5002678841 0.0606590376 0.7250593101 0.4693547680
-75.5001637002 0.0606593807 0.7250562659 0.4693357575
-75.5000603444 0.0606597211 0.7250532457 0.4693166266
-75.4999578482 0.0606600586 0.7250502503 0.4692973745
-75.4998562433 0.0606603933 0.7250472806 0.4692780002
-75.4997555616 0.0606607249 0.7250443375 0.4692585024
-75.4996558351 0.0606610533 0.7250414221 0.4692388810
-75.4995570962 0.0606613785 0.7250385353 0.4692191365
-75.4994593775 0.0606617003 0.7250356780 0.4691992688
-75.4993627116 0.0606620187 0.7250328512 0.4691792786
-75.4992671317 0.0606623335 0.7250300558 0.4691591678
-75.4991726709 0.0606626446 0.7250272929 0.4691389384
-75.4990793628 0.0606629519 0.7250245634 0.4691185926
-75.4989872409 0.0606632553 0.7250218684 0.4690981335
-75.4988963394 0.0606635547 0.7250192087 0.4690775656
-75.4988066924 0.0606638499 0.7250165855 0.4690568939
-75.4987183343 0.0606641410 0.7250139998 0.4690361235
-75.4986312998 0.0606644276 0.7250114525 0.4690152612
-75.4985456238 0.0606647098 0.7250089447 0.4689943156
-75.4984613415 0.0606649874 0.7250064775 0.4689732953
-75.4983784882 0.0606652603 0.7250040519 0.4689522102
-75.4982970995 0.0606655284 0.7250016689 0.4689310725
-75.4982172113 0.0606657915 0.7249993296 0.4689098958
-75.4981388596 0.0606660496 0.7249970350 0.4688886949
-75.4980620805 0.0606663025 0.7249947863 0.4688674860
-75.4979869106 0.0606665501 0.7249925845 0.4688462883
-75.4979133864 0.0606667922 0.7249904307 0.4688251229
-75.4978415447 0.0606670289 0.7249883260 0.4688040124
-75.4977714222 0.0606672598 0.7249862715 0.4687829817
-75.4977030560 0.0606674850 0.7249842683 0.4687620586
-75.4976364830 0.0606677043 0.7249823174 0.4687412737
-75.4975717402 0.0606679176 0.7249804199 0.4687206594
-75.4975088647 0.0606681247 0.7249785771 0.4687002501
-75.4974478931 0.0606683255 0.7249767899 0.4686800835
-75.4973888623 0.0606685199 0.7249750594 0.4686602000
-75.4973318086 0.0606687079 0.7249733868 0.4686406418
-75.4972767682 0.0606688892 0.7249717730 0.4686214520
-75.4972237765 0.0606690637 0.7249702192 0.4686026760
-75.4971728687 0.0606692314 0.7249687264 0.4685843607
-75.4971240791 0.0606693921 0.7249672957 0.4685665539
-75.4970774414 0.0606695457 0.7249659279 0.4685493032
-75.4970329881 0.0606696922 0.7249646241 0.4685326551
-75.4969907506 0.0606698313 0.7249633852 0.4685166555
-75.4969507592 0.0606699630 0.7249622122 0.4685013488
-75.4969130430 0.0606700873 0.7249611058 0.4684867779
-75.4968776295 0.0606702039 0.7249600669 0.4684729830
-75.4968445446 0.0606703129 0.7249590963 0.4684600009
-75.4968138126 0.0606704141 0.7249581946 0.4684478651
-75.4967854561 0.0606705075 0.7249573627 0.4684366056
-75.4967594959 0.0606705931 0.7249566010 0.4684262489
-75.4967359510 0.0606706706 0.7249559101 0.4684168185
-75.4967148387 0.0606707402 0.7249552907 0.4684083344
-75.4966961742 0.0606708016 0.7249547430 0.4684008138
-75.4966799711 0.0606708550 0.7249542675 0.4683942708
-75.4966662412 0.0606709002 0.7249538646 0.4683887170
-75.4966549943 0.0606709373 0.7249535346 0.4683841617
-75.4966462383 0.0606709661 0.7249532776 0.4683806118
-75.4966399796 0.0606709868 0.7249530940 0.4683780726
-75.4966362226 0.0606709991 0.7249529837 0.4683765477
-75.4966349700 0.0606710033 0.7249529470 0.4683760391
-75.5093135634 0.0606292567 0.7253221636 0.4709019728
-75.5092817875 0.0606293612 0.7253212544 0.4708937979
-75.5092225750 0.0606295561 0.7253195580 0.4708783937
-75.5091572015 0.0606297712 0.7253176836 0.4708614110
-75.5090893447 0.0606299946 0.7253157365 0.4708438576
-75.5090196654 0.0606302239 0.7253137356 0.4708259608
-75.5089483069 0.0606304587 0.7253116851 0.4708078134
-75.5088753232 0.0606306989 0.7253095866 0.4707894788
-75.5088007528 0.0606309443 0.7253074412 0.4707710091
-75.5087246310 0.0606311949 0.7253052499 0.4707524485
-75.5086469922 0.0606314504 0.7253030138 0.4707338347
-75.5085678702 0.0606317108 0.7253007339 0.4707151990
-75.5084872982 0.0606319760 0.7252984111 0.4706965680
-75.5084053090 0.0606322458 0.7252960464 0.4706779632
-75.5083219350 0.0606325202 0.7252936408 0.4706594021
-75.5082372081 0.0606327991 0.7252911952 0.4706408986
-75.5081511598 0.0606330823 0.7252887105 0.4706224634
-75.5080638212 0.0606333698 0.7252861877 0.4706041047
-75.5079752233 0.0606336614 0.7252836276 0.4705858283
-75.5078853964 0.0606339571 0.7252810312 0.4705676382
-75.5077943707 0.0606342567 0.7252783993 0.4705495364
-75.5077021763 0.0606345602 0.7252757329 0.4705315243
-75.5076088428 0.0606348674 0.7252730327 0.4705136019
-75.5075143998 0.0606351782 0.7252702997 0.4704957682
-75.5074188765 0.0606354927 0.7252675348 0.4704780218
-75.5073223020 0.0606358106 0.7252647387 0.4704603608
-75.5072247054 0.0606361318 0.7252619124 0.4704427831
-75.5071261155 0.0606364564 0.7252590566 0.4704252861
-75.5070265608 0.0606367841 0.7252561722 0.4704078670
-75.5069260701 0.0606371149 0.7252532601 0.4703905232
-75.5068246717 0.0606374486 0.7252503211 0.4703732520
-75.5067223940 0.0606377853 0.7252473560 0.4703560503
-75.5066192652 0.0606381248 0.7252443657 0.4703389152
-75.5065153135 0.0606384670 0.7252413509 0.4703218440
-75.5064105669 0.0606388118 0.7252383125 0.4703048339
-75.5063050533 0.0606391592 0.7252352514 0.4702878817
-75.5061988006 0.0606395090 0.7252321682 0.4702709845
-75.5060918367 0.0606398611 0.7252290639 0.4702541398
-75.5059841892 0.0606402155 0.7252259393 0.4702373446
-75.5058758857 0.0606405720 0.7252227951 0.4702205955
-75.5057669539 0.0606409306 0.7252196322 0.4702038898
-75.5056574212 0.0606412912 0.7252164513 0.4701872248
-75.5055473151 0.0606416537 0.7252132533 0.4701705971
-75.5054366629 0.0606420180 0.7252100390 0.4701540036
-75.5053254921 0.0606423840 0.7252068092 0.4701374412
-75.5052138298 0.0606427516 0.7252035646 0.4701209071
-75.5051017034 0.0606431207 0.7252003061 0.4701043978
-75.5049891399 0.0606434913 0.7251970344 0.4700879099
-75.5048761667 0.0606438633 0.7251937504 0.4700714403
-75.5047628108 0.0606442365 0.7251904549 0.4700549860
-75.5046490994 0.0606446108 0.7251871486 0.4700385432
-75.5045350595 0.0606449863 0.7251838323 0.4700221085
-75.5044207183 0.0606453627 0.7251805068 0.4700056788
-75.5043061028 0.0606457401 0.7251771730 0.4699892507
-75.5041912401 0.0606461183 0.7251738316 0.4699728203
-75.5040761573 0.0606464972 0.7251704833 0.4699563843
-75.5039608815 0.0606468767 0.7251671290 0.4699399395
-75.5038454398 0.0606472568 0.7251637696 0.4699234822
-75.5037298593 0.0606476374 0.7251604056 0.4699070085
-75.5036141671 0.0606480183 0.7251570381 0.4698905152
-75.5034983906 0.0606483995 0.7251536677 0.4698739990
-75.5033825568 0.0606487809 0.7251502952 0.4698574558
-75.5032666930 0.0606491624 0.7251469215 0.4698408820
-75.5031508266 0.0606495439 0.7251435473 0.4698242745
-75.5030349850 0.0606499253 0.7251401735 0.4698076297
-75.5029191954 0.0606503066 0.7251368008 0.4697909433
-75.5028034855 0.0606506876 0.7251334301 0.4697742122
-75.5026878829 0.0606510682 0.7251300621 0.4697574332
-75.5025724151 0.0606514484 0.7251266977 0.4697406022
-75.5024571098 0.0606518281 0.7251233377 0.4697237155
-75.5023419949 0.0606522072 0.7251199828 0.4697067700
-75.5022270983 0.0606525855 0.7251166339 0.4696897623
-75.5021124479 0.0606529630 0.7251132919 0.4696726883
-75.5019980719 0.0606533397 0.7251099575 0.4696555447
-75.5018839985 0.0606537153 0.7251066315 0.4696383285
-75.5017702561 0.0606540898 0.7251033148 0.4696210361
-75.5016568730 0.0606544632 0.7251000083 0.4696036636
-75.5015438779 0.0606548353 0.7250967127 0.4695862081
-75.5014312995 0.0606552060 0.7250934290 0.4695686666
-75.5013191665 0.0606555753 0.7250901578 0.4695510354
-75.5012075081 0.0606559430 0.7250869002 0.4695333112
-75.5010963533 0.0606563090 0.7250836569 0.4695154915
-75.5009857315 0.0606566733 0.7250804288 0.4694975731
-75.5008756721 0.0606570357 0.7250772168 0.4694795527
-75.5007662047 0.0606573962 0.7250740217 0.4694614275
-75.5006573591 0.0606577547 0.7250708445 0.4694431954
-75.5005491653 0.0606581110 0.7250676859 0.4694248535
-75.5004416533 0.0606584650 0.7250645469 0.4694063988
-75.5003348536 0.0606588168 0.7250614283 0.4693878295
-75.5002287967 0.0606591660 0.7250583312 0.4693691436
-75.5001235133 0.0606595128 0.7250552562 0.4693503388
-75.5000190342 0.0606598568 0.7250522045 0.4693314132
-75.4999153906 0.0606601982 0.7250491768 0.4693123657
-75.4998126139 0.0606605366 0.7250461741 0.4692931950
-75.4997107355 0.0606608722 0.7250431974 0.4692738995
-75.4996097872 0.0606612046 0.7250402475 0.4692544789
-75.4995098010 0.0606615339 0.7250373254 0.4692349332
-75.4994108091 0.0606618600 0.7250344321 0.4692152621
-75.4993128439 0.0606621826 0.7250315684 0.4691954655
-75.4992159381 0.0606625018 0.7250287355 0.4691755450
-75.4991201245 0.0606628173 0.7250259341 0.4691555022
-75.4990254364 0.0606631292 0.7250231654 0.4691353384
-75.4989319070 0.0606634372 0.7250204303 0.4691150561
-75.4988395700 0.0606637413 0.7250177298 0.4690946593
-75.4987484592 0.0606640414 0.7250150648 0.4690741519
-75.4986586088 0.0606643373 0.7250124364 0.4690535381
-75.4985700530 0.0606646290 0.7250098456 0.4690328240
-75.4984828264 0.0606649163 0.7250072935 0.4690120169
-75.4983969640 0.0606651991 0.7250047810 0.4689911242
-75.4983125006 0.0606654773 0.7250023092 0.4689701545
-75.4982294717 0.0606657508 0.7249998791 0.4689491187
-75.4981479128 0.0606660194 0.7249974918 0.4689280290
-75.4980678595 0.0606662831 0.7249951483 0.4689068982
-75.4979893479 0.0606665417 0.7249928497 0.4688857409
-75.4979124141 0.0606667951 0.7249905971 0.4688645745
-75.4978370944 0.0606670432 0.7249883916 0.4688434180
-75.4977634255 0.0606672858 0.7249862341 0.4688222917
-75.4976914439 0.0606675229 0.7249841259 0.4688012183
-75.4976211864 0.0606677543 0.7249820680 0.4687802235
-75.4975526900 0.0606679799 0.7249800614 0.4687593353
-75.4974859915 0.0606681996 0.7249781074 0.4687385834
-75.4974211280 0.0606684133 0.7249762069 0.4687179999
-75.4973581362 0.0606686208 0.7249743612 0.4686976204
-75.4972970531 0.0606688220 0.7249725712 0.4686774828
-75.4972379153 0.0606690168 0.7249708380 0.4686576268
-75.4971807591 0.0606692050 0.7249691628 0.4686380939
-75.4971256206 0.0606693867 0.7249675466 0.4686189281
-75.4970725353 0.0606695615 0.7249659905 0.4686001753
-75.4970215383 0.0606697295 0.7249644955 0.4685818825
-75.4969726640 0.0606698905 0.7249630626 0.4685640969
-75.4969259458 0.0606700444 0.7249616928 0.4685468655
-75.4968814162 0.0606701911 0.7249603871 0.4685302352
-75.4968391067 0.0606703304 0.7249591464 0.4685142527
-75.4967990478 0.0606704624 0.7249579717 0.4684989627
-75.4967612682 0.0606705868 0.7249568637 0.4684844079
-75.4967257956 0.0606707037 0.7249558233 0.4684706278
-75.4966926556 0.0606708128 0.7249548514 0.4684576589
-75.4966618727 0.0606709142 0.7249539485 0.4684455348
-75.4966334694 0.0606710078 0.7249531153 0.4684342857
-75.4966074665 0.0606710935 0.7249523526 0.4684239386
-75.4965838831 0.0606711711 0.7249516608 0.4684145171
-75.4965627363 0.0606712408 0.7249510404 0.4684060414
-75.4965440416 0.0606713024 0.7249504920 0.4683985285
-75.4965278123 0.0606713559 0.7249500159 0.4683919925
-75.4965140603 0.0606714012 0.7249496124 0.4683864447
-75.4965027952 0.0606714383 0.7249492820 0.4683818943
-75.4964940252 0.0606714671 0.7249490247 0.4683783482
-75.4964877565 0.0606714878 0.7249488407 0.4683758118
-75.4964839935 0.0606715002 0.7249487303 0.4683742885
-75.4964827389 0.0606715043 0.7249486935 0.4683737805
-75.5093135634 0.0606292567 0.7253221636 0.4709019729
-75.5092817875 0.0606293612 0.7253212544 0.4708937979
-75.5092225750 0.0606295561 0.7253195580 0.4708783937
-75.5091572014 0.0606297712 0.7253176836 0.4708614110
-75.5090893447 0.0606299946 0.7253157365 0.4708438575
-75.5090196654 0.0606302239 0.7253137356 0.4708259608
-75.5089483069 0.0606304587 0.7253116851 0.4708078134
-75.5088753232 0.0606306989 0.7253095866 0.4707894788
-75.5088007528 0.0606309443 0.7253074412 0.4707710091
-75.5087246310 0.0606311949 0.7253052499 0.4707524485
-75.5086469922 0.0606314504 0.7253030138 0.4707338346
-75.5085678702 0.0606317108 0.7253007339 0.4707151990
-75.5084872981 0.0606319760 0.7252984111 0.4706965679
-75.5084053090 0.0606322458 0.7252960464 0.4706779631
-75.5083219350 0.0606325202 0.7252936408 0.4706594021
-75.5082372081 0.0606327991 0.7252911952 0.4706408986
-75.5081511597 0.0606330823 0.7252887105 0.4706224634
-75.5080638212 0.0606333698 0.7252861877 0.4706041047
-75.5079752232 0.0606336614 0.7252836276 0.4705858283
-75.5078853963 0.0606339571 0.7252810312 0.4705676381
-75.5077943707 0.0606342567 0.7252783993 0.4705495364
-75.5077021763 0.0606345602 0.7252757329 0.4705315243
-75.5076088428 0.0606348674 0.7252730327 0.4705136019
-75.5075143998 0.0606351782 0.7252702997 0.4704957682
-75.5074188764 0.0606354927 0.7252675348 0.4704780217
-75.5073223020 0.0606358106 0.7252647387 0.4704603608
-75.5072247054 0.0606361318 0.7252619124 0.4704427831
-75.5071261154 0.0606364564 0.7252590566 0.4704252861
-75.5070265608 0.0606367841 0.7252561722 0.4704078670
-75.5069260701 0.0606371149 0.7252532601 0.4703905232
-75.5068246717 0.0606374486 0.7252503211 0.4703732520
-75.5067223940 0.0606377853 0.7252473560 0.4703560503
-75.5066192652 0.0606381248 0.7252443657 0.4703389152
-75.5065153135 0.0606384670 0.7252413509 0.4703218440
-75.5064105668 0.0606388118 0.7252383125 0.4703048339
-75.5063050533 0.0606391592 0.7252352514 0.4702878817
-75.5061988006 0.0606395090 0.7252321682 0.4702709845
-75.5060918366 0.0606398611 0.7252290639 0.4702541398
-75.5059841891 0.0606402155 0.7252259393 0.4702373446
-75.5058758857 0.0606405720 0.7252227951 0.4702205955
-75.5057669538 0.0606409306 0.7252196322 0.4702038898
-75.5056574211 0.0606412912 0.7252164513 0.4701872248
-75.5055473150 0.0606416537 0.7252132533 0.4701705971
-75.5054366629 0.0606420180 0.7252100390 0.4701540036
-75.5053254920 0.0606423840 0.7252068092 0.4701374412
-75.5052138297 0.0606427516 0.7252035646 0.4701209071
-75.5051017033 0.0606431207 0.7252003061 0.4701043978
-75.5049891399 0.0606434913 0.7251970344 0.4700879099
-75.5048761666 0.0606438633 0.7251937504 0.4700714403
-75.5047628108 0.0606442365 0.7251904549 0.4700549860
-75.5046490994 0.0606446108 0.7251871486 0.4700385432
-75.5045350595 0.0606449863 0.7251838323 0.4700221084
-75.5044207182 0.0606453627 0.7251805068 0.4700056788
-75.5043061028 0.0606457401 0.7251771730 0.4699892507
-75.5041912401 0.0606461183 0.7251738316 0.4699728203
-75.5040761573 0.0606464972 0.7251704833 0.4699563843
-75.5039608815 0.0606468767 0.7251671290 0.4699399395
-75.5038454397 0.0606472568 0.7251637696 0.4699234822
-75.5037298592 0.0606476374 0.7251604056 0.4699070085
-75.5036141671 0.0606480183 0.7251570381 0.4698905152
-75.5034983905 0.0606483995 0.7251536677 0.4698739990
-75.5033825567 0.0606487809 0.7251502952 0.4698574558
-75.5032666930 0.0606491624 0.7251469215 0.4698408820
-75.5031508266 0.0606495439 0.7251435473 0.4698242745
-75.5030349849 0.0606499253 0.7251401735 0.4698076297
-75.5029191954 0.0606503066 0.7251368008 0.4697909433
-75.5028034855 0.0606506876 0.7251334301 0.4697742122
-75.5026878828 0.0606510682 0.7251300621 0.4697574332
-75.5025724150 0.0606514484 0.7251266977 0.4697406022
-75.5024571097 0.0606518281 0.7251233377 0.4697237155
-75.5023419948 0.0606522072 0.7251199828 0.4697067700
-75.5022270982 0.0606525855 0.7251166339 0.4696897623
-75.5021124478 0.0606529630 0.7251132919 0.4696726883
-75.5019980718 0.0606533397 0.7251099575 0.4696555447
-75.5018839985 0.0606537153 0.7251066315 0.4696383285
-75.5017702560 0.0606540898 0.7251033148 0.4696210361
-75.5016568729 0.0606544632 0.7251000083 0.4696036636
-75.5015438778 0.0606548353 0.7250967127 0.4695862081
-75.5014312994 0.0606552060 0.7250934290 0.4695686666
-75.5013191665 0.0606555753 0.7250901578 0.4695510354
-75.5012075080 0.0606559430 0.7250869002 0.4695333112
-75.5010963532 0.0606563090 0.7250836569 0.4695154914
-75.5009857314 0.0606566733 0.7250804288 0.4694975731
-75.5008756720 0.0606570357 0.7250772168 0.4694795527
-75.5007662046 0.0606573962 0.7250740217 0.4694614275
-75.5006573590 0.0606577547 0.7250708445 0.4694431954
-75.5005491652 0.0606581110 0.7250676859 0.4694248535
-75.5004416532 0.0606584650 0.7250645469 0.4694063988
-75.5003348536 0.0606588168 0.7250614283 0.4693878294
-75.5002287967 0.0606591660 0.7250583312 0.4693691436
-75.5001235132 0.0606595128 0.7250552562 0.4693503388
-75.5000190341 0.0606598568 0.7250522045 0.4693314131
-75.4999153905 0.0606601982 0.7250491768 0.4693123657
-75.4998126138 0.0606605366 0.7250461741 0.4692931950
-75.4997107354 0.0606608722 0.7250431974 0.4692738995
-75.4996097871 0.0606612046 0.7250402475 0.4692544789
-75.4995098009 0.0606615339 0.7250373254 0.4692349332
-75.4994108090 0.0606618600 0.7250344321 0.4692152620
-75.4993128438 0.0606621826 0.7250315684 0.4691954655
-75.4992159380 0.0606625018 0.7250287355 0.4691755450
-75.4991201245 0.0606628173 0.7250259341 0.4691555021
-75.4990254363 0.0606631292 0.7250231654 0.4691353383
-75.4989319069 0.0606634372 0.7250204303 0.4691150561
-75.4988395699 0.0606637413 0.7250177297 0.4690946593
-75.4987484592 0.0606640414 0.7250150648 0.4690741519
-75.4986586087 0.0606643373 0.7250124364 0.4690535381
-75.4985700529 0.0606646290 0.7250098456 0.4690328240
-75.4984828264 0.0606649163 0.7250072935 0.4690120168
-75.4983969639 0.0606651991 0.7250047810 0.4689911241
-75.4983125006 0.0606654773 0.7250023092 0.4689701545
-75.4982294716 0.0606657508 0.7249998791 0.4689491187
-75.4981479127 0.0606660194 0.7249974918 0.4689280290
-75.4980678595 0.0606662831 0.7249951483 0.4689068981
-75.4979893478 0.0606665417 0.7249928497 0.4688857409
-75.4979124140 0.0606667951 0.7249905971 0.4688645744
-75.4978370944 0.0606670432 0.7249883916 0.4688434180
-75.4977634255 0.0606672858 0.7249862341 0.4688222917
-75.4976914438 0.0606675229 0.7249841259 0.4688012183
-75.4976211863 0.0606677543 0.7249820680 0.4687802235
-75.4975526899 0.0606679799 0.7249800614 0.4687593353
-75.4974859915 0.0606681996 0.7249781074 0.4687385833
-75.4974211279 0.0606684133 0.7249762069 0.4687179999
-75.4973581361 0.0606686208 0.7249743612 0.4686976203
-75.4972970531 0.0606688220 0.7249725712 0.4686774827
-75.4972379153 0.0606690168 0.7249708380 0.4686576267
-75.4971807591 0.0606692050 0.7249691628 0.4686380939
-75.4971256205 0.0606693867 0.7249675466 0.4686189280
-75.4970725353 0.0606695615 0.7249659905 0.4686001752
-75.4970215383 0.0606697295 0.7249644955 0.4685818825
-75.4969726640 0.0606698905 0.7249630626 0.4685640969
-75.4969259458 0.0606700444 0.7249616928 0.4685468654
-75.4968814162 0.0606701911 0.7249603871 0.4685302352
-75.4968391067 0.0606703304 0.7249591464 0.4685142526
-75.4967990478 0.0606704624 0.7249579717 0.4684989626
-75.4967612682 0.0606705868 0.7249568637 0.4684844078
-75.4967257956 0.0606707037 0.7249558233 0.4684706277
-75.4966926556 0.0606708128 0.7249548514 0.4684576588
-75.4966618727 0.0606709142 0.7249539485 0.4684455347
-75.4966334694 0.0606710078 0.7249531153 0.4684342856
-75.4966074665 0.0606710935 0.7249523526 0.4684239385
-75.4965838831 0.0606711711 0.7249516608 0.4684145170
-75.4965627363 0.0606712408 0.7249510404 0.4684060413
-75.4965440416 0.0606713024 0.7249504920 0.4683985284
-75.4965278124 0.0606713559 0.7249500159 0.4683919924
-75.4965140603 0.0606714012 0.7249496124 0.4683864446
-75.4965027953 0.0606714383 0.7249492820 0.4683818942
-75.4964940253 0.0606714671 0.7249490247 0.4683783481
-75.4964877566 0.0606714878 0.7249488408 0.4683758117
-75.4964839936 0.0606715002 0.7249487304 0.4683742884
-75.4964827396 0.0606715043 0.7249486936 0.4683737876
