-80.9114208475 0.0450514325 0.8474560611 0.5745938481
-80.9113310215 0.0450516582 0.8474542457 0.5745161635
-80.9110658356 0.0450523245 0.8474488848 0.5742693728
-80.9105721041 0.0450535651 0.8474389185 0.5733122773
-80.9100989897 0.0450547539 0.8474293065 0.5729534386
-80.9095975646 0.0450560140 0.8474190734 0.5726232903
-80.9090930975 0.0450572818 0.8474087213 0.5723244686
-80.9086082347 0.0450585004 0.8473987000 0.5720585843
-80.9081627019 0.0450596204 0.8473894013 0.5718244469
-80.9077737500 0.0450605983 0.8473811676 0.5716203515
-80.9074563444 0.0450613965 0.8473742963 0.5714441970
-80.9072234226 0.0450619825 0.8473690442 0.5712939305
-80.9070861018 0.0450623285 0.8473656321 0.5711676860
-80.9070538465 0.0450624104 0.8473642478 0.5710637714
-80.9071346191 0.0450622085 0.8473650494 0.5709806505
-80.9073350141 0.0450617061 0.8473681679 0.5709169294
-80.9076603794 0.0450608898 0.8473737094 0.5708713440
-80.9081149235 0.0450597490 0.8473817576 0.5708427490
-80.9087018126 0.0450582758 0.8473923751 0.5708301097
-80.9094232554 0.0450564647 0.8474056059 0.5708324923
-80.9102805795 0.0450543124 0.8474214764 0.5708490554
-80.9112742976 0.0450518176 0.8474399967 0.5708790452
-80.9124041666 0.0450489811 0.8474611621 0.5709217903
-80.9136692377 0.0450458051 0.8474849539 0.5709766943
-80.9150678993 0.0450422939 0.8475113402 0.5710432309
-80.9165979146 0.0450384532 0.8475402768 0.5711209429
-80.9182564511 0.0450342901 0.8475717078 0.5712094385
-80.9200401041 0.0450298132 0.8476055660 0.5713083867
-80.9219449150 0.0450250327 0.8476417732 0.5714175142
-80.9239663837 0.0450199598 0.8476802408 0.5715366065
-80.9260994753 0.0450146073 0.8477208694 0.5716655061
-80.9283386212 0.0450089892 0.8477635495 0.5718041088
-80.9306777149 0.0450031211 0.8478081607 0.5719523626
-80.9331101032 0.0449970195 0.8478545724 0.5721102680
-80.9356285712 0.0449907028 0.8479026426 0.5722778763
-80.9382253226 0.0449841906 0.8479522182 0.5724552846
-80.9408919544 0.0449775041 0.8480031344 0.5726426310
-80.9436194269 0.0449706658 0.8480552137 0.5728400871
-80.9463980291 0.0449637004 0.8481082657 0.5730478433
-80.9492173387 0.0449566339 0.8481620863 0.5732660818
-80.9520661800 0.0449494944 0.8482164566 0.5734949336
-80.9549325786 0.0449423120 0.8482711422 0.5737344038
-80.9578037180 0.0449351188 0.8483258923 0.5739842417
-80.9606659007 0.0449279490 0.8483804388 0.5742437161
-80.9635045229 0.0449208394 0.8484344964 0.5745112165
-80.9663040728 0.0449138287 0.8484877616 0.5747835162
-80.9690481738 0.0449069578 0.8485399143 0.5750543320
-80.9717197269 0.0449002696 0.8485906203 0.5753112561
-80.9743014441 0.0448938072 0.8486395407 0.5755286121
-80.9767788630 0.0448876069 0.8486863878 0.5756513409
-80.9791628832 0.0448816411 0.8487313450 0.5755930659
-80.9804440062 0.0448784356 0.8487554284 0.5755112617
-80.9815377627 0.0448756992 0.8487759338 0.5754438810
-80.9825412065 0.0448731889 0.8487946894 0.5753999033
-80.9834741767 0.0448708550 0.8488120729 0.5753716134
-80.9843428616 0.0448686822 0.8488282054 0.5753537217
-80.9851507177 0.0448666616 0.8488431560 0.5753438827
-80.9859002232 0.0448647871 0.8488569749 0.5753409207
-80.9865931678 0.0448630541 0.8488696986 0.5753439524
-80.9872307505 0.0448614597 0.8488813518 0.5753521665
-80.9878136500 0.0448600022 0.8488919488 0.5753647904
-80.9883420874 0.0448586809 0.8489014951 0.5753810827
-80.9888158849 0.0448574964 0.8489099880 0.5754003290
-80.9892345207 0.0448564498 0.8489174180 0.5754218374
-80.9895971824 0.0448555433 0.8489237698 0.5754449354
-80.9899028172 0.0448547794 0.8489290233 0.5754689656
-80.9901501819 0.0448541613 0.8489331545 0.5754932813
-80.9903378901 0.0448536924 0.8489361366 0.5755172440
-80.9904644604 0.0448533764 0.8489379408 0.5755402192
-80.9905283623 0.0448532172 0.8489385373 0.5755615720
-80.9905280628 0.0448532185 0.8489378960 0.5755806606
-80.9904620741 0.0448533842 0.8489359878 0.5755968349
-80.9903290018 0.0448537176 0.8489327853 0.5756094326
-80.9901275938 0.0448542220 0.8489282636 0.5756177729
-80.9898567907 0.0448549000 0.8489224018 0.5756211502
-80.9895157799 0.0448557536 0.8489151835 0.5756188313
-80.9891040519 0.0448567842 0.8489065983 0.5756100524
-80.9886214584 0.0448579920 0.8488966428 0.5755940113
-80.9880682748 0.0448593764 0.8488853217 0.5755698596
-80.9874452684 0.0448609356 0.8488726496 0.5755367003
-80.9867537693 0.0448626662 0.8488586517 0.5754935834
-80.9859957482 0.0448645633 0.8488433660 0.5754394974
-80.9851738983 0.0448666202 0.8488268446 0.5753733630
-80.9842917261 0.0448688281 0.8488091555 0.5752940295
-80.9833536478 0.0448711760 0.8487903847 0.5752002734
-80.9823650941 0.0448736503 0.8487706381 0.5750907956
-80.9813326226 0.0448762347 0.8487500437 0.5749642249
-80.9802640390 0.0448789096 0.8487287545 0.5748191325
-80.9791685277 0.0448816520 0.8487069504 0.5746540629
-80.9780567889 0.0448844352 0.8486848414 0.5744675916
-80.9769411833 0.0448872282 0.8486626705 0.5742584355
-80.9758358793 0.0448899956 0.8486407165 0.5740256563
-80.9747569981 0.0448926970 0.8486192970 0.5737690303
-80.9737227446 0.0448952868 0.8485987709 0.5734897162
-80.9727534978 0.0448977139 0.8485795405 0.5731914238
-80.9718718050 0.0448999219 0.8485620511 0.5728823366
-80.9711021252 0.0449018494 0.8485467862 0.5725777626
-80.9704698892 0.0449034328 0.8485342486 0.5723017742
-80.9699991415 0.0449046118 0.8485249142 0.5720831893
-80.9697089519 0.0449053386 0.8485191604 0.5719449012
-80.9696108967 0.0449055842 0.8485172162 0.5718979104
-80.9804440062 0.0448784356 0.8487554284 0.5755112617
-80.9815377627 0.0448756992 0.8487759338 0.5754438810
-80.9825412065 0.0448731889 0.8487946894 0.5753999033
-80.9834741767 0.0448708550 0.8488120729 0.5753716134
-80.9843428616 0.0448686822 0.8488282054 0.5753537217
-80.9851507177 0.0448666616 0.8488431560 0.5753438827
-80.9859002232 0.0448647871 0.8488569749 0.5753409207
-80.9865931678 0.0448630541 0.8488696986 0.5753439524
-80.9872307505 0.0448614597 0.8488813518 0.5753521665
-80.9878136500 0.0448600022 0.8488919488 0.5753647904
-80.9883420874 0.0448586809 0.8489014951 0.5753810827
-80.9888158849 0.0448574964 0.8489099880 0.5754003290
-80.9892345207 0.0448564498 0.8489174180 0.5754218374
-80.9895971824 0.0448555433 0.8489237698 0.5754449354
-80.9899028172 0.0448547794 0.8489290233 0.5754689656
-80.9901501819 0.0448541613 0.8489331545 0.5754932813
-80.9903378901 0.0448536924 0.8489361366 0.5755172440
-80.9904644604 0.0448533764 0.8489379408 0.5755402192
-80.9905283623 0.0448532172 0.8489385373 0.5755615720
-80.9905280628 0.0448532185 0.8489378960 0.5755806606
-80.9904620741 0.0448533842 0.8489359878 0.5755968349
-80.9903290018 0.0448537176 0.8489327853 0.5756094326
-80.9901275938 0.0448542220 0.8489282636 0.5756177729
-80.9898567907 0.0448549000 0.8489224018 0.5756211502
-80.9895157799 0.0448557536 0.8489151835 0.5756188313
-80.9891040519 0.0448567842 0.8489065983 0.5756100524
-80.9886214584 0.0448579920 0.8488966428 0.5755940113
-80.9880682748 0.0448593764 0.8488853217 0.5755698596
-80.9874452684 0.0448609356 0.8488726496 0.5755367003
-80.9867537693 0.0448626662 0.8488586517 0.5754935834
-80.9859957482 0.0448645633 0.8488433660 0.5754394974
-80.9851738983 0.0448666202 0.8488268446 0.5753733630
-80.9842917261 0.0448688281 0.8488091555 0.5752940295
-80.9833536478 0.0448711760 0.8487903847 0.5752002734
-80.9823650941 0.0448736503 0.8487706381 0.5750907956
-80.9813326226 0.0448762347 0.8487500437 0.5749642249
-80.9802640390 0.0448789096 0.8487287545 0.5748191325
-80.9791685277 0.0448816520 0.8487069504 0.5746540629
-80.9780567889 0.0448844352 0.8486848414 0.5744675916
-80.9769411833 0.0448872282 0.8486626705 0.5742584355
-80.9758358793 0.0448899956 0.8486407165 0.5740256563
-80.9747569981 0.0448926970 0.8486192970 0.5737690303
-80.9737227446 0.0448952868 0.8485987709 0.5734897162
-80.9727534978 0.0448977139 0.8485795405 0.5731914238
-80.9718718050 0.0448999219 0.8485620511 0.5728823366
-80.9711021252 0.0449018494 0.8485467862 0.5725777626
-80.9704698892 0.0449034328 0.8485342486 0.5723017742
-80.9699991415 0.0449046118 0.8485249142 0.5720831893
-80.9697089519 0.0449053386 0.8485191604 0.5719449012
-80.9696108967 0.0449055842 0.8485172162 0.5718979104
