-75.5404391550 0.0605269258 0.7262020753 0.4722329840
-75.5404366802 0.0605269340 0.7262020041 0.4722287573
-75.5404292634 0.0605269583 0.7262017906 0.4722160849
-75.5404169316 0.0605269988 0.7262014357 0.4721950268
-75.5403997428 0.0605270553 0.7262009411 0.4721658100
-75.5403778062 0.0605271274 0.7262003101 0.4721290274
-75.5403344555 0.0605272699 0.7261990448 0.4719230096
-75.5403059406 0.0605273636 0.7261982281 0.4718948749
-75.5402739378 0.0605274688 0.7261973125 0.4718671162
-75.5402384975 0.0605275852 0.7261962997 0.4718397847
-75.5401996680 0.0605277128 0.7261951909 0.4718129204
-75.5401574962 0.0605278514 0.7261939877 0.4717865545
-75.5401120272 0.0605280008 0.7261926913 0.4717607110
-75.5400633048 0.0605281608 0.7261913031 0.4717354081
-75.5400113715 0.0605283315 0.7261898244 0.4717106591
-75.5399562684 0.0605285125 0.7261882562 0.4716864732
-75.5398980352 0.0605287039 0.7261865999 0.4716628559
-75.5398367108 0.0605289053 0.7261848565 0.4716398105
-75.5397723326 0.0605291169 0.7261830272 0.4716173378
-75.5397049371 0.0605293383 0.7261811130 0.4715954365
-75.5396345597 0.0605295695 0.7261791151 0.4715741041
-75.5395612347 0.0605298104 0.7261770344 0.4715533369
-75.5394849954 0.0605300609 0.7261748718 0.4715331307
-75.5394058743 0.0605303209 0.7261726284 0.4715134800
-75.5393239029 0.0605305902 0.7261703051 0.4714943790
-75.5392391116 0.0605308688 0.7261679028 0.4714758220
-75.5391515304 0.0605311565 0.7261654223 0.4714578030
-75.5390611878 0.0605314533 0.7261628645 0.4714403159
-75.5389681120 0.0605317591 0.7261602302 0.4714233544
-75.5388723301 0.0605320738 0.7261575203 0.4714069130
-75.5387738685 0.0605323973 0.7261547354 0.4713909862
-75.5386727527 0.0605327295 0.7261518764 0.4713755683
-75.5385690077 0.0605330704 0.7261489439 0.4713606542
-75.5384626573 0.0605334198 0.7261459387 0.4713462394
-75.5383537249 0.0605337777 0.7261428614 0.4713323194
-75.5382422330 0.0605341440 0.7261397127 0.4713188896
-75.5381282033 0.0605345187 0.7261364932 0.4713059461
-75.5380116568 0.0605349016 0.7261332036 0.4712934855
-75.5378926138 0.0605352927 0.7261298443 0.4712815041
-75.5377710937 0.0605356919 0.7261264161 0.4712699982
-75.5376471155 0.0605360993 0.7261229194 0.4712589649
-75.5375206970 0.0605365146 0.7261193547 0.4712484015
-75.5373918556 0.0605369379 0.7261157226 0.4712383048
-75.5372606079 0.0605373692 0.7261120234 0.4712286717
-75.5371269698 0.0605378082 0.7261082578 0.4712195000
-75.5369909563 0.0605382551 0.7261044260 0.4712107874
-75.5368525819 0.0605387098 0.7261005285 0.4712025308
-75.5367118602 0.0605391721 0.7260965657 0.4711947278
-75.5365688043 0.0605396421 0.7260925380 0.4711873766
-75.5364234263 0.0605401198 0.7260884457 0.4711804749
-75.5362757379 0.0605406050 0.7260842891 0.4711740198
-75.5361257499 0.0605410979 0.7260800685 0.4711680095
-75.5359734724 0.0605415982 0.7260757842 0.4711624425
-75.5358189149 0.0605421060 0.7260714364 0.4711573160
-75.5356620861 0.0605426213 0.7260670255 0.4711526280
-75.5355029942 0.0605431440 0.7260625515 0.4711483769
-75.5353416464 0.0605436742 0.7260580148 0.4711445610
-75.5351780496 0.0605442117 0.7260534155 0.4711411778
-75.5350122095 0.0605447566 0.7260487536 0.4711382256
-75.5348441317 0.0605453089 0.7260440295 0.4711357031
-75.5346738208 0.0605458685 0.7260392431 0.4711336083
-75.5345012806 0.0605464354 0.7260343946 0.4711319391
-75.5343265146 0.0605470097 0.7260294840 0.4711306943
-75.5341495253 0.0605475913 0.7260245114 0.4711298723
-75.5339703148 0.0605481801 0.7260194769 0.4711294712
-75.5337888842 0.0605487763 0.7260143803 0.4711294891
-75.5336052343 0.0605493798 0.7260092218 0.4711299251
-75.5334193651 0.0605499905 0.7260040013 0.4711307774
-75.5332312758 0.0605506086 0.7259987187 0.4711320441
-75.5330409650 0.0605512340 0.7259933740 0.4711337237
-75.5328484309 0.0605518666 0.7259879671 0.4711358153
-75.5326536708 0.0605525066 0.7259824978 0.4711383167
-75.5324566813 0.0605531540 0.7259769661 0.4711412261
-75.5322574585 0.0605538087 0.7259713718 0.4711445425
-75.5320559979 0.0605544707 0.7259657147 0.4711482644
-75.5318522942 0.0605551401 0.7259599946 0.4711523894
-75.5316463415 0.0605558169 0.7259542114 0.4711569160
-75.5314381333 0.0605565011 0.7259483648 0.4711618430
-75.5312276626 0.0605571928 0.7259424545 0.4711671682
-75.5310149213 0.0605578920 0.7259364803 0.4711728894
-75.5307999013 0.0605585986 0.7259304419 0.4711790050
-75.5305825934 0.0605593128 0.7259243390 0.4711855133
-75.5303629879 0.0605600345 0.7259181713 0.4711924113
-75.5301410745 0.0605607638 0.7259119384 0.4711996968
-75.5299168423 0.0605615008 0.7259056400 0.4712073681
-75.5296902798 0.0605622454 0.7258992756 0.4712154221
-75.5294613747 0.0605629977 0.7258928450 0.4712238555
-75.5292301143 0.0605637578 0.7258863476 0.4712326659
-75.5289964852 0.0605645256 0.7258797830 0.4712418504
-75.5287604733 0.0605653013 0.7258731508 0.4712514048
-75.5285220640 0.0605660849 0.7258664505 0.4712613253
-75.5282812421 0.0605668765 0.7258596817 0.4712716085
-75.5280379918 0.0605676760 0.7258528437 0.4712822498
-75.5277922966 0.0605684836 0.7258459360 0.4712932439
-75.5275441394 0.0605692993 0.7258389582 0.4713045861
-75.5272935028 0.0605701231 0.7258319096 0.4713162711
-75.5270403685 0.0605709552 0.7258247897 0.4713282921
-75.5267847176 0.0605717955 0.7258175979 0.4713406425
-75.5265265309 0.0605726442 0.7258103334 0.4713533156
-75.5262657885 0.0605735014 0.7258029958 0.4713663032
-75.5260024697 0.0605743670 0.7257955844 0.4713795963
-75.5257365537 0.0605752411 0.7257880984 0.4713931859
-75.5254680189 0.0605761239 0.7257805371 0.4714070621
-75.5251968431 0.0605770153 0.7257729000 0.4714212129
-75.5249230037 0.0605779156 0.7257651862 0.4714356263
-75.5246464775 0.0605788247 0.7257573951 0.4714502896
-75.5243672409 0.0605797427 0.7257495258 0.4714651878
-75.5240852696 0.0605806697 0.7257415776 0.4714803045
-75.5238005392 0.0605816058 0.7257335497 0.4714956231
-75.5235130244 0.0605825511 0.7257254414 0.4715111247
-75.5232226996 0.0605835056 0.7257172518 0.4715267879
-75.5229295390 0.0605844695 0.7257089800 0.4715425903
-75.5226335160 0.0605854428 0.7257006253 0.4715585078
-75.5223346040 0.0605864256 0.7256921867 0.4715745127
-75.5220327755 0.0605874180 0.7256836635 0.4715905754
-75.5217280033 0.0605884201 0.7256750548 0.4716066641
-75.5214202593 0.0605894321 0.7256663596 0.4716227434
-75.5211095154 0.0605904539 0.7256575771 0.4716387739
-75.5207957432 0.0605914856 0.7256487064 0.4716547138
-75.5204789140 0.0605925275 0.7256397465 0.4716705168
-75.5201589987 0.0605935795 0.7256306965 0.4716861310
-75.5198359684 0.0605946418 0.7256215556 0.4717015009
-75.5195097938 0.0605957144 0.7256123228 0.4717165650
-75.5191804454 0.0605967976 0.7256029971 0.4717312544
-75.5188478937 0.0605978912 0.7255935776 0.4717454946
-75.5185121093 0.0605989955 0.7255840634 0.4717592023
-75.5181730623 0.0606001106 0.7255744536 0.4717722845
-75.5178307232 0.0606012365 0.7255647471 0.4717846386
-75.5174850622 0.0606023734 0.7255549430 0.4717961489
-75.5171360493 0.0606035213 0.7255450404 0.4718066849
-75.5167836546 0.0606046804 0.7255350383 0.4718161000
-75.5164278476 0.0606058507 0.7255249358 0.4718242253
-75.5160685974 0.0606070324 0.7255147318 0.4718308673
-75.5157058723 0.0606082255 0.7255044254 0.4718358001
-75.5153396392 0.0606094302 0.7254940154 0.4718387579
-75.5149698627 0.0606106466 0.7254835008 0.4718394222
-75.5145965041 0.0606118748 0.7254728804 0.4718374060
-75.5142195196 0.0606131150 0.7254621527 0.4718322288
-75.5138388570 0.0606143673 0.7254513162 0.4718232820
-75.5134544516 0.0606156319 0.7254403688 0.4718097742
-75.5130662185 0.0606169091 0.7254293080 0.4717906480
-75.5126740408 0.0606181994 0.7254181301 0.4717644455
-75.5122777486 0.0606195032 0.7254068300 0.4717290842
-75.5118770828 0.0606208215 0.7253953998 0.4716814683
-75.5114716321 0.0606221555 0.7253838273 0.4716167988
-75.5110607339 0.0606235075 0.7253720924 0.4715273949
-75.5106434491 0.0606248806 0.7253601668 0.4714014787
-75.5102197301 0.0606262749 0.7253480481 0.4712294397
-75.5097975894 0.0606276640 0.7253359702 0.4710449919
-75.5094092990 0.0606289417 0.7253248658 0.4709183365
-75.5092016773 0.0606296249 0.7253189358 0.4708727962
-75.5093209135 0.0606292325 0.7253223515 0.4709020369
-75.5092891376 0.0606293371 0.7253214422 0.4708938620
-75.5092299252 0.0606295320 0.7253197458 0.4708784578
-75.5091645517 0.0606297471 0.7253178714 0.4708614751
-75.5090966950 0.0606299704 0.7253159243 0.4708439217
-75.5090270158 0.0606301997 0.7253139234 0.4708260250
-75.5089556573 0.0606304346 0.7253118730 0.4708078776
-75.5088826737 0.0606306748 0.7253097744 0.4707895431
-75.5088081034 0.0606309202 0.7253076290 0.4707710734
-75.5087319817 0.0606311707 0.7253054378 0.4707525129
-75.5086543429 0.0606314262 0.7253032017 0.4707338991
-75.5085752210 0.0606316866 0.7253009217 0.4707152635
-75.5084946491 0.0606319518 0.7252985990 0.4706966324
-75.5084126600 0.0606322217 0.7252962343 0.4706780277
-75.5083292861 0.0606324961 0.7252938287 0.4706594666
-75.5082445592 0.0606327750 0.7252913830 0.4706409631
-75.5081585110 0.0606330582 0.7252888984 0.4706225280
-75.5080711725 0.0606333456 0.7252863755 0.4706041693
-75.5079825747 0.0606336373 0.7252838155 0.4705858930
-75.5078927478 0.0606339329 0.7252812191 0.4705677028
-75.5078017223 0.0606342325 0.7252785872 0.4705496011
-75.5077095280 0.0606345360 0.7252759208 0.4705315890
-75.5076161946 0.0606348432 0.7252732206 0.4705136666
-75.5075217516 0.0606351541 0.7252704876 0.4704958330
-75.5074262284 0.0606354685 0.7252677227 0.4704780865
-75.5073296540 0.0606357864 0.7252649266 0.4704604256
-75.5072320575 0.0606361077 0.7252621003 0.4704428479
-75.5071334676 0.0606364322 0.7252592445 0.4704253509
-75.5070339131 0.0606367599 0.7252563601 0.4704079318
-75.5069334225 0.0606370907 0.7252534481 0.4703905881
-75.5068320242 0.0606374245 0.7252505090 0.4703733169
-75.5067297466 0.0606377612 0.7252475440 0.4703561152
-75.5066266179 0.0606381007 0.7252445536 0.4703389801
-75.5065226662 0.0606384429 0.7252415389 0.4703219089
-75.5064179197 0.0606387877 0.7252385005 0.4703048988
-75.5063124062 0.0606391350 0.7252354393 0.4702879466
-75.5062061536 0.0606394848 0.7252323562 0.4702710495
-75.5060991898 0.0606398369 0.7252292519 0.4702542047
-75.5059915424 0.0606401913 0.7252261272 0.4702374095
-75.5058832390 0.0606405478 0.7252229830 0.4702206605
-75.5057743072 0.0606409065 0.7252198201 0.4702039548
-75.5056647746 0.0606412670 0.7252166393 0.4701872897
-75.5055546686 0.0606416295 0.7252134413 0.4701706621
-75.5054440166 0.0606419938 0.7252102270 0.4701540686
-75.5053328458 0.0606423598 0.7252069971 0.4701375062
-75.5052211836 0.0606427274 0.7252037526 0.4701209721
-75.5051090573 0.0606430966 0.7252004941 0.4701044628
-75.5049964939 0.0606434672 0.7251972224 0.4700879749
-75.5048835208 0.0606438391 0.7251939384 0.4700715053
-75.5047701650 0.0606442123 0.7251906429 0.4700550510
-75.5046564537 0.0606445867 0.7251873366 0.4700386082
-75.5045424139 0.0606449621 0.7251840203 0.4700221734
-75.5044280728 0.0606453386 0.7251806948 0.4700057438
-75.5043134574 0.0606457159 0.7251773610 0.4699893157
-75.5041985948 0.0606460941 0.7251740196 0.4699728853
-75.5040835121 0.0606464730 0.7251706713 0.4699564493
-75.5039682364 0.0606468526 0.7251673171 0.4699400045
-75.5038527947 0.0606472327 0.7251639576 0.4699235472
-75.5037372143 0.0606476132 0.7251605937 0.4699070735
-75.5036215223 0.0606479941 0.7251572261 0.4698905802
-75.5035057458 0.0606483753 0.7251538557 0.4698740640
-75.5033899121 0.0606487567 0.7251504832 0.4698575208
-75.5032740484 0.0606491382 0.7251471095 0.4698409471
-75.5031581821 0.0606495197 0.7251437354 0.4698243396
-75.5030423405 0.0606499012 0.7251403616 0.4698076947
-75.5029265511 0.0606502824 0.7251369889 0.4697910083
-75.5028108413 0.0606506634 0.7251336182 0.4697742773
-75.5026952387 0.0606510441 0.7251302502 0.4697574982
-75.5025797710 0.0606514243 0.7251268858 0.4697406672
-75.5024644658 0.0606518039 0.7251235257 0.4697237805
-75.5023493510 0.0606521830 0.7251201709 0.4697068350
-75.5022344544 0.0606525613 0.7251168220 0.4696898273
-75.5021198042 0.0606529389 0.7251134799 0.4696727534
-75.5020054283 0.0606533155 0.7251101455 0.4696556098
-75.5018913550 0.0606536911 0.7251068196 0.4696383935
-75.5017776126 0.0606540657 0.7251035029 0.4696211011
-75.5016642296 0.0606544390 0.7251001964 0.4696037286
-75.5015512346 0.0606548111 0.7250969008 0.4695862731
-75.5014386563 0.0606551818 0.7250936171 0.4695687316
-75.5013265234 0.0606555511 0.7250903459 0.4695511004
-75.5012148651 0.0606559188 0.7250870883 0.4695333763
-75.5011037104 0.0606562848 0.7250838450 0.4695155565
-75.5009930887 0.0606566491 0.7250806169 0.4694976381
-75.5008830293 0.0606570116 0.7250774049 0.4694796177
-75.5007735620 0.0606573721 0.7250742099 0.4694614926
-75.5006647165 0.0606577305 0.7250710326 0.4694432605
-75.5005565228 0.0606580868 0.7250678740 0.4694249185
-75.5004490109 0.0606584409 0.7250647350 0.4694064638
-75.5003422113 0.0606587926 0.7250616165 0.4693878945
-75.5002361545 0.0606591419 0.7250585193 0.4693692087
-75.5001308711 0.0606594886 0.7250554444 0.4693504039
-75.5000263921 0.0606598327 0.7250523926 0.4693314783
-75.4999227486 0.0606601740 0.7250493649 0.4693124308
-75.4998199720 0.0606605125 0.7250463623 0.4692932601
-75.4997180936 0.0606608480 0.7250433855 0.4692739647
-75.4996171454 0.0606611805 0.7250404356 0.4692545441
-75.4995171593 0.0606615097 0.7250375136 0.4692349984
-75.4994181675 0.0606618358 0.7250346202 0.4692153272
-75.4993202024 0.0606621584 0.7250317566 0.4691955307
-75.4992232966 0.0606624776 0.7250289236 0.4691756102
-75.4991274832 0.0606627931 0.7250261223 0.4691555674
-75.4990327951 0.0606631050 0.7250233536 0.4691354036
-75.4989392658 0.0606634130 0.7250206185 0.4691151213
-75.4988469289 0.0606637171 0.7250179179 0.4690947246
-75.4987558182 0.0606640172 0.7250152530 0.4690742171
-75.4986659678 0.0606643132 0.7250126246 0.4690536034
-75.4985774121 0.0606646048 0.7250100338 0.4690328893
-75.4984901856 0.0606648921 0.7250074817 0.4690120822
-75.4984043233 0.0606651749 0.7250049692 0.4689911895
-75.4983198600 0.0606654531 0.7250024974 0.4689702199
-75.4982368311 0.0606657266 0.7250000673 0.4689491841
-75.4981552723 0.0606659952 0.7249976800 0.4689280944
-75.4980752191 0.0606662589 0.7249953365 0.4689069636
-75.4979967075 0.0606665175 0.7249930379 0.4688858063
-75.4979197738 0.0606667709 0.7249907853 0.4688646400
-75.4978444542 0.0606670190 0.7249885798 0.4688434835
-75.4977707853 0.0606672616 0.7249864223 0.4688223572
-75.4976988038 0.0606674987 0.7249843141 0.4688012839
-75.4976285464 0.0606677301 0.7249822562 0.4687802891
-75.4975600500 0.0606679557 0.7249802497 0.4687594009
-75.4974933516 0.0606681754 0.7249782956 0.4687386490
-75.4974284881 0.0606683891 0.7249763952 0.4687180656
-75.4973654964 0.0606685966 0.7249745494 0.4686976860
-75.4973044134 0.0606687978 0.7249727594 0.4686775485
-75.4972452756 0.0606689926 0.7249710263 0.4686576925
-75.4971881195 0.0606691808 0.7249693511 0.4686381597
-75.4971329810 0.0606693625 0.7249677349 0.4686189939
-75.4970798958 0.0606695373 0.7249661787 0.4686002411
-75.4970288989 0.0606697053 0.7249646837 0.4685819484
-75.4969800246 0.0606698663 0.7249632508 0.4685641628
-75.4969333064 0.0606700202 0.7249618810 0.4685469314
-75.4968887768 0.0606701669 0.7249605753 0.4685303012
-75.4968464675 0.0606703062 0.7249593347 0.4685143186
-75.4968064085 0.0606704382 0.7249581599 0.4684990287
-75.4967686290 0.0606705626 0.7249570520 0.4684844739
-75.4967331564 0.0606706795 0.7249560116 0.4684706938
-75.4967000165 0.0606707887 0.7249550396 0.4684577250
-75.4966692336 0.0606708901 0.7249541367 0.4684456009
-75.4966408303 0.0606709836 0.7249533036 0.4684343518
-75.4966148274 0.0606710693 0.7249525408 0.4684240047
-75.4965912440 0.0606711470 0.7249518490 0.4684145832
-75.4965700973 0.0606712166 0.7249512287 0.4684061076
-75.4965514026 0.0606712782 0.7249506803 0.4683985947
-75.4965351733 0.0606713317 0.7249502042 0.4683920586
-75.4965214213 0.0606713770 0.7249498007 0.4683865109
-75.4965101563 0.0606714141 0.7249494702 0.4683819605
-75.4965013863 0.0606714430 0.7249492129 0.4683784144
-75.4964951176 0.0606714636 0.7249490290 0.4683758780
-75.4964913546 0.0606714760 0.7249489186 0.4683743547
-75.4964900999 0.0606714801 0.7249488818 0.4683738468
-75.5093210292 0.0606292322 0.7253223530 0.4709019221
-75.5092893795 0.0606293363 0.7253214455 0.4708936221
-75.5092302955 0.0606295308 0.7253197509 0.4708780910
-75.5091650513 0.0606297455 0.7253178782 0.4708609810
-75.5090973248 0.0606299684 0.7253159329 0.4708433001
-75.5090277768 0.0606301972 0.7253139338 0.4708252757
-75.5089565509 0.0606304317 0.7253118852 0.4708070004
-75.5088837012 0.0606306714 0.7253097886 0.4707885377
-75.5088092665 0.0606309164 0.7253076451 0.4707699397
-75.5087332823 0.0606311665 0.7253054559 0.4707512506
-75.5086557832 0.0606314215 0.7253032219 0.4707325078
-75.5085768032 0.0606316815 0.7253009441 0.4707137430
-75.5084963758 0.0606319462 0.7252986235 0.4706949824
-75.5084145339 0.0606322156 0.7252962611 0.4706762477
-75.5083313102 0.0606324895 0.7252938579 0.4706575563
-75.5082467368 0.0606327678 0.7252914148 0.4706389221
-75.5081608454 0.0606330506 0.7252889327 0.4706203557
-75.5080736673 0.0606333375 0.7252864125 0.4706018654
-75.5079852337 0.0606336286 0.7252838553 0.4705834569
-75.5078955752 0.0606339237 0.7252812618 0.4705651341
-75.5078047222 0.0606342227 0.7252786330 0.4705468991
-75.5077127049 0.0606345256 0.7252759697 0.4705287533
-75.5076195534 0.0606348323 0.7252732729 0.4705106965
-75.5075252972 0.0606351425 0.7252705434 0.4704927278
-75.5074299658 0.0606354563 0.7252677821 0.4704748457
-75.5073335888 0.0606357736 0.7252649898 0.4704570485
-75.5072361952 0.0606360942 0.7252621674 0.4704393338
-75.5071378140 0.0606364180 0.7252593158 0.4704216991
-75.5070384743 0.0606367450 0.7252564357 0.4704041415
-75.5069382048 0.0606370751 0.7252535281 0.4703866585
-75.5068370341 0.0606374081 0.7252505938 0.4703692473
-75.5067349909 0.0606377440 0.7252476336 0.4703519048
-75.5066321036 0.0606380827 0.7252446484 0.4703346280
-75.5065284005 0.0606384241 0.7252416389 0.4703174142
-75.5064239100 0.0606387681 0.7252386061 0.4703002607
-75.5063186603 0.0606391146 0.7252355507 0.4702831641
-75.5062126793 0.0606394635 0.7252324736 0.4702661217
-75.5061059953 0.0606398147 0.7252293755 0.4702491307
-75.5059986361 0.0606401681 0.7252262574 0.4702321882
-75.5058906296 0.0606405237 0.7252231199 0.4702152909
-75.5057820036 0.0606408813 0.7252199640 0.4701984359
-75.5056727858 0.0606412408 0.7252167905 0.4701816205
-75.5055630041 0.0606416022 0.7252136001 0.4701648414
-75.5054526859 0.0606419654 0.7252103936 0.4701480953
-75.5053418588 0.0606423303 0.7252071719 0.4701313793
-75.5052305505 0.0606426967 0.7252039358 0.4701146903
-75.5051187884 0.0606430647 0.7252006861 0.4700980250
-75.5050065999 0.0606434341 0.7251974235 0.4700813799
-75.5048940125 0.0606438047 0.7251941490 0.4700647519
-75.5047810535 0.0606441766 0.7251908632 0.4700481379
-75.5046677504 0.0606445497 0.7251875669 0.4700315342
-75.5045541305 0.0606449237 0.7251842611 0.4700149373
-75.5044402212 0.0606452988 0.7251809464 0.4699983442
-75.5043260498 0.0606456747 0.7251776237 0.4699817513
-75.5042116437 0.0606460514 0.7251742938 0.4699651548
-75.5040970301 0.0606464287 0.7251709575 0.4699485513
-75.5039822365 0.0606468067 0.7251676155 0.4699319378
-75.5038672903 0.0606471851 0.7251642687 0.4699153103
-75.5037522188 0.0606475640 0.7251609179 0.4698986651
-75.5036370495 0.0606479432 0.7251575638 0.4698819989
-75.5035218098 0.0606483227 0.7251542074 0.4698653083
-75.5034065273 0.0606487022 0.7251508493 0.4698485894
-75.5032912294 0.0606490819 0.7251474903 0.4698318384
-75.5031759439 0.0606494615 0.7251441314 0.4698150523
-75.5030606983 0.0606498409 0.7251407733 0.4697982274
-75.5029455203 0.0606502202 0.7251374168 0.4697813596
-75.5028304378 0.0606505991 0.7251340627 0.4697644457
-75.5027154786 0.0606509777 0.7251307118 0.4697474823
-75.5026006707 0.0606513557 0.7251273650 0.4697304656
-75.5024860419 0.0606517331 0.7251240231 0.4697133917
-75.5023716205 0.0606521099 0.7251206868 0.4696962577
-75.5022574348 0.0606524859 0.7251173571 0.4696790600
-75.5021435128 0.0606528610 0.7251140347 0.4696617948
-75.5020298831 0.0606532352 0.7251107205 0.4696444585
-75.5019165743 0.0606536083 0.7251074153 0.4696270483
-75.5018036149 0.0606539803 0.7251041199 0.4696095606
-75.5016910336 0.0606543510 0.7251008353 0.4695919916
-75.5015788595 0.0606547204 0.7250975621 0.4695743384
-75.5014671216 0.0606550884 0.7250943014 0.4695565980
-75.5013558489 0.0606554548 0.7250910539 0.4695387668
-75.5012450709 0.0606558196 0.7250878205 0.4695208416
-75.5011348169 0.0606561827 0.7250846020 0.4695028198
-75.5010251166 0.0606565439 0.7250813994 0.4694846986
-75.5009159999 0.0606569033 0.7250782135 0.4694664745
-75.5008074965 0.0606572606 0.7250750451 0.4694481449
-75.5006996367 0.0606576158 0.7250718952 0.4694297079
-75.5005924508 0.0606579688 0.7250687647 0.4694111605
-75.5004859691 0.0606583194 0.7250656544 0.4693925000
-75.5003802225 0.0606586677 0.7250625653 0.4693737248
-75.5002752417 0.0606590134 0.7250594982 0.4693548331
-75.5001710579 0.0606593565 0.7250564541 0.4693358226
-75.5000677021 0.0606596969 0.7250534338 0.4693166917
-75.4999652060 0.0606600345 0.7250504384 0.4692974396
-75.4998636012 0.0606603691 0.7250474687 0.4692780653
-75.4997629196 0.0606607007 0.7250445257 0.4692585675
-75.4996631931 0.0606610291 0.7250416103 0.4692389461
-75.4995644544 0.0606613543 0.7250387234 0.4692192016
-75.4994667357 0.0606616761 0.7250358661 0.4691993340
-75.4993700699 0.0606619945 0.7250330393 0.4691793438
-75.4992744901 0.0606623093 0.7250302440 0.4691592329
-75.4991800294 0.0606626204 0.7250274811 0.4691390036
-75.4990867213 0.0606629277 0.7250247516 0.4691186578
-75.4989945996 0.0606632311 0.7250220565 0.4690981987
-75.4989036981 0.0606635305 0.7250193969 0.4690776309
-75.4988140512 0.0606638258 0.7250167737 0.4690569592
-75.4987256932 0.0606641168 0.7250141880 0.4690361888
-75.4986386588 0.0606644034 0.7250116407 0.4690153265
-75.4985529828 0.0606646856 0.7250091329 0.4689943809
-75.4984687006 0.0606649632 0.7250066657 0.4689733606
-75.4983858473 0.0606652361 0.7250042401 0.4689522756
-75.4983044587 0.0606655042 0.7250018571 0.4689311379
-75.4982245706 0.0606657673 0.7249995178 0.4689099612
-75.4981462189 0.0606660254 0.7249972232 0.4688887603
-75.4980694399 0.0606662783 0.7249949745 0.4688675514
-75.4979942701 0.0606665259 0.7249927727 0.4688463538
-75.4979207460 0.0606667680 0.7249906189 0.4688251884
-75.4978489043 0.0606670047 0.7249885142 0.4688040780
-75.4977787819 0.0606672356 0.7249864597 0.4687830472
-75.4977104157 0.0606674608 0.7249844565 0.4687621242
-75.4976438428 0.0606676801 0.7249825056 0.4687413394
-75.4975791001 0.0606678934 0.7249806082 0.4687207250
-75.4975162246 0.0606681005 0.7249787653 0.4687003158
-75.4974552531 0.0606683013 0.7249769781 0.4686801492
-75.4973962223 0.0606684957 0.7249752476 0.4686602658
-75.4973391687 0.0606686837 0.7249735750 0.4686407075
-75.4972841283 0.0606688650 0.7249719613 0.4686215178
-75.4972311367 0.0606690395 0.7249704075 0.4686027418
-75.4971802289 0.0606692072 0.7249689147 0.4685844265
-75.4971314394 0.0606693679 0.7249674839 0.4685666198
-75.4970848017 0.0606695215 0.7249661161 0.4685493691
-75.4970403485 0.0606696680 0.7249648123 0.4685327211
-75.4969981110 0.0606698071 0.7249635735 0.4685167214
-75.4969581197 0.0606699388 0.7249624004 0.4685014148
-75.4969204035 0.0606700631 0.7249612940 0.4684868440
-75.4968849900 0.0606701797 0.7249602551 0.4684730490
-75.4968519052 0.0606702887 0.7249592845 0.4684600670
-75.4968211732 0.0606703899 0.7249583829 0.4684479312
-75.4967928168 0.0606704834 0.7249575509 0.4684366717
-75.4967668566 0.0606705689 0.7249567892 0.4684263151
-75.4967433117 0.0606706464 0.7249560984 0.4684168846
-75.4967221994 0.0606707160 0.7249554789 0.4684084006
-75.4967035349 0.0606707775 0.7249549312 0.4684008799
-75.4966873319 0.0606708308 0.7249544558 0.4683943370
-75.4966736019 0.0606708761 0.7249540529 0.4683887832
-75.4966623550 0.0606709131 0.7249537228 0.4683842279
-75.4966535991 0.0606709419 0.7249534659 0.4683806780
-75.4966473404 0.0606709626 0.7249532822 0.4683781388
-75.4966435834 0.0606709749 0.7249531720 0.4683766139
-75.4966423308 0.0606709791 0.7249531352 0.4683761053
-75.5093210292 0.0606292322 0.7253223530 0.4709019221
-75.5092893795 0.0606293363 0.7253214455 0.4708936221
-75.5092302955 0.0606295308 0.7253197509 0.4708780910
-75.5091650513 0.0606297455 0.7253178782 0.4708609810
-75.5090973248 0.0606299684 0.7253159329 0.4708433001
-75.5090277768 0.0606301972 0.7253139338 0.4708252757
-75.5089565509 0.0606304317 0.7253118852 0.4708070004
-75.5088837012 0.0606306714 0.7253097886 0.4707885377
-75.5088092665 0.0606309164 0.7253076451 0.4707699397
-75.5087332823 0.0606311665 0.7253054559 0.4707512506
-75.5086557832 0.0606314215 0.7253032219 0.4707325078
-75.5085768032 0.0606316815 0.7253009441 0.4707137430
-75.5084963758 0.0606319462 0.7252986235 0.4706949824
-75.5084145339 0.0606322156 0.7252962611 0.4706762477
-75.5083313102 0.0606324895 0.7252938579 0.4706575563
-75.5082467368 0.0606327678 0.7252914148 0.4706389221
-75.5081608453 0.0606330506 0.7252889327 0.4706203557
-75.5080736673 0.0606333375 0.7252864125 0.4706018654
-75.5079852337 0.0606336286 0.7252838553 0.4705834569
-75.5078955752 0.0606339237 0.7252812618 0.4705651341
-75.5078047222 0.0606342227 0.7252786330 0.4705468991
-75.5077127049 0.0606345256 0.7252759697 0.4705287533
-75.5076195534 0.0606348323 0.7252732729 0.4705106965
-75.5075252971 0.0606351425 0.7252705434 0.4704927278
-75.5074299658 0.0606354563 0.7252677821 0.4704748457
-75.5073335887 0.0606357736 0.7252649898 0.4704570485
-75.5072361951 0.0606360942 0.7252621674 0.4704393338
-75.5071378140 0.0606364180 0.7252593158 0.4704216991
-75.5070384743 0.0606367450 0.7252564357 0.4704041415
-75.5069382047 0.0606370751 0.7252535281 0.4703866585
-75.5068370341 0.0606374081 0.7252505938 0.4703692473
-75.5067349909 0.0606377440 0.7252476336 0.4703519048
-75.5066321035 0.0606380827 0.7252446484 0.4703346280
-75.5065284005 0.0606384241 0.7252416389 0.4703174142
-75.5064239100 0.0606387681 0.7252386061 0.4703002607
-75.5063186602 0.0606391146 0.7252355507 0.4702831641
-75.5062126793 0.0606394635 0.7252324736 0.4702661217
-75.5061059953 0.0606398147 0.7252293755 0.4702491307
-75.5059986361 0.0606401681 0.7252262574 0.4702321882
-75.5058906296 0.0606405237 0.7252231199 0.4702152909
-75.5057820035 0.0606408813 0.7252199640 0.4701984359
-75.5056727858 0.0606412408 0.7252167905 0.4701816205
-75.5055630041 0.0606416022 0.7252136001 0.4701648414
-75.5054526858 0.0606419654 0.7252103936 0.4701480953
-75.5053418588 0.0606423303 0.7252071719 0.4701313793
-75.5052305505 0.0606426967 0.7252039358 0.4701146903
-75.5051187884 0.0606430647 0.7252006861 0.4700980250
-75.5050065998 0.0606434341 0.7251974235 0.4700813799
-75.5048940124 0.0606438047 0.7251941490 0.4700647519
-75.5047810535 0.0606441766 0.7251908632 0.4700481379
-75.5046677504 0.0606445497 0.7251875669 0.4700315342
-75.5045541305 0.0606449237 0.7251842611 0.4700149373
-75.5044402212 0.0606452988 0.7251809464 0.4699983442
-75.5043260498 0.0606456747 0.7251776237 0.4699817513
-75.5042116436 0.0606460514 0.7251742938 0.4699651548
-75.5040970301 0.0606464287 0.7251709575 0.4699485513
-75.5039822365 0.0606468067 0.7251676155 0.4699319378
-75.5038672903 0.0606471851 0.7251642687 0.4699153103
-75.5037522187 0.0606475640 0.7251609179 0.4698986651
-75.5036370494 0.0606479432 0.7251575638 0.4698819989
-75.5035218098 0.0606483227 0.7251542074 0.4698653083
-75.5034065272 0.0606487022 0.7251508493 0.4698485894
-75.5032912294 0.0606490819 0.7251474903 0.4698318384
-75.5031759439 0.0606494615 0.7251441314 0.4698150523
-75.5030606983 0.0606498409 0.7251407733 0.4697982274
-75.5029455203 0.0606502202 0.7251374168 0.4697813596
-75.5028304378 0.0606505991 0.7251340627 0.4697644457
-75.5027154786 0.0606509777 0.7251307118 0.4697474823
-75.5026006706 0.0606513557 0.7251273650 0.4697304656
-75.5024860419 0.0606517331 0.7251240231 0.4697133917
-75.5023716205 0.0606521099 0.7251206868 0.4696962577
-75.5022574347 0.0606524859 0.7251173571 0.4696790600
-75.5021435128 0.0606528610 0.7251140347 0.4696617948
-75.5020298831 0.0606532352 0.7251107205 0.4696444585
-75.5019165742 0.0606536083 0.7251074153 0.4696270483
-75.5018036148 0.0606539803 0.7251041199 0.4696095606
-75.5016910336 0.0606543510 0.7251008353 0.4695919916
-75.5015788595 0.0606547204 0.7250975621 0.4695743384
-75.5014671215 0.0606550884 0.7250943014 0.4695565980
-75.5013558489 0.0606554548 0.7250910539 0.4695387668
-75.5012450708 0.0606558196 0.7250878205 0.4695208416
-75.5011348168 0.0606561827 0.7250846020 0.4695028198
-75.5010251166 0.0606565439 0.7250813994 0.4694846986
-75.5009159998 0.0606569033 0.7250782135 0.4694664745
-75.5008074964 0.0606572606 0.7250750451 0.4694481449
-75.5006996367 0.0606576158 0.7250718952 0.4694297079
-75.5005924507 0.0606579688 0.7250687647 0.4694111605
-75.5004859691 0.0606583194 0.7250656544 0.4693925000
-75.5003802224 0.0606586677 0.7250625653 0.4693737248
-75.5002752417 0.0606590134 0.7250594982 0.4693548331
-75.5001710578 0.0606593565 0.7250564541 0.4693358226
-75.5000677021 0.0606596969 0.7250534338 0.4693166917
-75.4999652060 0.0606600345 0.7250504384 0.4692974396
-75.4998636012 0.0606603691 0.7250474687 0.4692780653
-75.4997629195 0.0606607007 0.7250445257 0.4692585675
-75.4996631931 0.0606610291 0.7250416103 0.4692389461
-75.4995644543 0.0606613543 0.7250387234 0.4692192016
-75.4994667357 0.0606616761 0.7250358661 0.4691993340
-75.4993700699 0.0606619945 0.7250330393 0.4691793438
-75.4992744900 0.0606623093 0.7250302440 0.4691592329
-75.4991800293 0.0606626204 0.7250274811 0.4691390036
-75.4990867213 0.0606629277 0.7250247516 0.4691186578
-75.4989945995 0.0606632311 0.7250220565 0.4690981987
-75.4989036981 0.0606635305 0.7250193969 0.4690776309
-75.4988140512 0.0606638258 0.7250167737 0.4690569592
-75.4987256932 0.0606641168 0.7250141880 0.4690361888
-75.4986386587 0.0606644034 0.7250116407 0.4690153265
-75.4985529828 0.0606646856 0.7250091329 0.4689943809
-75.4984687006 0.0606649632 0.7250066657 0.4689733606
-75.4983858473 0.0606652361 0.7250042401 0.4689522756
-75.4983044587 0.0606655042 0.7250018571 0.4689311379
-75.4982245705 0.0606657673 0.7249995178 0.4689099612
-75.4981462189 0.0606660254 0.7249972232 0.4688887603
-75.4980694399 0.0606662783 0.7249949745 0.4688675514
-75.4979942700 0.0606665259 0.7249927727 0.4688463538
-75.4979207459 0.0606667680 0.7249906189 0.4688251884
-75.4978489043 0.0606670047 0.7249885142 0.4688040780
-75.4977787818 0.0606672356 0.7249864597 0.4687830472
-75.4977104157 0.0606674608 0.7249844565 0.4687621242
-75.4976438427 0.0606676801 0.7249825056 0.4687413394
-75.4975791001 0.0606678934 0.7249806082 0.4687207250
-75.4975162245 0.0606681005 0.7249787653 0.4687003158
-75.4974552530 0.0606683013 0.7249769781 0.4686801492
-75.4973962222 0.0606684957 0.7249752476 0.4686602658
-75.4973391687 0.0606686837 0.7249735750 0.4686407075
-75.4972841282 0.0606688650 0.7249719613 0.4686215178
-75.4972311366 0.0606690395 0.7249704075 0.4686027418
-75.4971802289 0.0606692072 0.7249689147 0.4685844265
-75.4971314394 0.0606693679 0.7249674839 0.4685666198
-75.4970848017 0.0606695215 0.7249661161 0.4685493691
-75.4970403484 0.0606696680 0.7249648123 0.4685327211
-75.4969981109 0.0606698071 0.7249635735 0.4685167214
-75.4969581196 0.0606699388 0.7249624004 0.4685014148
-75.4969204035 0.0606700631 0.7249612940 0.4684868440
-75.4968849900 0.0606701797 0.7249602551 0.4684730490
-75.4968519051 0.0606702887 0.7249592845 0.4684600670
-75.4968211732 0.0606703899 0.7249583829 0.4684479312
-75.4967928167 0.0606704834 0.7249575509 0.4684366717
-75.4967668565 0.0606705689 0.7249567892 0.4684263151
-75.4967433117 0.0606706464 0.7249560984 0.4684168846
-75.4967221993 0.0606707160 0.7249554789 0.4684084006
-75.4967035348 0.0606707775 0.7249549312 0.4684008799
-75.4966873318 0.0606708308 0.7249544558 0.4683943370
-75.4966736019 0.0606708761 0.7249540529 0.4683887832
-75.4966623550 0.0606709131 0.7249537228 0.4683842279
-75.4966535990 0.0606709419 0.7249534659 0.4683806780
-75.4966473404 0.0606709626 0.7249532822 0.4683781388
-75.4966435834 0.0606709749 0.7249531720 0.4683766139
-75.4966423307 0.0606709791 0.7249531352 0.4683761054
-75.5093210292 0.0606292322 0.7253223530 0.4709019221
-75.5092893795 0.0606293363 0.7253214455 0.4708936221
-75.5092302955 0.0606295308 0.7253197509 0.4708780910
-75.5091650513 0.0606297455 0.7253178782 0.4708609810
-75.5090973248 0.0606299684 0.7253159329 0.4708433001
-75.5090277768 0.0606301972 0.7253139338 0.4708252757
-75.5089565508 0.0606304317 0.7253118852 0.4708070004
-75.5088837012 0.0606306714 0.7253097886 0.4707885377
-75.5088092665 0.0606309164 0.7253076451 0.4707699397
-75.5087332823 0.0606311665 0.7253054559 0.4707512506
-75.5086557832 0.0606314215 0.7253032219 0.4707325078
-75.5085768032 0.0606316815 0.7253009441 0.4707137430
-75.5084963758 0.0606319462 0.7252986235 0.4706949824
-75.5084145339 0.0606322156 0.7252962611 0.4706762477
-75.5083313102 0.0606324895 0.7252938579 0.4706575563
-75.5082467368 0.0606327678 0.7252914148 0.4706389221
-75.5081608453 0.0606330506 0.7252889327 0.4706203557
-75.5080736673 0.0606333375 0.7252864125 0.4706018654
-75.5079852337 0.0606336286 0.7252838553 0.4705834569
-75.5078955751 0.0606339237 0.7252812618 0.4705651341
-75.5078047222 0.0606342227 0.7252786330 0.4705468991
-75.5077127049 0.0606345256 0.7252759697 0.4705287533
-75.5076195533 0.0606348323 0.7252732729 0.4705106965
-75.5075252971 0.0606351425 0.7252705434 0.4704927278
-75.5074299658 0.0606354563 0.7252677821 0.4704748457
-75.5073335887 0.0606357736 0.7252649898 0.4704570485
-75.5072361951 0.0606360942 0.7252621674 0.4704393338
-75.5071378140 0.0606364180 0.7252593158 0.4704216991
-75.5070384743 0.0606367450 0.7252564357 0.4704041415
-75.5069382047 0.0606370751 0.7252535281 0.4703866585
-75.5068370341 0.0606374081 0.7252505938 0.4703692473
-75.5067349909 0.0606377440 0.7252476336 0.4703519048
-75.5066321035 0.0606380827 0.7252446484 0.4703346280
-75.5065284005 0.0606384241 0.7252416389 0.4703174142
-75.5064239100 0.0606387681 0.7252386061 0.4703002607
-75.5063186602 0.0606391146 0.7252355507 0.4702831641
-75.5062126793 0.0606394635 0.7252324736 0.4702661217
-75.5061059953 0.0606398147 0.7252293755 0.4702491307
-75.5059986360 0.0606401681 0.7252262574 0.4702321882
-75.5058906295 0.0606405237 0.7252231199 0.4702152909
-75.5057820035 0.0606408813 0.7252199640 0.4701984359
-75.5056727858 0.0606412408 0.7252167905 0.4701816205
-75.5055630040 0.0606416022 0.7252136001 0.4701648414
-75.5054526858 0.0606419654 0.7252103936 0.4701480953
-75.5053418588 0.0606423303 0.7252071719 0.4701313793
-75.5052305505 0.0606426967 0.7252039358 0.4701146903
-75.5051187883 0.0606430647 0.7252006861 0.4700980250
-75.5050065998 0.0606434341 0.7251974235 0.4700813799
-75.5048940124 0.0606438047 0.7251941490 0.4700647519
-75.5047810535 0.0606441766 0.7251908632 0.4700481379
-75.5046677504 0.0606445497 0.7251875669 0.4700315342
-75.5045541305 0.0606449237 0.7251842611 0.4700149373
-75.5044402212 0.0606452988 0.7251809464 0.4699983442
-75.5043260498 0.0606456747 0.7251776237 0.4699817513
-75.5042116436 0.0606460514 0.7251742938 0.4699651548
-75.5040970300 0.0606464287 0.7251709575 0.4699485513
-75.5039822364 0.0606468067 0.7251676155 0.4699319378
-75.5038672902 0.0606471851 0.7251642687 0.4699153103
-75.5037522187 0.0606475640 0.7251609179 0.4698986651
-75.5036370494 0.0606479432 0.7251575638 0.4698819989
-75.5035218097 0.0606483227 0.7251542074 0.4698653083
-75.5034065272 0.0606487022 0.7251508493 0.4698485894
-75.5032912294 0.0606490819 0.7251474903 0.4698318384
-75.5031759438 0.0606494615 0.7251441314 0.4698150523
-75.5030606982 0.0606498409 0.7251407733 0.4697982274
-75.5029455203 0.0606502202 0.7251374168 0.4697813596
-75.5028304378 0.0606505991 0.7251340627 0.4697644457
-75.5027154786 0.0606509777 0.7251307118 0.4697474823
-75.5026006706 0.0606513557 0.7251273650 0.4697304656
-75.5024860418 0.0606517331 0.7251240231 0.4697133917
-75.5023716205 0.0606521099 0.7251206868 0.4696962577
-75.5022574347 0.0606524859 0.7251173571 0.4696790600
-75.5021435127 0.0606528610 0.7251140347 0.4696617948
-75.5020298830 0.0606532352 0.7251107205 0.4696444585
-75.5019165742 0.0606536083 0.7251074153 0.4696270483
-75.5018036148 0.0606539803 0.7251041199 0.4696095606
-75.5016910336 0.0606543510 0.7251008353 0.4695919916
-75.5015788595 0.0606547204 0.7250975621 0.4695743384
-75.5014671215 0.0606550884 0.7250943014 0.4695565980
-75.5013558488 0.0606554548 0.7250910539 0.4695387668
-75.5012450708 0.0606558196 0.7250878205 0.4695208416
-75.5011348168 0.0606561827 0.7250846020 0.4695028198
-75.5010251166 0.0606565439 0.7250813994 0.4694846986
-75.5009159998 0.0606569033 0.7250782135 0.4694664745
-75.5008074964 0.0606572606 0.7250750451 0.4694481449
-75.5006996366 0.0606576158 0.7250718952 0.4694297079
-75.5005924507 0.0606579688 0.7250687647 0.4694111605
-75.5004859690 0.0606583194 0.7250656544 0.4693925000
-75.5003802224 0.0606586677 0.7250625653 0.4693737248
-75.5002752417 0.0606590134 0.7250594982 0.4693548331
-75.5001710578 0.0606593565 0.7250564541 0.4693358226
-75.5000677020 0.0606596969 0.7250534338 0.4693166917
-75.4999652059 0.0606600345 0.7250504384 0.4692974396
-75.4998636011 0.0606603691 0.7250474687 0.4692780653
-75.4997629195 0.0606607007 0.7250445257 0.4692585675
-75.4996631931 0.0606610291 0.7250416103 0.4692389461
-75.4995644543 0.0606613543 0.7250387234 0.4692192016
-75.4994667356 0.0606616761 0.7250358661 0.4691993340
-75.4993700698 0.0606619945 0.7250330393 0.4691793438
-75.4992744900 0.0606623093 0.7250302440 0.4691592329
-75.4991800293 0.0606626204 0.7250274811 0.4691390036
-75.4990867212 0.0606629277 0.7250247516 0.4691186578
-75.4989945995 0.0606632311 0.7250220565 0.4690981987
-75.4989036981 0.0606635305 0.7250193969 0.4690776309
-75.4988140511 0.0606638258 0.7250167737 0.4690569592
-75.4987256931 0.0606641168 0.7250141880 0.4690361888
-75.4986386587 0.0606644034 0.7250116407 0.4690153265
-75.4985529828 0.0606646856 0.7250091329 0.4689943809
-75.4984687005 0.0606649632 0.7250066657 0.4689733606
-75.4983858473 0.0606652361 0.7250042400 0.4689522756
-75.4983044586 0.0606655042 0.7250018571 0.4689311379
-75.4982245705 0.0606657673 0.7249995178 0.4689099612
-75.4981462188 0.0606660254 0.7249972232 0.4688887603
-75.4980694398 0.0606662783 0.7249949745 0.4688675515
-75.4979942700 0.0606665259 0.7249927727 0.4688463538
-75.4979207459 0.0606667680 0.7249906189 0.4688251884
-75.4978489042 0.0606670047 0.7249885142 0.4688040780
-75.4977787818 0.0606672356 0.7249864597 0.4687830472
-75.4977104156 0.0606674608 0.7249844565 0.4687621242
-75.4976438427 0.0606676801 0.7249825056 0.4687413394
-75.4975791000 0.0606678934 0.7249806082 0.4687207250
-75.4975162245 0.0606681005 0.7249787653 0.4687003158
-75.4974552530 0.0606683013 0.7249769781 0.4686801492
-75.4973962222 0.0606684957 0.7249752476 0.4686602658
-75.4973391686 0.0606686837 0.7249735750 0.4686407075
-75.4972841282 0.0606688650 0.7249719613 0.4686215178
-75.4972311366 0.0606690395 0.7249704075 0.4686027418
-75.4971802288 0.0606692072 0.7249689147 0.4685844265
-75.4971314393 0.0606693679 0.7249674839 0.4685666198
-75.4970848017 0.0606695215 0.7249661161 0.4685493691
-75.4970403484 0.0606696680 0.7249648123 0.4685327211
-75.4969981109 0.0606698071 0.7249635735 0.4685167214
-75.4969581196 0.0606699388 0.7249624004 0.4685014148
-75.4969204034 0.0606700631 0.7249612940 0.4684868440
-75.4968849899 0.0606701797 0.7249602551 0.4684730490
-75.4968519051 0.0606702887 0.7249592845 0.4684600670
-75.4968211731 0.0606703899 0.7249583829 0.4684479312
-75.4967928167 0.0606704834 0.7249575509 0.4684366717
-75.4967668565 0.0606705689 0.7249567892 0.4684263151
-75.4967433116 0.0606706464 0.7249560984 0.4684168846
-75.4967221993 0.0606707160 0.7249554789 0.4684084006
-75.4967035348 0.0606707775 0.7249549312 0.4684008799
-75.4966873318 0.0606708308 0.7249544558 0.4683943370
-75.4966736019 0.0606708761 0.7249540529 0.4683887832
-75.4966623549 0.0606709131 0.7249537228 0.4683842279
-75.4966535990 0.0606709419 0.7249534659 0.4683806780
-75.4966473403 0.0606709626 0.7249532822 0.4683781388
-75.4966435833 0.0606709749 0.7249531720 0.4683766139
-75.4966423307 0.0606709791 0.7249531352 0.4683761054
-75.5093210292 0.0606292322 0.7253223530 0.4709019221
-75.5092893795 0.0606293363 0.7253214455 0.4708936221
-75.5092302955 0.0606295308 0.7253197509 0.4708780910
-75.5091650513 0.0606297455 0.7253178782 0.4708609810
-75.5090973248 0.0606299684 0.7253159329 0.4708433001
-75.5090277768 0.0606301972 0.7253139338 0.4708252757
-75.5089565508 0.0606304317 0.7253118852 0.4708070004
-75.5088837012 0.0606306714 0.7253097886 0.4707885377
-75.5088092665 0.0606309164 0.7253076451 0.4707699397
-75.5087332823 0.0606311665 0.7253054559 0.4707512506
-75.5086557832 0.0606314215 0.7253032219 0.4707325078
-75.5085768032 0.0606316815 0.7253009441 0.4707137430
-75.5084963758 0.0606319462 0.7252986235 0.4706949824
-75.5084145339 0.0606322156 0.7252962611 0.4706762477
-75.5083313102 0.0606324895 0.7252938579 0.4706575563
-75.5082467368 0.0606327678 0.7252914148 0.4706389221
-75.5081608453 0.0606330506 0.7252889327 0.4706203557
-75.5080736673 0.0606333375 0.7252864125 0.4706018654
-75.5079852336 0.0606336286 0.7252838553 0.4705834569
-75.5078955751 0.0606339237 0.7252812618 0.4705651341
-75.5078047222 0.0606342227 0.7252786330 0.4705468991
-75.5077127049 0.0606345256 0.7252759697 0.4705287533
-75.5076195533 0.0606348323 0.7252732729 0.4705106965
-75.5075252971 0.0606351425 0.7252705434 0.4704927278
-75.5074299658 0.0606354563 0.7252677821 0.4704748457
-75.5073335887 0.0606357736 0.7252649898 0.4704570485
-75.5072361951 0.0606360942 0.7252621674 0.4704393338
-75.5071378140 0.0606364180 0.7252593158 0.4704216991
-75.5070384743 0.0606367450 0.7252564357 0.4704041415
-75.5069382047 0.0606370751 0.7252535281 0.4703866585
-75.5068370341 0.0606374081 0.7252505938 0.4703692473
-75.5067349908 0.0606377440 0.7252476336 0.4703519048
-75.5066321035 0.0606380827 0.7252446484 0.4703346280
-75.5065284005 0.0606384241 0.7252416389 0.4703174142
-75.5064239100 0.0606387681 0.7252386061 0.4703002607
-75.5063186602 0.0606391146 0.7252355507 0.4702831641
-75.5062126793 0.0606394635 0.7252324736 0.4702661217
-75.5061059952 0.0606398147 0.7252293755 0.4702491307
-75.5059986360 0.0606401681 0.7252262574 0.4702321882
-75.5058906295 0.0606405237 0.7252231199 0.4702152909
-75.5057820035 0.0606408813 0.7252199640 0.4701984359
-75.5056727858 0.0606412408 0.7252167905 0.4701816205
-75.5055630040 0.0606416022 0.7252136001 0.4701648414
-75.5054526858 0.0606419654 0.7252103936 0.4701480953
-75.5053418588 0.0606423303 0.7252071719 0.4701313793
-75.5052305504 0.0606426967 0.7252039358 0.4701146903
-75.5051187883 0.0606430647 0.7252006861 0.4700980250
-75.5050065998 0.0606434341 0.7251974235 0.4700813799
-75.5048940124 0.0606438047 0.7251941490 0.4700647519
-75.5047810534 0.0606441766 0.7251908632 0.4700481379
-75.5046677504 0.0606445497 0.7251875669 0.4700315342
-75.5045541305 0.0606449237 0.7251842611 0.4700149373
-75.5044402211 0.0606452988 0.7251809464 0.4699983442
-75.5043260497 0.0606456747 0.7251776237 0.4699817513
-75.5042116436 0.0606460514 0.7251742938 0.4699651548
-75.5040970300 0.0606464287 0.7251709575 0.4699485513
-75.5039822364 0.0606468067 0.7251676155 0.4699319378
-75.5038672902 0.0606471851 0.7251642687 0.4699153103
-75.5037522187 0.0606475640 0.7251609179 0.4698986651
-75.5036370494 0.0606479432 0.7251575638 0.4698819989
-75.5035218097 0.0606483227 0.7251542074 0.4698653083
-75.5034065272 0.0606487022 0.7251508493 0.4698485894
-75.5032912293 0.0606490819 0.7251474903 0.4698318384
-75.5031759438 0.0606494615 0.7251441314 0.4698150523
-75.5030606982 0.0606498409 0.7251407733 0.4697982274
-75.5029455202 0.0606502202 0.7251374168 0.4697813596
-75.5028304377 0.0606505991 0.7251340627 0.4697644457
-75.5027154785 0.0606509777 0.7251307118 0.4697474823
-75.5026006706 0.0606513557 0.7251273650 0.4697304656
-75.5024860418 0.0606517331 0.7251240231 0.4697133917
-75.5023716204 0.0606521099 0.7251206868 0.4696962577
-75.5022574346 0.0606524859 0.7251173571 0.4696790600
-75.5021435127 0.0606528610 0.7251140347 0.4696617948
-75.5020298830 0.0606532352 0.7251107205 0.4696444585
-75.5019165742 0.0606536083 0.7251074153 0.4696270483
-75.5018036148 0.0606539803 0.7251041199 0.4696095606
-75.5016910335 0.0606543510 0.7251008353 0.4695919916
-75.5015788594 0.0606547204 0.7250975621 0.4695743384
-75.5014671215 0.0606550884 0.7250943014 0.4695565980
-75.5013558488 0.0606554548 0.7250910539 0.4695387668
-75.5012450707 0.0606558196 0.7250878205 0.4695208416
-75.5011348168 0.0606561827 0.7250846020 0.4695028198
-75.5010251165 0.0606565439 0.7250813994 0.4694846986
-75.5009159997 0.0606569033 0.7250782134 0.4694664745
-75.5008074964 0.0606572606 0.7250750451 0.4694481449
-75.5006996366 0.0606576158 0.7250718952 0.4694297079
-75.5005924507 0.0606579688 0.7250687647 0.4694111605
-75.5004859690 0.0606583194 0.7250656544 0.4693925000
-75.5003802224 0.0606586677 0.7250625653 0.4693737248
-75.5002752416 0.0606590134 0.7250594982 0.4693548331
-75.5001710577 0.0606593565 0.7250564541 0.4693358226
-75.5000677020 0.0606596969 0.7250534338 0.4693166917
-75.4999652059 0.0606600345 0.7250504384 0.4692974396
-75.4998636011 0.0606603691 0.7250474687 0.4692780653
-75.4997629194 0.0606607007 0.7250445257 0.4692585675
-75.4996631930 0.0606610291 0.7250416103 0.4692389461
-75.4995644542 0.0606613543 0.7250387234 0.4692192016
-75.4994667356 0.0606616761 0.7250358661 0.4691993340
-75.4993700698 0.0606619945 0.7250330393 0.4691793438
-75.4992744899 0.0606623093 0.7250302440 0.4691592329
-75.4991800293 0.0606626204 0.7250274811 0.4691390036
-75.4990867212 0.0606629277 0.7250247516 0.4691186578
-75.4989945994 0.0606632311 0.7250220565 0.4690981987
-75.4989036980 0.0606635305 0.7250193969 0.4690776309
-75.4988140511 0.0606638258 0.7250167737 0.4690569592
-75.4987256931 0.0606641168 0.7250141880 0.4690361888
-75.4986386586 0.0606644034 0.7250116407 0.4690153265
-75.4985529827 0.0606646856 0.7250091329 0.4689943809
-75.4984687005 0.0606649632 0.7250066657 0.4689733606
-75.4983858472 0.0606652361 0.7250042400 0.4689522756
-75.4983044586 0.0606655042 0.7250018570 0.4689311379
-75.4982245704 0.0606657673 0.7249995177 0.4689099612
-75.4981462188 0.0606660254 0.7249972232 0.4688887603
-75.4980694398 0.0606662783 0.7249949745 0.4688675515
-75.4979942699 0.0606665259 0.7249927727 0.4688463538
-75.4979207458 0.0606667680 0.7249906189 0.4688251884
-75.4978489042 0.0606670047 0.7249885142 0.4688040780
-75.4977787818 0.0606672356 0.7249864597 0.4687830472
-75.4977104156 0.0606674608 0.7249844565 0.4687621242
-75.4976438427 0.0606676801 0.7249825056 0.4687413394
-75.4975791000 0.0606678934 0.7249806082 0.4687207250
-75.4975162244 0.0606681005 0.7249787653 0.4687003158
-75.4974552529 0.0606683013 0.7249769781 0.4686801492
-75.4973962222 0.0606684957 0.7249752476 0.4686602658
-75.4973391686 0.0606686837 0.7249735750 0.4686407075
-75.4972841282 0.0606688650 0.7249719613 0.4686215178
-75.4972311365 0.0606690395 0.7249704075 0.4686027418
-75.4971802288 0.0606692072 0.7249689147 0.4685844265
-75.4971314393 0.0606693679 0.7249674839 0.4685666198
-75.4970848016 0.0606695215 0.7249661161 0.4685493691
-75.4970403483 0.0606696680 0.7249648123 0.4685327211
-75.4969981109 0.0606698071 0.7249635735 0.4685167214
-75.4969581196 0.0606699388 0.7249624004 0.4685014148
-75.4969204034 0.0606700631 0.7249612940 0.4684868440
-75.4968849899 0.0606701797 0.7249602551 0.4684730490
-75.4968519050 0.0606702887 0.7249592845 0.4684600670
-75.4968211731 0.0606703899 0.7249583829 0.4684479312
-75.4967928166 0.0606704834 0.7249575509 0.4684366717
-75.4967668564 0.0606705689 0.7249567892 0.4684263151
-75.4967433116 0.0606706464 0.7249560984 0.4684168846
-75.4967221992 0.0606707160 0.7249554789 0.4684084006
-75.4967035348 0.0606707775 0.7249549312 0.4684008799
-75.4966873317 0.0606708308 0.7249544558 0.4683943370
-75.4966736018 0.0606708761 0.7249540529 0.4683887832
-75.4966623549 0.0606709131 0.7249537228 0.4683842279
-75.4966535989 0.0606709419 0.7249534659 0.4683806780
-75.4966473403 0.0606709626 0.7249532822 0.4683781388
-75.4966435833 0.0606709749 0.7249531720 0.4683766139
-75.4966423306 0.0606709791 0.7249531352 0.4683761054
-75.5093209135 0.0606292325 0.7253223515 0.4709020369
-75.5092891376 0.0606293371 0.7253214422 0.4708938620
-75.5092299252 0.0606295320 0.7253197458 0.4708784578
-75.5091645516 0.0606297471 0.7253178714 0.4708614751
-75.5090966950 0.0606299704 0.7253159243 0.4708439217
-75.5090270158 0.0606301997 0.7253139234 0.4708260250
-75.5089556573 0.0606304346 0.7253118730 0.4708078776
-75.5088826737 0.0606306748 0.7253097744 0.4707895431
-75.5088081033 0.0606309202 0.7253076290 0.4707710734
-75.5087319816 0.0606311707 0.7253054378 0.4707525129
-75.5086543429 0.0606314262 0.7253032017 0.4707338991
-75.5085752209 0.0606316866 0.7253009217 0.4707152635
-75.5084946490 0.0606319518 0.7252985990 0.4706966324
-75.5084126599 0.0606322217 0.7252962343 0.4706780277
-75.5083292860 0.0606324961 0.7252938287 0.4706594666
-75.5082445592 0.0606327750 0.7252913830 0.4706409632
-75.5081585109 0.0606330582 0.7252888984 0.4706225280
-75.5080711725 0.0606333456 0.7252863755 0.4706041693
-75.5079825746 0.0606336373 0.7252838155 0.4705858930
-75.5078927478 0.0606339329 0.7252812191 0.4705677028
-75.5078017222 0.0606342325 0.7252785872 0.4705496011
-75.5077095279 0.0606345360 0.7252759208 0.4705315890
-75.5076161945 0.0606348432 0.7252732206 0.4705136666
-75.5075217516 0.0606351541 0.7252704876 0.4704958330
-75.5074262283 0.0606354685 0.7252677227 0.4704780865
-75.5073296540 0.0606357864 0.7252649266 0.4704604256
-75.5072320574 0.0606361077 0.7252621003 0.4704428479
-75.5071334676 0.0606364322 0.7252592445 0.4704253509
-75.5070339130 0.0606367599 0.7252563601 0.4704079318
-75.5069334224 0.0606370907 0.7252534481 0.4703905881
-75.5068320241 0.0606374245 0.7252505090 0.4703733169
-75.5067297465 0.0606377612 0.7252475440 0.4703561152
-75.5066266178 0.0606381007 0.7252445536 0.4703389801
-75.5065226661 0.0606384429 0.7252415389 0.4703219089
-75.5064179196 0.0606387877 0.7252385005 0.4703048988
-75.5063124061 0.0606391350 0.7252354393 0.4702879466
-75.5062061535 0.0606394848 0.7252323562 0.4702710495
-75.5060991897 0.0606398369 0.7252292519 0.4702542047
-75.5059915422 0.0606401913 0.7252261272 0.4702374095
-75.5058832389 0.0606405478 0.7252229830 0.4702206605
-75.5057743071 0.0606409065 0.7252198201 0.4702039548
-75.5056647745 0.0606412670 0.7252166393 0.4701872897
-75.5055546685 0.0606416295 0.7252134413 0.4701706621
-75.5054440164 0.0606419938 0.7252102270 0.4701540686
-75.5053328457 0.0606423598 0.7252069971 0.4701375062
-75.5052211835 0.0606427274 0.7252037526 0.4701209721
-75.5051090572 0.0606430966 0.7252004941 0.4701044628
-75.5049964938 0.0606434672 0.7251972224 0.4700879749
-75.5048835207 0.0606438391 0.7251939384 0.4700715053
-75.5047701649 0.0606442123 0.7251906429 0.4700550510
-75.5046564536 0.0606445867 0.7251873366 0.4700386082
-75.5045424138 0.0606449621 0.7251840203 0.4700221734
-75.5044280726 0.0606453386 0.7251806948 0.4700057438
-75.5043134572 0.0606457159 0.7251773610 0.4699893157
-75.5041985946 0.0606460941 0.7251740196 0.4699728853
-75.5040835119 0.0606464730 0.7251706713 0.4699564493
-75.5039682362 0.0606468526 0.7251673170 0.4699400045
-75.5038527946 0.0606472327 0.7251639576 0.4699235472
-75.5037372142 0.0606476132 0.7251605936 0.4699070735
-75.5036215221 0.0606479941 0.7251572261 0.4698905802
-75.5035057456 0.0606483753 0.7251538557 0.4698740640
-75.5033899119 0.0606487567 0.7251504832 0.4698575208
-75.5032740482 0.0606491382 0.7251471095 0.4698409471
-75.5031581819 0.0606495197 0.7251437354 0.4698243396
-75.5030423404 0.0606499012 0.7251403616 0.4698076947
-75.5029265509 0.0606502824 0.7251369889 0.4697910083
-75.5028108411 0.0606506634 0.7251336182 0.4697742773
-75.5026952385 0.0606510441 0.7251302502 0.4697574982
-75.5025797708 0.0606514243 0.7251268858 0.4697406672
-75.5024644656 0.0606518039 0.7251235257 0.4697237805
-75.5023493508 0.0606521830 0.7251201709 0.4697068350
-75.5022344543 0.0606525613 0.7251168220 0.4696898273
-75.5021198040 0.0606529389 0.7251134799 0.4696727534
-75.5020054281 0.0606533155 0.7251101455 0.4696556098
-75.5018913548 0.0606536911 0.7251068196 0.4696383935
-75.5017776125 0.0606540657 0.7251035029 0.4696211011
-75.5016642295 0.0606544390 0.7251001964 0.4696037286
-75.5015512344 0.0606548111 0.7250969008 0.4695862731
-75.5014386561 0.0606551818 0.7250936171 0.4695687316
-75.5013265232 0.0606555511 0.7250903459 0.4695511004
-75.5012148649 0.0606559188 0.7250870883 0.4695333763
-75.5011037102 0.0606562848 0.7250838450 0.4695155565
-75.5009930885 0.0606566491 0.7250806169 0.4694976381
-75.5008830291 0.0606570116 0.7250774049 0.4694796177
-75.5007735618 0.0606573721 0.7250742099 0.4694614926
-75.5006647163 0.0606577305 0.7250710326 0.4694432605
-75.5005565226 0.0606580868 0.7250678740 0.4694249185
-75.5004490107 0.0606584409 0.7250647350 0.4694064638
-75.5003422111 0.0606587926 0.7250616165 0.4693878945
-75.5002361543 0.0606591419 0.7250585193 0.4693692087
-75.5001308709 0.0606594886 0.7250554444 0.4693504039
-75.5000263919 0.0606598327 0.7250523926 0.4693314783
-75.4999227484 0.0606601740 0.7250493649 0.4693124308
-75.4998199718 0.0606605125 0.7250463623 0.4692932601
-75.4997180934 0.0606608480 0.7250433855 0.4692739647
-75.4996171452 0.0606611805 0.7250404356 0.4692545441
-75.4995171591 0.0606615097 0.7250375136 0.4692349984
-75.4994181673 0.0606618358 0.7250346202 0.4692153272
-75.4993202022 0.0606621584 0.7250317566 0.4691955307
-75.4992232964 0.0606624776 0.7250289236 0.4691756102
-75.4991274830 0.0606627931 0.7250261223 0.4691555674
-75.4990327949 0.0606631050 0.7250233536 0.4691354036
-75.4989392656 0.0606634130 0.7250206185 0.4691151213
-75.4988469286 0.0606637171 0.7250179179 0.4690947246
-75.4987558180 0.0606640172 0.7250152530 0.4690742171
-75.4986659676 0.0606643132 0.7250126246 0.4690536034
-75.4985774119 0.0606646048 0.7250100338 0.4690328893
-75.4984901854 0.0606648921 0.7250074817 0.4690120822
-75.4984043230 0.0606651749 0.7250049692 0.4689911895
-75.4983198598 0.0606654531 0.7250024974 0.4689702199
-75.4982368309 0.0606657266 0.7250000673 0.4689491841
-75.4981552720 0.0606659952 0.7249976800 0.4689280944
-75.4980752188 0.0606662589 0.7249953365 0.4689069636
-75.4979967073 0.0606665175 0.7249930379 0.4688858063
-75.4979197735 0.0606667709 0.7249907853 0.4688646400
-75.4978444540 0.0606670190 0.7249885798 0.4688434835
-75.4977707851 0.0606672616 0.7249864223 0.4688223572
-75.4976988035 0.0606674987 0.7249843141 0.4688012839
-75.4976285461 0.0606677301 0.7249822562 0.4687802891
-75.4975600498 0.0606679557 0.7249802497 0.4687594009
-75.4974933514 0.0606681754 0.7249782956 0.4687386490
-75.4974284879 0.0606683891 0.7249763952 0.4687180656
-75.4973654962 0.0606685966 0.7249745494 0.4686976861
-75.4973044131 0.0606687978 0.7249727594 0.4686775485
-75.4972452754 0.0606689926 0.7249710263 0.4686576925
-75.4971881193 0.0606691808 0.7249693511 0.4686381597
-75.4971329808 0.0606693625 0.7249677349 0.4686189939
-75.4970798955 0.0606695373 0.7249661787 0.4686002411
-75.4970288986 0.0606697053 0.7249646837 0.4685819484
-75.4969800244 0.0606698663 0.7249632508 0.4685641628
-75.4969333062 0.0606700202 0.7249618810 0.4685469314
-75.4968887766 0.0606701669 0.7249605753 0.4685303012
-75.4968464672 0.0606703062 0.7249593347 0.4685143186
-75.4968064083 0.0606704382 0.7249581599 0.4684990287
-75.4967686288 0.0606705626 0.7249570520 0.4684844739
-75.4967331561 0.0606706795 0.7249560116 0.4684706938
-75.4967000162 0.0606707887 0.7249550396 0.4684577250
-75.4966692334 0.0606708901 0.7249541367 0.4684456009
-75.4966408301 0.0606709836 0.7249533036 0.4684343518
-75.4966148272 0.0606710693 0.7249525408 0.4684240047
-75.4965912438 0.0606711470 0.7249518490 0.4684145832
-75.4965700971 0.0606712166 0.7249512287 0.4684061076
-75.4965514023 0.0606712782 0.7249506803 0.4683985947
-75.4965351731 0.0606713317 0.7249502041 0.4683920586
-75.4965214211 0.0606713770 0.7249498007 0.4683865109
-75.4965101560 0.0606714141 0.7249494702 0.4683819605
-75.4965013860 0.0606714430 0.7249492129 0.4683784144
-75.4964951173 0.0606714636 0.7249490290 0.4683758780
-75.4964913543 0.0606714760 0.7249489186 0.4683743547
-75.4964900997 0.0606714801 0.7249488818 0.4683738468
-75.5093209135 0.0606292325 0.7253223515 0.4709020369
-75.5092891376 0.0606293371 0.7253214422 0.4708938620
-75.5092299252 0.0606295320 0.7253197458 0.4708784578
-75.5091645516 0.0606297471 0.7253178714 0.4708614751
-75.5090966950 0.0606299704 0.7253159243 0.4708439217
-75.5090270158 0.0606301997 0.7253139234 0.4708260250
-75.5089556573 0.0606304346 0.7253118730 0.4708078776
-75.5088826737 0.0606306748 0.7253097744 0.4707895431
-75.5088081033 0.0606309202 0.7253076290 0.4707710734
-75.5087319816 0.0606311707 0.7253054378 0.4707525129
-75.5086543429 0.0606314262 0.7253032017 0.4707338991
-75.5085752209 0.0606316866 0.7253009217 0.4707152635
-75.5084946490 0.0606319518 0.7252985990 0.4706966324
-75.5084126599 0.0606322217 0.7252962343 0.4706780277
-75.5083292860 0.0606324961 0.7252938287 0.4706594666
-75.5082445592 0.0606327750 0.7252913830 0.4706409632
-75.5081585109 0.0606330582 0.7252888984 0.4706225280
-75.5080711725 0.0606333456 0.7252863755 0.4706041693
-75.5079825746 0.0606336373 0.7252838155 0.4705858930
-75.5078927478 0.0606339329 0.7252812191 0.4705677028
-75.5078017222 0.0606342325 0.7252785872 0.4705496011
-75.5077095279 0.0606345360 0.7252759208 0.4705315890
-75.5076161945 0.0606348432 0.7252732206 0.4705136666
-75.5075217515 0.0606351541 0.7252704876 0.4704958330
-75.5074262283 0.0606354685 0.7252677227 0.4704780865
-75.5073296539 0.0606357864 0.7252649266 0.4704604256
-75.5072320574 0.0606361077 0.7252621003 0.4704428479
-75.5071334675 0.0606364322 0.7252592445 0.4704253509
-75.5070339130 0.0606367599 0.7252563601 0.4704079318
-75.5069334224 0.0606370907 0.7252534481 0.4703905881
-75.5068320241 0.0606374245 0.7252505090 0.4703733169
-75.5067297465 0.0606377612 0.7252475440 0.4703561152
-75.5066266178 0.0606381007 0.7252445536 0.4703389801
-75.5065226661 0.0606384429 0.7252415389 0.4703219089
-75.5064179196 0.0606387877 0.7252385005 0.4703048988
-75.5063124061 0.0606391350 0.7252354393 0.4702879466
-75.5062061535 0.0606394848 0.7252323562 0.4702710495
-75.5060991896 0.0606398369 0.7252292519 0.4702542047
-75.5059915422 0.0606401913 0.7252261272 0.4702374095
-75.5058832388 0.0606405478 0.7252229830 0.4702206605
-75.5057743071 0.0606409065 0.7252198201 0.4702039548
-75.5056647745 0.0606412670 0.7252166393 0.4701872897
-75.5055546685 0.0606416295 0.7252134413 0.4701706621
-75.5054440164 0.0606419938 0.7252102270 0.4701540686
-75.5053328456 0.0606423598 0.7252069971 0.4701375062
-75.5052211835 0.0606427274 0.7252037526 0.4701209721
-75.5051090571 0.0606430966 0.7252004941 0.4701044628
-75.5049964938 0.0606434672 0.7251972224 0.4700879749
-75.5048835206 0.0606438391 0.7251939384 0.4700715053
-75.5047701649 0.0606442123 0.7251906429 0.4700550510
-75.5046564535 0.0606445867 0.7251873366 0.4700386082
-75.5045424137 0.0606449621 0.7251840203 0.4700221734
-75.5044280726 0.0606453386 0.7251806948 0.4700057438
-75.5043134572 0.0606457159 0.7251773610 0.4699893157
-75.5041985946 0.0606460941 0.7251740196 0.4699728853
-75.5040835119 0.0606464730 0.7251706713 0.4699564493
-75.5039682362 0.0606468526 0.7251673170 0.4699400045
-75.5038527946 0.0606472327 0.7251639576 0.4699235472
-75.5037372141 0.0606476132 0.7251605936 0.4699070735
-75.5036215221 0.0606479941 0.7251572261 0.4698905802
-75.5035057456 0.0606483753 0.7251538557 0.4698740640
-75.5033899119 0.0606487567 0.7251504832 0.4698575208
-75.5032740482 0.0606491382 0.7251471095 0.4698409471
-75.5031581819 0.0606495197 0.7251437354 0.4698243396
-75.5030423403 0.0606499012 0.7251403616 0.4698076947
-75.5029265509 0.0606502824 0.7251369889 0.4697910083
-75.5028108411 0.0606506634 0.7251336181 0.4697742773
-75.5026952385 0.0606510441 0.7251302502 0.4697574982
-75.5025797708 0.0606514243 0.7251268858 0.4697406672
-75.5024644656 0.0606518039 0.7251235257 0.4697237805
-75.5023493507 0.0606521830 0.7251201708 0.4697068350
-75.5022344542 0.0606525613 0.7251168220 0.4696898273
-75.5021198040 0.0606529389 0.7251134799 0.4696727534
-75.5020054281 0.0606533155 0.7251101455 0.4696556098
-75.5018913548 0.0606536911 0.7251068196 0.4696383935
-75.5017776124 0.0606540657 0.7251035029 0.4696211011
-75.5016642294 0.0606544390 0.7251001964 0.4696037286
-75.5015512344 0.0606548111 0.7250969008 0.4695862731
-75.5014386560 0.0606551818 0.7250936171 0.4695687316
-75.5013265232 0.0606555511 0.7250903459 0.4695511004
-75.5012148648 0.0606559188 0.7250870883 0.4695333763
-75.5011037102 0.0606562848 0.7250838450 0.4695155565
-75.5009930884 0.0606566491 0.7250806169 0.4694976381
-75.5008830291 0.0606570116 0.7250774049 0.4694796177
-75.5007735618 0.0606573721 0.7250742099 0.4694614926
-75.5006647162 0.0606577305 0.7250710326 0.4694432605
-75.5005565225 0.0606580868 0.7250678740 0.4694249185
-75.5004490107 0.0606584409 0.7250647350 0.4694064638
-75.5003422111 0.0606587926 0.7250616165 0.4693878945
-75.5002361542 0.0606591419 0.7250585193 0.4693692087
-75.5001308709 0.0606594886 0.7250554444 0.4693504039
-75.5000263919 0.0606598327 0.7250523926 0.4693314783
-75.4999227484 0.0606601740 0.7250493649 0.4693124308
-75.4998199717 0.0606605125 0.7250463623 0.4692932601
-75.4997180934 0.0606608480 0.7250433855 0.4692739647
-75.4996171452 0.0606611805 0.7250404356 0.4692545441
-75.4995171591 0.0606615097 0.7250375136 0.4692349984
-75.4994181673 0.0606618358 0.7250346202 0.4692153272
-75.4993202021 0.0606621584 0.7250317566 0.4691955307
-75.4992232964 0.0606624776 0.7250289236 0.4691756102
-75.4991274829 0.0606627931 0.7250261223 0.4691555674
-75.4990327949 0.0606631050 0.7250233536 0.4691354036
-75.4989392655 0.0606634130 0.7250206185 0.4691151213
-75.4988469286 0.0606637171 0.7250179179 0.4690947246
-75.4987558179 0.0606640172 0.7250152530 0.4690742171
-75.4986659675 0.0606643132 0.7250126246 0.4690536034
-75.4985774118 0.0606646048 0.7250100338 0.4690328893
-75.4984901854 0.0606648921 0.7250074817 0.4690120822
-75.4984043230 0.0606651749 0.7250049692 0.4689911895
-75.4983198597 0.0606654531 0.7250024974 0.4689702199
-75.4982368309 0.0606657266 0.7250000673 0.4689491841
-75.4981552720 0.0606659952 0.7249976800 0.4689280944
-75.4980752188 0.0606662589 0.7249953365 0.4689069636
-75.4979967072 0.0606665175 0.7249930379 0.4688858063
-75.4979197735 0.0606667709 0.7249907853 0.4688646400
-75.4978444539 0.0606670190 0.7249885798 0.4688434835
-75.4977707851 0.0606672616 0.7249864223 0.4688223572
-75.4976988035 0.0606674987 0.7249843141 0.4688012839
-75.4976285461 0.0606677301 0.7249822562 0.4687802891
-75.4975600497 0.0606679557 0.7249802497 0.4687594009
-75.4974933513 0.0606681754 0.7249782956 0.4687386490
-75.4974284878 0.0606683891 0.7249763952 0.4687180656
-75.4973654961 0.0606685966 0.7249745494 0.4686976861
-75.4973044131 0.0606687978 0.7249727594 0.4686775485
-75.4972452753 0.0606689926 0.7249710263 0.4686576925
-75.4971881192 0.0606691808 0.7249693511 0.4686381597
-75.4971329807 0.0606693625 0.7249677349 0.4686189939
-75.4970798955 0.0606695373 0.7249661787 0.4686002411
-75.4970288986 0.0606697053 0.7249646837 0.4685819484
-75.4969800243 0.0606698663 0.7249632508 0.4685641628
-75.4969333061 0.0606700202 0.7249618810 0.4685469314
-75.4968887766 0.0606701669 0.7249605753 0.4685303012
-75.4968464672 0.0606703062 0.7249593347 0.4685143186
-75.4968064082 0.0606704382 0.7249581599 0.4684990287
-75.4967686287 0.0606705626 0.7249570520 0.4684844739
-75.4967331561 0.0606706795 0.7249560116 0.4684706938
-75.4967000162 0.0606707887 0.7249550396 0.4684577250
-75.4966692333 0.0606708901 0.7249541367 0.4684456009
-75.4966408300 0.0606709836 0.7249533036 0.4684343518
-75.4966148272 0.0606710693 0.7249525408 0.4684240047
-75.4965912438 0.0606711470 0.7249518490 0.4684145832
-75.4965700970 0.0606712166 0.7249512287 0.4684061076
-75.4965514023 0.0606712782 0.7249506803 0.4683985947
-75.4965351731 0.0606713317 0.7249502041 0.4683920586
-75.4965214210 0.0606713770 0.7249498007 0.4683865109
-75.4965101560 0.0606714141 0.7249494702 0.4683819605
-75.4965013860 0.0606714430 0.7249492129 0.4683784144
-75.4964951173 0.0606714636 0.7249490290 0.4683758780
-75.4964913543 0.0606714760 0.7249489186 0.4683743547
-75.4964900996 0.0606714801 0.7249488818 0.4683738468
