-77.2487164653 0.0551491729 0.7696506308 0.5074156265
-77.2480452421 0.0551511998 0.7696335984 0.5072884327
-77.2460396813 0.0551572562 0.7695827103 0.5068967494
-77.2426610252 0.0551674606 0.7694969053 0.5056655553
-77.2381442281 0.0551811046 0.7693824623 0.5050316517
-77.2324621769 0.0551982725 0.7692386124 0.5044025423
-77.2256512407 0.0552188574 0.7690662829 0.5037743556
-77.2177470153 0.0552427549 0.7688663728 0.5031443007
-77.2087844834 0.0552698632 0.7686397575 0.5025102495
-77.1987981842 0.0553000817 0.7683872946 0.5018708152
-77.1878222839 0.0553333117 0.7681098263 0.5012249673
-77.1758906465 0.0553694554 0.7678081822 0.5005718431
-77.1630369173 0.0554084159 0.7674831821 0.4999107814
-77.1492945927 0.0554500968 0.7671356388 0.4992413449
-77.1346970752 0.0554944023 0.7667663600 0.4985633346
-77.1192777134 0.0555412366 0.7663761502 0.4978767982
-77.1030698265 0.0555905041 0.7659658116 0.4971820373
-77.0861067126 0.0556421092 0.7655361456 0.4964796076
-77.0684216403 0.0556959564 0.7650879522 0.4957703079
-77.0500478265 0.0557519502 0.7646220307 0.4950551633
-77.0310183985 0.0558099953 0.7641391787 0.4943354041
-77.0113663453 0.0558699964 0.7636401913 0.4936124340
-76.9911244571 0.0559318591 0.7631258600 0.4928877946
-76.9703252582 0.0559954890 0.7625969712 0.4921631303
-76.9490009340 0.0560607930 0.7620543042 0.4914401499
-76.9271832544 0.0561276787 0.7614986300 0.4907205877
-76.9049034976 0.0561960549 0.7609307088 0.4900061715
-76.8821923751 0.0562658321 0.7603512885 0.4892985928
-76.8590799589 0.0563369222 0.7597611030 0.4885994792
-76.8355956151 0.0564092390 0.7591608698 0.4879103753
-76.8117679411 0.0564826984 0.7585512891 0.4872327292
-76.7876247106 0.0565572183 0.7579330417 0.4865678802
-76.7631928247 0.0566327192 0.7573067882 0.4859170545
-76.7384982697 0.0567091240 0.7566731670 0.4852813663
-76.7135660815 0.0567863581 0.7560327941 0.4846618176
-76.6884203162 0.0568643496 0.7553862613 0.4840593041
-76.6630840267 0.0569430296 0.7547341361 0.4834746232
-76.6375792434 0.0570223317 0.7540769607 0.4829084777
-76.6119269603 0.0571021928 0.7534152513 0.4823614790
-76.5861471245 0.0571825524 0.7527494976 0.4818341466
-76.5602586288 0.0572633532 0.7520801628 0.4813268937
-76.5342793083 0.0573445409 0.7514076828 0.4808399950
-76.5082259381 0.0574260641 0.7507324658 0.4803735274
-76.4821142266 0.0575078747 0.7500548923 0.4799272542
-76.4559587521 0.0575899278 0.7493753131 0.4795004130
-76.4297725445 0.0576721831 0.7486940379 0.4790913191
-76.4035645566 0.0577546130 0.7480112695 0.4786965500
-76.3773248362 0.0578372492 0.7473267166 0.4783090141
-76.3509383848 0.0579204552 0.7466373408 0.4779123276
-76.3236859860 0.0580065054 0.7459242796 0.4774602565
-76.2913542739 0.0581087433 0.7450769732 0.4767954643
-76.2742991213 0.0581627399 0.7446294244 0.4764175970
-76.2635430979 0.0581968168 0.7443469484 0.4761732205
-76.2539506099 0.0582272224 0.7440949818 0.4759664822
-76.2446410656 0.0582567447 0.7438504279 0.4757757187
-76.2354684613 0.0582858457 0.7436094548 0.4755953856
-76.2264133354 0.0583145867 0.7433715517 0.4754236784
-76.2174777626 0.0583429606 0.7431367728 0.4752598143
-76.2086672242 0.0583709495 0.7429052618 0.4751032935
-76.1999874922 0.0583985345 0.7426771697 0.4749536880
-76.1914441120 0.0584256975 0.7424526412 0.4748105966
-76.1830423327 0.0584524213 0.7422318130 0.4746736377
-76.1747871148 0.0584786895 0.7420148142 0.4745424449
-76.1666831501 0.0585044866 0.7418017666 0.4744166669
-76.1587348825 0.0585297980 0.7415927851 0.4742959658
-76.1509465288 0.0585546096 0.7413879790 0.4741800136
-76.1433220986 0.0585789080 0.7411874516 0.4740684913
-76.1358654141 0.0586026806 0.7409913016 0.4739610875
-76.1285801282 0.0586259151 0.7407996231 0.4738574940
-76.1214697439 0.0586485998 0.7406125063 0.4737574049
-76.1145376325 0.0586707232 0.7404300379 0.4736605152
-76.1077870514 0.0586922745 0.7402523018 0.4735665166
-76.1012211632 0.0587132431 0.7400793796 0.4734750962
-76.0948430537 0.0587336184 0.7399113509 0.4733859358
-76.0886557505 0.0587533902 0.7397482940 0.4732987068
-76.0826622427 0.0587725485 0.7395902866 0.4732130699
-76.0768655004 0.0587910832 0.7394374061 0.4731286734
-76.0712684946 0.0588089843 0.7392897301 0.4730451493
-76.0658742187 0.0588262417 0.7391473374 0.4729621118
-76.0606857105 0.0588428452 0.7390103085 0.4728791564
-76.0557060747 0.0588587843 0.7388787259 0.4727958557
-76.0509385069 0.0588740484 0.7387526754 0.4727117584
-76.0463863193 0.0588886262 0.7386322463 0.4726263889
-76.0420529667 0.0589025064 0.7385175325 0.4725392444
-76.0379420745 0.0589156769 0.7384086332 0.4724497957
-76.0340574682 0.0589281249 0.7383056538 0.4723574913
-76.0304032040 0.0589398370 0.7382087066 0.4722617610
-76.0269836011 0.0589507991 0.7381179124 0.4721620296
-76.0238032748 0.0589609959 0.7380334004 0.4720577427
-76.0208671702 0.0589704111 0.7379553102 0.4719484085
-76.0181805956 0.0589790275 0.7378837922 0.4718336791
-76.0157492532 0.0589868264 0.7378190089 0.4717134952
-76.0135792642 0.0589937878 0.7377611352 0.4715883359
-76.0116771803 0.0589998904 0.7377103591 0.4714596547
-76.0100499651 0.0590051117 0.7376668811 0.4713305673
-76.0087049015 0.0590094280 0.7376309114 0.4712067242
-76.0076493160 0.0590128156 0.7376026618 0.4710967151
-76.0068899632 0.0590152527 0.7375823280 0.4710105542
-76.0064321507 0.0590167220 0.7375700640 0.4709562325
-76.0062790856 0.0590172133 0.7375659629 0.4709377738
-76.2742991213 0.0581627399 0.7446294244 0.4764175970
-76.2635430979 0.0581968168 0.7443469484 0.4761732205
-76.2539506099 0.0582272224 0.7440949818 0.4759664822
-76.2446410656 0.0582567447 0.7438504279 0.4757757187
-76.2354684613 0.0582858457 0.7436094548 0.4755953856
-76.2264133354 0.0583145867 0.7433715517 0.4754236784
-76.2174777626 0.0583429606 0.7431367728 0.4752598143
-76.2086672242 0.0583709495 0.7429052618 0.4751032935
-76.1999874922 0.0583985345 0.7426771697 0.4749536880
-76.1914441120 0.0584256975 0.7424526412 0.4748105966
-76.1830423327 0.0584524213 0.7422318130 0.4746736377
-76.1747871148 0.0584786895 0.7420148142 0.4745424449
-76.1666831501 0.0585044866 0.7418017666 0.4744166669
-76.1587348825 0.0585297980 0.7415927851 0.4742959658
-76.1509465288 0.0585546096 0.7413879790 0.4741800136
-76.1433220986 0.0585789080 0.7411874516 0.4740684913
-76.1358654141 0.0586026806 0.7409913016 0.4739610875
-76.1285801282 0.0586259151 0.7407996231 0.4738574940
-76.1214697439 0.0586485998 0.7406125063 0.4737574049
-76.1145376325 0.0586707232 0.7404300379 0.4736605152
-76.1077870514 0.0586922745 0.7402523018 0.4735665166
-76.1012211632 0.0587132431 0.7400793796 0.4734750962
-76.0948430537 0.0587336184 0.7399113509 0.4733859358
-76.0886557505 0.0587533902 0.7397482940 0.4732987068
-76.0826622427 0.0587725485 0.7395902866 0.4732130699
-76.0768655004 0.0587910832 0.7394374061 0.4731286734
-76.0712684946 0.0588089843 0.7392897301 0.4730451493
-76.0658742187 0.0588262417 0.7391473374 0.4729621118
-76.0606857105 0.0588428452 0.7390103085 0.4728791564
-76.0557060747 0.0588587843 0.7388787259 0.4727958557
-76.0509385069 0.0588740484 0.7387526754 0.4727117584
-76.0463863193 0.0588886262 0.7386322463 0.4726263889
-76.0420529667 0.0589025064 0.7385175325 0.4725392444
-76.0379420745 0.0589156769 0.7384086332 0.4724497957
-76.0340574682 0.0589281249 0.7383056538 0.4723574913
-76.0304032040 0.0589398370 0.7382087066 0.4722617610
-76.0269836011 0.0589507991 0.7381179124 0.4721620296
-76.0238032748 0.0589609959 0.7380334004 0.4720577427
-76.0208671702 0.0589704111 0.7379553102 0.4719484085
-76.0181805956 0.0589790275 0.7378837922 0.4718336791
-76.0157492532 0.0589868264 0.7378190089 0.4717134952
-76.0135792642 0.0589937878 0.7377611352 0.4715883359
-76.0116771803 0.0589998904 0.7377103591 0.4714596547
-76.0100499651 0.0590051117 0.7376668811 0.4713305673
-76.0087049015 0.0590094280 0.7376309114 0.4712067242
-76.0076493160 0.0590128156 0.7376026618 0.4710967151
-76.0068899632 0.0590152527 0.7375823280 0.4710105542
-76.0064321507 0.0590167220 0.7375700640 0.4709562325
-76.0062790856 0.0590172133 0.7375659629 0.4709377738
-76.2742313389 0.0581629541 0.7446279042 0.4764182823
-76.2634024270 0.0581972615 0.7443437909 0.4761746463
-76.2537359231 0.0582279014 0.7440901589 0.4759686654
-76.2443518069 0.0582576600 0.7438439237 0.4757786728
-76.2351040578 0.0582869993 0.7436012526 0.4755991268
-76.2259730950 0.0583159810 0.7433616316 0.4754282266
-76.2169608561 0.0583445985 0.7431251115 0.4752651932
-76.2080726814 0.0583728342 0.7428918321 0.4751095309
-76.1993142001 0.0584006698 0.7426619406 0.4749608159
-76.1906908130 0.0584280876 0.7424355780 0.4748186513
-76.1822076233 0.0584550708 0.7422128773 0.4746826604
-76.1738694433 0.0584816035 0.7419939634 0.4745524816
-76.1656808143 0.0585076708 0.7417789541 0.4744277689
-76.1576460270 0.0585332585 0.7415679604 0.4743081903
-76.1497691420 0.0585583530 0.7413610870 0.4741934241
-76.1420540095 0.0585829414 0.7411584333 0.4740831580
-76.1345042883 0.0586070116 0.7409600933 0.4739770881
-76.1271234639 0.0586305519 0.7407661566 0.4738749144
-76.1199148671 0.0586535510 0.7405767086 0.4737763399
-76.1128816922 0.0586759983 0.7403918312 0.4736810694
-76.1060270137 0.0586978832 0.7402116031 0.4735888053
-76.0993538050 0.0587191959 0.7400361007 0.4734992467
-76.0928649562 0.0587399264 0.7398653981 0.4734120879
-76.0865632915 0.0587600651 0.7396995679 0.4733270147
-76.0804515885 0.0587796028 0.7395386817 0.4732437032
-76.0745325966 0.0587985300 0.7393828106 0.4731618188
-76.0688090562 0.0588168375 0.7392320258 0.4730810119
-76.0632837194 0.0588345159 0.7390863992 0.4730009168
-76.0579593706 0.0588515558 0.7389460038 0.4729211509
-76.0528388483 0.0588679477 0.7388109147 0.4728413104
-76.0479250675 0.0588836816 0.7386812093 0.4727609689
-76.0432210445 0.0588987476 0.7385569685 0.4726796774
-76.0387299211 0.0589131350 0.7384382770 0.4725969600
-76.0344549915 0.0589268328 0.7383252243 0.4725123144
-76.0303997301 0.0589398296 0.7382179056 0.4724252129
-76.0265678207 0.0589521130 0.7381164224 0.4723351033
-76.0229631874 0.0589636700 0.7380208836 0.4722414158
-76.0195900266 0.0589744869 0.7379314063 0.4721435765
-76.0164528402 0.0589845488 0.7378481169 0.4720410303
-76.0135564694 0.0589938398 0.7377711522 0.4719332857
-76.0109061278 0.0590023428 0.7377006600 0.4718199966
-76.0085074324 0.0590100395 0.7376368005 0.4717011031
-76.0063664282 0.0590169103 0.7375797467 0.4715770859
-76.0044896001 0.0590229339 0.7375296846 0.4714494004
-76.0028838539 0.0590280880 0.7374868133 0.4713211617
-76.0015564236 0.0590323491 0.7374513416 0.4711980214
-76.0005145951 0.0590356937 0.7374234805 0.4710885661
-75.9997650914 0.0590380999 0.7374034249 0.4710028028
-75.9993131979 0.0590395507 0.7373913280 0.4709487214
-75.9991621083 0.0590400358 0.7373872826 0.4709303400
-76.2742313389 0.0581629541 0.7446279042 0.4764182823
-76.2634024270 0.0581972615 0.7443437909 0.4761746463
-76.2537359231 0.0582279014 0.7440901589 0.4759686654
-76.2443518069 0.0582576600 0.7438439237 0.4757786728
-76.2351040578 0.0582869993 0.7436012526 0.4755991268
-76.2259730950 0.0583159810 0.7433616316 0.4754282266
-76.2169608561 0.0583445985 0.7431251115 0.4752651932
-76.2080726814 0.0583728342 0.7428918321 0.4751095309
-76.1993142001 0.0584006698 0.7426619406 0.4749608159
-76.1906908130 0.0584280876 0.7424355780 0.4748186513
-76.1822076233 0.0584550708 0.7422128773 0.4746826604
-76.1738694433 0.0584816035 0.7419939634 0.4745524816
-76.1656808143 0.0585076708 0.7417789541 0.4744277689
-76.1576460270 0.0585332585 0.7415679604 0.4743081903
-76.1497691420 0.0585583530 0.7413610870 0.4741934241
-76.1420540095 0.0585829414 0.7411584333 0.4740831580
-76.1345042883 0.0586070116 0.7409600933 0.4739770881
-76.1271234639 0.0586305519 0.7407661566 0.4738749144
-76.1199148671 0.0586535510 0.7405767086 0.4737763399
-76.1128816922 0.0586759983 0.7403918312 0.4736810694
-76.1060270137 0.0586978832 0.7402116031 0.4735888053
-76.0993538050 0.0587191959 0.7400361007 0.4734992467
-76.0928649562 0.0587399264 0.7398653981 0.4734120879
-76.0865632915 0.0587600651 0.7396995679 0.4733270147
-76.0804515885 0.0587796028 0.7395386817 0.4732437032
-76.0745325966 0.0587985300 0.7393828106 0.4731618188
-76.0688090562 0.0588168375 0.7392320258 0.4730810119
-76.0632837194 0.0588345159 0.7390863992 0.4730009168
-76.0579593706 0.0588515558 0.7389460038 0.4729211509
-76.0528388483 0.0588679477 0.7388109147 0.4728413104
-76.0479250675 0.0588836816 0.7386812093 0.4727609689
-76.0432210445 0.0588987476 0.7385569685 0.4726796774
-76.0387299211 0.0589131350 0.7384382770 0.4725969600
-76.0344549915 0.0589268328 0.7383252243 0.4725123144
-76.0303997301 0.0589398296 0.7382179056 0.4724252129
-76.0265678207 0.0589521130 0.7381164224 0.4723351033
-76.0229631874 0.0589636700 0.7380208836 0.4722414158
-76.0195900266 0.0589744869 0.7379314063 0.4721435765
-76.0164528402 0.0589845488 0.7378481169 0.4720410303
-76.0135564694 0.0589938398 0.7377711522 0.4719332857
-76.0109061278 0.0590023428 0.7377006600 0.4718199966
-76.0085074324 0.0590100395 0.7376368005 0.4717011031
-76.0063664282 0.0590169103 0.7375797467 0.4715770859
-76.0044896001 0.0590229339 0.7375296846 0.4714494004
-76.0028838539 0.0590280880 0.7374868133 0.4713211617
-76.0015564236 0.0590323491 0.7374513416 0.4711980214
-76.0005145951 0.0590356937 0.7374234805 0.4710885661
-75.9997650914 0.0590380999 0.7374034249 0.4710028028
-75.9993131979 0.0590395507 0.7373913280 0.4709487214
-75.9991621083 0.0590400358 0.7373872826 0.4709303400
