-77.2825139292 0.0550472893 0.7704632397 0.5079459243
-77.2818416046 0.0550493160 0.7704462139 0.5078191861
-77.2798327134 0.0550553724 0.7703953445 0.5074288601
-77.2764484145 0.0550655767 0.7703095705 0.5062008159
-77.2719235706 0.0550792221 0.7701951535 0.5055697296
-77.2662308663 0.0550963935 0.7700513209 0.5049438382
-77.2594064502 0.0551169847 0.7698789918 0.5043192326
-77.2514856587 0.0551408923 0.7696790558 0.5036930742
-77.2425031815 0.0551680156 0.7694523782 0.5030631769
-77.2324932359 0.0551982552 0.7691998054 0.5024280928
-77.2214896413 0.0552315136 0.7689221681 0.5017867199
-77.2095258951 0.0552676943 0.7686202835 0.5011381136
-77.1966352619 0.0553067017 0.7682949587 0.5004815191
-77.1828508503 0.0553484409 0.7679469936 0.4998163942
-77.1682056745 0.0553928175 0.7675771827 0.4991424242
-77.1527327027 0.0554397369 0.7671863176 0.4984595333
-77.1364648895 0.0554891050 0.7667751879 0.4977678935
-77.1194351933 0.0555408274 0.7663445829 0.4970679287
-77.1016765768 0.0555948097 0.7658952914 0.4963603089
-77.0832219925 0.0556509576 0.7654281026 0.4956459376
-77.0641043542 0.0557091765 0.7649438051 0.4949259358
-77.0443564939 0.0557693721 0.7644431868 0.4942016155
-77.0240111082 0.0558314502 0.7639270332 0.4934744472
-77.0031006949 0.0558953170 0.7633961269 0.4927460277
-76.9816574829 0.0559608794 0.7628512453 0.4920180430
-76.9597133569 0.0560280449 0.7622931590 0.4912922292
-76.9372997807 0.0560967222 0.7617226302 0.4905703393
-76.9144477201 0.0561668209 0.7611404107 0.4898541113
-76.8911875671 0.0562382524 0.7605472399 0.4891452373
-76.8675490690 0.0563109295 0.7599438429 0.4884453418
-76.8435612609 0.0563847669 0.7593309290 0.4877559643
-76.8192524051 0.0564596814 0.7587091895 0.4870785437
-76.7946499358 0.0565355920 0.7580792971 0.4864144106
-76.7697804112 0.0566124199 0.7574419035 0.4857647856
-76.7446694718 0.0566900889 0.7567976388 0.4851307767
-76.7193418048 0.0567685254 0.7561471104 0.4845133821
-76.6938211149 0.0568476585 0.7554909016 0.4839134966
-76.6681301006 0.0569274201 0.7548295713 0.4833319139
-76.6422904340 0.0570077448 0.7541636529 0.4827693270
-76.6163227472 0.0570885703 0.7534936537 0.4822263263
-76.5902466209 0.0571698372 0.7528200548 0.4817033822
-76.5640805774 0.0572514891 0.7521433100 0.4812008098
-76.5378420789 0.0573334727 0.7514638459 0.4807187042
-76.5115475271 0.0574157376 0.7507820617 0.4802568171
-76.4852122511 0.0574982366 0.7500983285 0.4798143339
-76.4588503854 0.0575809260 0.7494129856 0.4793894643
-76.4324740471 0.0576637682 0.7487263197 0.4789786295
-76.4060883771 0.0577467474 0.7480384346 0.4785746496
-76.3796625109 0.0578299612 0.7473484932 0.4781619454
-76.3529611374 0.0579141526 0.7466503080 0.4777014957
-76.3245710355 0.0580037901 0.7459068176 0.4770954765
-76.3110620082 0.0580464867 0.7455527202 0.4767845450
-76.3004418410 0.0580800725 0.7452742393 0.4765441728
-76.2903977695 0.0581118524 0.7450108327 0.4763293233
-76.2805370289 0.0581430672 0.7447522106 0.4761283072
-76.2707981217 0.0581739110 0.7444967612 0.4759374175
-76.2611764398 0.0582043979 0.7442443641 0.4757552385
-76.2516768738 0.0582345117 0.7439951476 0.4755810822
-76.2423056337 0.0582642324 0.7437492745 0.4754144687
-76.2330688526 0.0582935398 0.7435069051 0.4752549737
-76.2239723671 0.0583224149 0.7432681922 0.4751022002
-76.2150216990 0.0583508396 0.7430332796 0.4749557701
-76.2062220720 0.0583787966 0.7428023033 0.4748153233
-76.1975784324 0.0584062697 0.7425753921 0.4746805168
-76.1890954703 0.0584332433 0.7423526677 0.4745510215
-76.1807776398 0.0584597026 0.7421342455 0.4744265201
-76.1726291785 0.0584856335 0.7419202353 0.4743067065
-76.1646541262 0.0585110225 0.7417107415 0.4741912819
-76.1568563432 0.0585358567 0.7415058640 0.4740799527
-76.1492395282 0.0585601237 0.7413056982 0.4739724295
-76.1418072359 0.0585838115 0.7411103359 0.4738684236
-76.1345628942 0.0586069085 0.7409198657 0.4737676441
-76.1275098217 0.0586294035 0.7407343734 0.4736697983
-76.1206512453 0.0586512857 0.7405539424 0.4735745870
-76.1139903176 0.0586725443 0.7403786546 0.4734817026
-76.1075301354 0.0586931689 0.7402085902 0.4733908287
-76.1012737576 0.0587131490 0.7400438292 0.4733016364
-76.0952242248 0.0587324745 0.7398844510 0.4732137819
-76.0893845789 0.0587511349 0.7397305356 0.4731269060
-76.0837578833 0.0587691199 0.7395821638 0.4730406306
-76.0783472448 0.0587864191 0.7394394183 0.4729545562
-76.0731558362 0.0588030217 0.7393023836 0.4728682618
-76.0681869193 0.0588189169 0.7391711476 0.4727813013
-76.0634438703 0.0588340931 0.7390458015 0.4726932020
-76.0589302059 0.0588485388 0.7389264411 0.4726034651
-76.0546496108 0.0588622416 0.7388131675 0.4725115648
-76.0506059671 0.0588751887 0.7387060877 0.4724169506
-76.0468033848 0.0588873663 0.7386053158 0.4723190546
-76.0432462335 0.0588987601 0.7385109739 0.4722173038
-76.0399391761 0.0589093547 0.7384231927 0.4721111430
-76.0368872018 0.0589191338 0.7383421132 0.4720000820
-76.0340956600 0.0589280798 0.7382678870 0.4718837737
-76.0315702904 0.0589361739 0.7382006776 0.4717621574
-76.0293172485 0.0589433961 0.7381406609 0.4716357142
-76.0273431168 0.0589497250 0.7380880258 0.4715058979
-76.0256548867 0.0589551379 0.7380429735 0.4713758265
-76.0242598653 0.0589596110 0.7380057148 0.4712511560
-76.0231654001 0.0589631207 0.7379764622 0.4711404876
-76.0223782631 0.0589656450 0.7379554117 0.4710538457
-76.0219037747 0.0589671667 0.7379427175 0.4709992384
-76.0217451459 0.0589676754 0.7379384728 0.4709806808
-76.3110620082 0.0580464867 0.7455527202 0.4767845450
-76.3004418410 0.0580800725 0.7452742393 0.4765441728
-76.2903977695 0.0581118524 0.7450108327 0.4763293233
-76.2805370289 0.0581430672 0.7447522106 0.4761283072
-76.2707981217 0.0581739110 0.7444967612 0.4759374175
-76.2611764398 0.0582043979 0.7442443641 0.4757552385
-76.2516768738 0.0582345117 0.7439951476 0.4755810822
-76.2423056337 0.0582642324 0.7437492745 0.4754144687
-76.2330688526 0.0582935398 0.7435069051 0.4752549737
-76.2239723671 0.0583224149 0.7432681922 0.4751022002
-76.2150216990 0.0583508396 0.7430332796 0.4749557701
-76.2062220720 0.0583787966 0.7428023033 0.4748153233
-76.1975784324 0.0584062697 0.7425753921 0.4746805168
-76.1890954703 0.0584332433 0.7423526677 0.4745510215
-76.1807776398 0.0584597026 0.7421342455 0.4744265201
-76.1726291785 0.0584856335 0.7419202353 0.4743067065
-76.1646541262 0.0585110225 0.7417107415 0.4741912819
-76.1568563432 0.0585358567 0.7415058640 0.4740799527
-76.1492395282 0.0585601237 0.7413056982 0.4739724295
-76.1418072359 0.0585838115 0.7411103359 0.4738684236
-76.1345628942 0.0586069085 0.7409198657 0.4737676441
-76.1275098217 0.0586294035 0.7407343734 0.4736697983
-76.1206512453 0.0586512857 0.7405539424 0.4735745870
-76.1139903176 0.0586725443 0.7403786546 0.4734817026
-76.1075301354 0.0586931689 0.7402085902 0.4733908287
-76.1012737576 0.0587131490 0.7400438292 0.4733016364
-76.0952242248 0.0587324745 0.7398844510 0.4732137819
-76.0893845789 0.0587511349 0.7397305356 0.4731269060
-76.0837578833 0.0587691199 0.7395821638 0.4730406306
-76.0783472448 0.0587864191 0.7394394183 0.4729545562
-76.0731558362 0.0588030217 0.7393023836 0.4728682618
-76.0681869193 0.0588189169 0.7391711476 0.4727813013
-76.0634438703 0.0588340931 0.7390458015 0.4726932020
-76.0589302059 0.0588485388 0.7389264411 0.4726034651
-76.0546496108 0.0588622416 0.7388131675 0.4725115648
-76.0506059671 0.0588751887 0.7387060877 0.4724169506
-76.0468033848 0.0588873663 0.7386053158 0.4723190546
-76.0432462335 0.0588987601 0.7385109739 0.4722173038
-76.0399391761 0.0589093547 0.7384231927 0.4721111430
-76.0368872018 0.0589191338 0.7383421132 0.4720000820
-76.0340956600 0.0589280798 0.7382678870 0.4718837737
-76.0315702904 0.0589361739 0.7382006776 0.4717621574
-76.0293172485 0.0589433961 0.7381406609 0.4716357142
-76.0273431168 0.0589497250 0.7380880258 0.4715058979
-76.0256548867 0.0589551379 0.7380429735 0.4713758265
-76.0242598653 0.0589596110 0.7380057148 0.4712511560
-76.0231654001 0.0589631207 0.7379764622 0.4711404876
-76.0223782631 0.0589656450 0.7379554117 0.4710538457
-76.0219037747 0.0589671667 0.7379427175 0.4709992384
-76.0217451459 0.0589676754 0.7379384728 0.4709806808
-76.3110620082 0.0580464867 0.7455527202 0.4767845450
-76.3004418410 0.0580800725 0.7452742393 0.4765441728
-76.2903977695 0.0581118524 0.7450108327 0.4763293233
-76.2805370289 0.0581430672 0.7447522106 0.4761283072
-76.2707981217 0.0581739110 0.7444967612 0.4759374175
-76.2611764398 0.0582043979 0.7442443641 0.4757552385
-76.2516768738 0.0582345117 0.7439951476 0.4755810822
-76.2423056337 0.0582642324 0.7437492745 0.4754144687
-76.2330688526 0.0582935398 0.7435069051 0.4752549737
-76.2239723671 0.0583224149 0.7432681922 0.4751022002
-76.2150216990 0.0583508396 0.7430332796 0.4749557701
-76.2062220720 0.0583787966 0.7428023033 0.4748153233
-76.1975784324 0.0584062697 0.7425753921 0.4746805168
-76.1890954703 0.0584332433 0.7423526677 0.4745510215
-76.1807776398 0.0584597026 0.7421342455 0.4744265201
-76.1726291785 0.0584856335 0.7419202353 0.4743067065
-76.1646541262 0.0585110225 0.7417107415 0.4741912819
-76.1568563432 0.0585358567 0.7415058640 0.4740799527
-76.1492395282 0.0585601237 0.7413056982 0.4739724295
-76.1418072359 0.0585838115 0.7411103359 0.4738684236
-76.1345628942 0.0586069085 0.7409198657 0.4737676441
-76.1275098217 0.0586294035 0.7407343734 0.4736697983
-76.1206512453 0.0586512857 0.7405539424 0.4735745870
-76.1139903176 0.0586725443 0.7403786546 0.4734817026
-76.1075301354 0.0586931689 0.7402085902 0.4733908287
-76.1012737576 0.0587131490 0.7400438292 0.4733016364
-76.0952242248 0.0587324745 0.7398844510 0.4732137819
-76.0893845789 0.0587511349 0.7397305356 0.4731269060
-76.0837578833 0.0587691199 0.7395821638 0.4730406306
-76.0783472448 0.0587864191 0.7394394183 0.4729545562
-76.0731558362 0.0588030217 0.7393023836 0.4728682618
-76.0681869193 0.0588189169 0.7391711476 0.4727813013
-76.0634438703 0.0588340931 0.7390458015 0.4726932020
-76.0589302059 0.0588485388 0.7389264411 0.4726034651
-76.0546496108 0.0588622416 0.7388131675 0.4725115648
-76.0506059671 0.0588751887 0.7387060877 0.4724169506
-76.0468033848 0.0588873663 0.7386053158 0.4723190546
-76.0432462335 0.0588987601 0.7385109739 0.4722173038
-76.0399391761 0.0589093547 0.7384231927 0.4721111430
-76.0368872018 0.0589191338 0.7383421132 0.4720000820
-76.0340956600 0.0589280798 0.7382678870 0.4718837737
-76.0315702904 0.0589361739 0.7382006776 0.4717621574
-76.0293172485 0.0589433961 0.7381406609 0.4716357142
-76.0273431168 0.0589497250 0.7380880258 0.4715058979
-76.0256548867 0.0589551379 0.7380429735 0.4713758265
-76.0242598653 0.0589596110 0.7380057148 0.4712511560
-76.0231654001 0.0589631207 0.7379764622 0.4711404876
-76.0223782631 0.0589656450 0.7379554117 0.4710538457
-76.0219037747 0.0589671667 0.7379427175 0.4709992384
-76.0217451459 0.0589676754 0.7379384728 0.4709806808
