-75.5186916966 0.0605986665 0.7254656946 0.4703222032
-75.5186894906 0.0605986739 0.7254655363 0.4702931493
-75.5186838332 0.0605986930 0.7254650904 0.4701988510
-75.5186583778 0.0605987777 0.7254638670 0.4698096293
-75.5186865818 0.0605986861 0.7254640641 0.4696734266
-75.5187534194 0.0605984677 0.7254652312 0.4695498209
-75.5188659197 0.0605980993 0.7254675783 0.4694391187
-75.5190303912 0.0605975602 0.7254712935 0.4693414497
-75.5192523720 0.0605968322 0.7254765422 0.4692563170
-75.5195366938 0.0605958993 0.7254834687 0.4691829998
-75.5198875388 0.0605947478 0.7254921982 0.4691207452
-75.5203084783 0.0605933661 0.7255028374 0.4690687592
-75.5208025239 0.0605917440 0.7255154770 0.4690262944
-75.5213721695 0.0605898736 0.7255301919 0.4689926733
-75.5220194268 0.0605877481 0.7255470433 0.4689672826
-75.5227458582 0.0605853625 0.7255660788 0.4689495680
-75.5235526052 0.0605827130 0.7255873339 0.4689390278
-75.5244404153 0.0605797972 0.7256108326 0.4689352072
-75.5254096659 0.0605766139 0.7256365881 0.4689376962
-75.5264603857 0.0605731630 0.7256646033 0.4689461252
-75.5275922746 0.0605694455 0.7256948717 0.4689601607
-75.5288047215 0.0605654635 0.7257273780 0.4689795041
-75.5300968197 0.0605612200 0.7257620979 0.4690038893
-75.5314673818 0.0605567190 0.7257989994 0.4690330789
-75.5329149517 0.0605519653 0.7258380427 0.4690668639
-75.5344378165 0.0605469645 0.7258791805 0.4691050626
-75.5360340161 0.0605417232 0.7259223584 0.4691475172
-75.5377013515 0.0605362487 0.7259675155 0.4691940940
-75.5394373928 0.0605305489 0.7260145838 0.4692446834
-75.5412394848 0.0605246327 0.7260634893 0.4692991970
-75.5431047518 0.0605185096 0.7261141513 0.4693575678
-75.5450301023 0.0605121897 0.7261664834 0.4694197509
-75.5470122305 0.0605056840 0.7262203926 0.4694857211
-75.5490476191 0.0604990040 0.7262757801 0.4695554726
-75.5511325390 0.0604921622 0.7263325411 0.4696290200
-75.5532630492 0.0604851714 0.7263905644 0.4697063946
-75.5554349953 0.0604780453 0.7264497331 0.4697876434
-75.5576440068 0.0604707984 0.7265099236 0.4698728267
-75.5598854940 0.0604634457 0.7265710062 0.4699620103
-75.5621546437 0.0604560031 0.7266328448 0.4700552561
-75.5644464150 0.0604484871 0.7266952966 0.4701526055
-75.5667555349 0.0604409151 0.7267582118 0.4702540487
-75.5690764943 0.0604333051 0.7268214339 0.4703594728
-75.5714035475 0.0604256760 0.7268847996 0.4704685752
-75.5737307151 0.0604180475 0.7269481383 0.4705807048
-75.5760517981 0.0604104399 0.7270112732 0.4706945767
-75.5783604198 0.0604028740 0.7270740221 0.4708077283
-75.5806501806 0.0603953709 0.7271362015 0.4709154053
-75.5829153995 0.0603879491 0.7271976469 0.4710081216
-75.5851552656 0.0603806113 0.7272583238 0.4710667051
-75.5873987615 0.0603732627 0.7273189981 0.4710640240
-75.5886604874 0.0603691303 0.7273530596 0.4710454592
-75.5897802354 0.0603654633 0.7273832432 0.4710298871
-75.5908516143 0.0603619549 0.7274120782 0.4710215474
-75.5918909849 0.0603585516 0.7274400100 0.4710186213
-75.5929012609 0.0603552437 0.7274671207 0.4710195026
-75.5938829481 0.0603520298 0.7274934272 0.4710233642
-75.5948360347 0.0603489096 0.7275189317 0.4710297646
-75.5957603144 0.0603458840 0.7275436310 0.4710383777
-75.5966554523 0.0603429540 0.7275675176 0.4710489064
-75.5975210084 0.0603401210 0.7275905810 0.4710610652
-75.5983564553 0.0603373867 0.7276128079 0.4710745768
-75.5991611931 0.0603347531 0.7276341825 0.4710891735
-75.5999345644 0.0603322223 0.7276546875 0.4711045948
-75.6006758681 0.0603297967 0.7276743038 0.4711205857
-75.6013843741 0.0603274785 0.7276930116 0.4711368979
-75.6020593364 0.0603252702 0.7277107902 0.4711532865
-75.6027000066 0.0603231743 0.7277276190 0.4711695089
-75.6033056476 0.0603211931 0.7277434773 0.4711853245
-75.6038755469 0.0603193290 0.7277583452 0.4712004922
-75.6044090296 0.0603175842 0.7277722035 0.4712147684
-75.6049054725 0.0603159607 0.7277850346 0.4712279072
-75.6053643171 0.0603144603 0.7277968226 0.4712396571
-75.6057850842 0.0603130846 0.7278075539 0.4712497594
-75.6061673878 0.0603118349 0.7278172172 0.4712579479
-75.6065109502 0.0603107120 0.7278258046 0.4712639456
-75.6068156169 0.0603097165 0.7278333115 0.4712674628
-75.6070813732 0.0603088484 0.7278397373 0.4712681969
-75.6073083605 0.0603081072 0.7278450861 0.4712658283
-75.6074968940 0.0603074919 0.7278493666 0.4712600191
-75.6076474812 0.0603070008 0.7278525934 0.4712504120
-75.6077608415 0.0603066316 0.7278547871 0.4712366268
-75.6078379269 0.0603063811 0.7278559752 0.4712182587
-75.6078799443 0.0603062454 0.7278561924 0.4711948783
-75.6078883784 0.0603062196 0.7278554817 0.4711660286
-75.6078650169 0.0603062979 0.7278538950 0.4711312260
-75.6078119770 0.0603064734 0.7278514939 0.4710899638
-75.6077317327 0.0603067378 0.7278483503 0.4710417169
-75.6076271447 0.0603070819 0.7278445479 0.4709859549
-75.6075014901 0.0603074950 0.7278401824 0.4709221675
-75.6073584940 0.0603079647 0.7278353629 0.4708499075
-75.6072023591 0.0603084774 0.7278302128 0.4707688717
-75.6070377941 0.0603090176 0.7278248705 0.4706790436
-75.6068700350 0.0603095682 0.7278194901 0.4705809418
-75.6067048534 0.0603101103 0.7278142418 0.4704760477
-75.6065485332 0.0603106231 0.7278093111 0.4703674746
-75.6064077730 0.0603110849 0.7278048961 0.4702608071
-75.6062894062 0.0603114732 0.7278011989 0.4701644647
-75.6061997915 0.0603117672 0.7277984079 0.4700882176
-75.6061439583 0.0603119503 0.7277966721 0.4700398745
-75.6061249949 0.0603120125 0.7277960831 0.4700234090
-75.5886604874 0.0603691303 0.7273530596 0.4710454592
-75.5897802354 0.0603654633 0.7273832432 0.4710298871
-75.5908516143 0.0603619549 0.7274120782 0.4710215474
-75.5918909849 0.0603585516 0.7274400100 0.4710186213
-75.5929012609 0.0603552437 0.7274671207 0.4710195026
-75.5938829481 0.0603520298 0.7274934272 0.4710233642
-75.5948360347 0.0603489096 0.7275189317 0.4710297646
-75.5957603144 0.0603458840 0.7275436310 0.4710383777
-75.5966554523 0.0603429540 0.7275675176 0.4710489064
-75.5975210084 0.0603401210 0.7275905810 0.4710610652
-75.5983564553 0.0603373867 0.7276128079 0.4710745768
-75.5991611931 0.0603347531 0.7276341825 0.4710891735
-75.5999345644 0.0603322223 0.7276546875 0.4711045948
-75.6006758681 0.0603297967 0.7276743038 0.4711205857
-75.6013843741 0.0603274785 0.7276930116 0.4711368979
-75.6020593364 0.0603252702 0.7277107902 0.4711532865
-75.6027000066 0.0603231743 0.7277276190 0.4711695089
-75.6033056476 0.0603211931 0.7277434773 0.4711853245
-75.6038755469 0.0603193290 0.7277583452 0.4712004922
-75.6044090296 0.0603175842 0.7277722035 0.4712147684
-75.6049054725 0.0603159607 0.7277850346 0.4712279072
-75.6053643171 0.0603144603 0.7277968226 0.4712396571
-75.6057850842 0.0603130846 0.7278075539 0.4712497594
-75.6061673878 0.0603118349 0.7278172172 0.4712579479
-75.6065109502 0.0603107120 0.7278258046 0.4712639456
-75.6068156169 0.0603097165 0.7278333115 0.4712674628
-75.6070813732 0.0603088484 0.7278397373 0.4712681969
-75.6073083605 0.0603081072 0.7278450861 0.4712658283
-75.6074968940 0.0603074919 0.7278493666 0.4712600191
-75.6076474812 0.0603070008 0.7278525934 0.4712504120
-75.6077608415 0.0603066316 0.7278547871 0.4712366268
-75.6078379269 0.0603063811 0.7278559752 0.4712182587
-75.6078799443 0.0603062454 0.7278561924 0.4711948783
-75.6078883784 0.0603062196 0.7278554817 0.4711660286
-75.6078650169 0.0603062979 0.7278538950 0.4711312260
-75.6078119770 0.0603064734 0.7278514939 0.4710899638
-75.6077317327 0.0603067378 0.7278483503 0.4710417169
-75.6076271447 0.0603070819 0.7278445479 0.4709859549
-75.6075014901 0.0603074950 0.7278401824 0.4709221675
-75.6073584940 0.0603079647 0.7278353629 0.4708499075
-75.6072023591 0.0603084774 0.7278302128 0.4707688717
-75.6070377941 0.0603090176 0.7278248705 0.4706790436
-75.6068700350 0.0603095682 0.7278194901 0.4705809418
-75.6067048534 0.0603101103 0.7278142418 0.4704760477
-75.6065485332 0.0603106231 0.7278093111 0.4703674746
-75.6064077730 0.0603110849 0.7278048961 0.4702608071
-75.6062894062 0.0603114732 0.7278011989 0.4701644647
-75.6061997915 0.0603117672 0.7277984079 0.4700882176
-75.6061439583 0.0603119503 0.7277966721 0.4700398745
-75.6061249949 0.0603120125 0.7277960831 0.4700234090
