-75.6382380794 0.0602069292 0.7287056008 0.4732370706
-75.6382354758 0.0602069377 0.7287055263 0.4732328092
-75.6382276733 0.0602069632 0.7287053031 0.4732200378
-75.6382147010 0.0602070056 0.7287049321 0.4731988342
-75.6381966212 0.0602070647 0.7287044150 0.4731694642
-75.6381735505 0.0602071402 0.7287037555 0.4731325874
-75.6381290959 0.0602072856 0.7287024661 0.4729295404
-75.6380989753 0.0602073841 0.7287016086 0.4729015495
-75.6380651170 0.0602074948 0.7287006458 0.4728739474
-75.6380275709 0.0602076176 0.7286995791 0.4728467850
-75.6379863854 0.0602077523 0.7286984100 0.4728201020
-75.6379416070 0.0602078987 0.7286971399 0.4727939295
-75.6378932806 0.0602080567 0.7286957702 0.4727682915
-75.6378414497 0.0602082262 0.7286943020 0.4727432062
-75.6377861565 0.0602084070 0.7286927366 0.4727186870
-75.6377274417 0.0602085990 0.7286910753 0.4726947426
-75.6376653449 0.0602088021 0.7286893191 0.4726713791
-75.6375999044 0.0602090160 0.7286874693 0.4726485994
-75.6375311574 0.0602092408 0.7286855269 0.4726264044
-75.6374591397 0.0602094763 0.7286834930 0.4726047928
-75.6373838864 0.0602097224 0.7286813686 0.4725837620
-75.6373054313 0.0602099789 0.7286791547 0.4725633085
-75.6372238074 0.0602102458 0.7286768523 0.4725434280
-75.6371390465 0.0602105230 0.7286744622 0.4725241148
-75.6370511796 0.0602108103 0.7286719855 0.4725053633
-75.6369602366 0.0602111077 0.7286694229 0.4724871679
-75.6368662467 0.0602114150 0.7286667754 0.4724695226
-75.6367692381 0.0602117322 0.7286640438 0.4724524210
-75.6366692381 0.0602120592 0.7286612287 0.4724358571
-75.6365662734 0.0602123958 0.7286583311 0.4724198256
-75.6364603695 0.0602127421 0.7286553517 0.4724043207
-75.6363515514 0.0602130980 0.7286522912 0.4723893367
-75.6362398432 0.0602134632 0.7286491502 0.4723748689
-75.6361252682 0.0602138379 0.7286459296 0.4723609128
-75.6360078488 0.0602142218 0.7286426298 0.4723474636
-75.6358876068 0.0602146150 0.7286392516 0.4723345170
-75.6357645630 0.0602150173 0.7286357955 0.4723220692
-75.6356387378 0.0602154287 0.7286322622 0.4723101169
-75.6355101504 0.0602158492 0.7286286521 0.4722986561
-75.6353788195 0.0602162786 0.7286249659 0.4722876835
-75.6352447630 0.0602167170 0.7286212040 0.4722771964
-75.6351079980 0.0602171642 0.7286173669 0.4722671918
-75.6349685409 0.0602176202 0.7286134551 0.4722576666
-75.6348264072 0.0602180850 0.7286094689 0.4722486180
-75.6346816118 0.0602185584 0.7286054090 0.4722400440
-75.6345341688 0.0602190406 0.7286012755 0.4722319418
-75.6343840916 0.0602195313 0.7285970690 0.4722243086
-75.6342313928 0.0602200306 0.7285927897 0.4722171425
-75.6340760843 0.0602205385 0.7285884381 0.4722104415
-75.6339181772 0.0602210549 0.7285840143 0.4722042029
-75.6337576820 0.0602215797 0.7285795187 0.4721984243
-75.6335946082 0.0602221129 0.7285749515 0.4721931044
-75.6334289650 0.0602226546 0.7285703130 0.4721882409
-75.6332607605 0.0602232046 0.7285656035 0.4721838315
-75.6330900022 0.0602237630 0.7285608230 0.4721798742
-75.6329166969 0.0602243298 0.7285559718 0.4721763678
-75.6327408508 0.0602249048 0.7285510500 0.4721733099
-75.6325624692 0.0602254882 0.7285460578 0.4721706985
-75.6323815568 0.0602260798 0.7285409952 0.4721685322
-75.6321981175 0.0602266797 0.7285358625 0.4721668094
-75.6320121546 0.0602272878 0.7285306595 0.4721655280
-75.6318236706 0.0602279042 0.7285253864 0.4721646862
-75.6316326675 0.0602285288 0.7285200432 0.4721642828
-75.6314391463 0.0602291617 0.7285146300 0.4721643162
-75.6312431076 0.0602298028 0.7285091466 0.4721647840
-75.6310445512 0.0602304522 0.7285035931 0.4721656852
-75.6308434761 0.0602311098 0.7284979693 0.4721670184
-75.6306398808 0.0602317756 0.7284922753 0.4721687817
-75.6304337628 0.0602324497 0.7284865109 0.4721709730
-75.6302251195 0.0602331321 0.7284806760 0.4721735914
-75.6300139470 0.0602338227 0.7284747705 0.4721766354
-75.6298002411 0.0602345217 0.7284687941 0.4721801026
-75.6295839967 0.0602352289 0.7284627468 0.4721839914
-75.6293652083 0.0602359445 0.7284566283 0.4721883009
-75.6291438695 0.0602366684 0.7284504383 0.4721930287
-75.6289199732 0.0602374007 0.7284441767 0.4721981726
-75.6286935118 0.0602381414 0.7284378432 0.4722037313
-75.6284644770 0.0602388905 0.7284314375 0.4722097030
-75.6282328598 0.0602396481 0.7284249593 0.4722160849
-75.6279986504 0.0602404142 0.7284184082 0.4722228750
-75.6277618387 0.0602411888 0.7284117840 0.4722300714
-75.6275224136 0.0602419719 0.7284050862 0.4722376715
-75.6272803634 0.0602427637 0.7283983145 0.4722456721
-75.6270356760 0.0602435640 0.7283914685 0.4722540710
-75.6267883384 0.0602443731 0.7283845478 0.4722628654
-75.6265383370 0.0602451909 0.7283775518 0.4722720516
-75.6262856575 0.0602460174 0.7283704802 0.4722816260
-75.6260302851 0.0602468528 0.7283633325 0.4722915856
-75.6257722045 0.0602476971 0.7283561082 0.4723019262
-75.6255113993 0.0602485502 0.7283488066 0.4723126429
-75.6252478528 0.0602494124 0.7283414274 0.4723237314
-75.6249815478 0.0602502836 0.7283339700 0.4723351871
-75.6247124661 0.0602511638 0.7283264337 0.4723470038
-75.6244405892 0.0602520533 0.7283188179 0.4723591754
-75.6241658979 0.0602529520 0.7283111222 0.4723716961
-75.6238883722 0.0602538599 0.7283033457 0.4723845586
-75.6236079918 0.0602547772 0.7282954879 0.4723977547
-75.6233247357 0.0602557039 0.7282875482 0.4724112765
-75.6230385824 0.0602566402 0.7282795257 0.4724251152
-75.6227495094 0.0602575860 0.7282714199 0.4724392603
-75.6224574942 0.0602585414 0.7282632299 0.4724537008
-75.6221625136 0.0602595065 0.7282549550 0.4724684258
-75.6218645435 0.0602604815 0.7282465946 0.4724834221
-75.6215635596 0.0602614663 0.7282381478 0.4724986753
-75.6212595371 0.0602624611 0.7282296138 0.4725141706
-75.6209524504 0.0602634659 0.7282209918 0.4725298918
-75.6206422738 0.0602644809 0.7282122810 0.4725458203
-75.6203289808 0.0602655061 0.7282034805 0.4725619363
-75.6200125445 0.0602665416 0.7281945896 0.4725782191
-75.6196929377 0.0602675875 0.7281856073 0.4725946451
-75.6193701327 0.0602686438 0.7281765328 0.4726111884
-75.6190441012 0.0602697108 0.7281673652 0.4726278219
-75.6187148149 0.0602707884 0.7281581035 0.4726445155
-75.6183822449 0.0602718768 0.7281487469 0.4726612356
-75.6180463619 0.0602729760 0.7281392945 0.4726779469
-75.6177071366 0.0602740862 0.7281297452 0.4726946107
-75.6173645392 0.0602752075 0.7281200983 0.4727111836
-75.6170185397 0.0602763400 0.7281103526 0.4727276192
-75.6166691080 0.0602774836 0.7281005073 0.4727438674
-75.6163162137 0.0602786387 0.7280905614 0.4727598722
-75.6159598265 0.0602798052 0.7280805139 0.4727755726
-75.6155999159 0.0602809833 0.7280703639 0.4727909031
-75.6152364512 0.0602821730 0.7280601104 0.4728057902
-75.6148694020 0.0602833745 0.7280497525 0.4728201539
-75.6144987378 0.0602845878 0.7280392891 0.4728339068
-75.6141244282 0.0602858131 0.7280287192 0.4728469513
-75.6137464429 0.0602870505 0.7280180420 0.4728591800
-75.6133647518 0.0602883000 0.7280072565 0.4728704741
-75.6129793247 0.0602895618 0.7279963617 0.4728806997
-75.6125901316 0.0602908360 0.7279853566 0.4728897076
-75.6121971427 0.0602921226 0.7279742403 0.4728973291
-75.6118003276 0.0602934217 0.7279630118 0.4729033711
-75.6113996559 0.0602947336 0.7279516701 0.4729076128
-75.6109950961 0.0602960582 0.7279402143 0.4729097959
-75.6105866156 0.0602973956 0.7279286433 0.4729096169
-75.6101741790 0.0602987461 0.7279169559 0.4729067115
-75.6097577477 0.0603001096 0.7279051510 0.4729006370
-75.6093372767 0.0603014864 0.7278932271 0.4728908426
-75.6089127121 0.0603028767 0.7278811825 0.4728766305
-75.6084839855 0.0603042806 0.7278690152 0.4728570946
-75.6080510060 0.0603056985 0.7278567224 0.4728310275
-75.6076136469 0.0603071308 0.7278443002 0.4727967714
-75.6071717219 0.0603085781 0.7278317429 0.4727519644
-75.6067249406 0.0603100413 0.7278190419 0.4726930657
-75.6062728083 0.0603115221 0.7278061823 0.4726143226
-75.6058143492 0.0603130236 0.7277931350 0.4725049249
-75.6053468960 0.0603145547 0.7277798204 0.4723367138
-75.6048592882 0.0603161518 0.7277659055 0.4719954090
-75.6043835590 0.0603177101 0.7277523417 0.4717663917
-75.6039359029 0.0603191764 0.7277395961 0.4716912232
-75.6035734500 0.0603203637 0.7277292819 0.4716675727
-75.6035852353 0.0603203251 0.7277296194 0.4716692295
-75.6035467058 0.0603204513 0.7277285214 0.4716660286
-75.6034981099 0.0603206105 0.7277271349 0.4716611379
-75.6034463641 0.0603207800 0.7277256571 0.4716551299
-75.6033926670 0.0603209559 0.7277241222 0.4716481336
-75.6033372382 0.0603211374 0.7277225363 0.4716402110
-75.6032801311 0.0603213245 0.7277209011 0.4716314166
-75.6032213719 0.0603215170 0.7277192173 0.4716218055
-75.6031609833 0.0603217149 0.7277174856 0.4716114337
-75.6030989883 0.0603219180 0.7277157066 0.4716003572
-75.6030354110 0.0603221262 0.7277138811 0.4715886315
-75.6029702763 0.0603223396 0.7277120097 0.4715763109
-75.6029036099 0.0603225581 0.7277100933 0.4715634478
-75.6028354382 0.0603227814 0.7277081327 0.4715500925
-75.6027657881 0.0603230096 0.7277061285 0.4715362929
-75.6026946871 0.0603232425 0.7277040816 0.4715220941
-75.6026221629 0.0603234802 0.7277019929 0.4715075387
-75.6025482435 0.0603237223 0.7276998631 0.4714926661
-75.6024729573 0.0603239690 0.7276976931 0.4714775131
-75.6023963327 0.0603242201 0.7276954838 0.4714621136
-75.6023183982 0.0603244754 0.7276932358 0.4714464987
-75.6022391826 0.0603247350 0.7276909502 0.4714306964
-75.6021587144 0.0603249986 0.7276886277 0.4714147325
-75.6020770225 0.0603252663 0.7276862691 0.4713986300
-75.6019941354 0.0603255379 0.7276838754 0.4713824097
-75.6019100818 0.0603258133 0.7276814473 0.4713660898
-75.6018248904 0.0603260924 0.7276789857 0.4713496866
-75.6017385896 0.0603263752 0.7276764915 0.4713332144
-75.6016512080 0.0603266616 0.7276739654 0.4713166857
-75.6015627740 0.0603269513 0.7276714083 0.4713001113
-75.6014733159 0.0603272445 0.7276688210 0.4712835005
-75.6013828619 0.0603275409 0.7276662043 0.4712668611
-75.6012914403 0.0603278404 0.7276635591 0.4712501998
-75.6011990792 0.0603281431 0.7276608862 0.4712335223
-75.6011058066 0.0603284487 0.7276581865 0.4712168331
-75.6010116506 0.0603287573 0.7276554606 0.4712001360
-75.6009166391 0.0603290686 0.7276527095 0.4711834338
-75.6008208000 0.0603293827 0.7276499340 0.4711667288
-75.6007241610 0.0603296993 0.7276471348 0.4711500230
-75.6006267502 0.0603300186 0.7276443128 0.4711333173
-75.6005285951 0.0603303402 0.7276414688 0.4711166125
-75.6004297235 0.0603306642 0.7276386036 0.4710999089
-75.6003301631 0.0603309905 0.7276357180 0.4710832067
-75.6002299416 0.0603313189 0.7276328129 0.4710665054
-75.6001290867 0.0603316494 0.7276298889 0.4710498045
-75.6000276259 0.0603319819 0.7276269470 0.4710331033
-75.5999255869 0.0603323163 0.7276239879 0.4710164007
-75.5998229973 0.0603326525 0.7276210125 0.4709996957
-75.5997198847 0.0603329904 0.7276180215 0.4709829866
-75.5996162766 0.0603333300 0.7276150158 0.4709662722
-75.5995122008 0.0603336711 0.7276119961 0.4709495509
-75.5994076847 0.0603340136 0.7276089632 0.4709328207
-75.5993027559 0.0603343575 0.7276059181 0.4709160798
-75.5991974422 0.0603347026 0.7276028614 0.4708993263
-75.5990917711 0.0603350489 0.7275997939 0.4708825583
-75.5989857702 0.0603353963 0.7275967166 0.4708657732
-75.5988794673 0.0603357447 0.7275936301 0.4708489689
-75.5987728900 0.0603360940 0.7275905353 0.4708321432
-75.5986660660 0.0603364441 0.7275874330 0.4708152938
-75.5985590231 0.0603367950 0.7275843240 0.4707984180
-75.5984517891 0.0603371464 0.7275812091 0.4707815131
-75.5983443918 0.0603374984 0.7275780892 0.4707645769
-75.5982368591 0.0603378509 0.7275749650 0.4707476067
-75.5981292189 0.0603382037 0.7275718373 0.4707305996
-75.5980214992 0.0603385567 0.7275687070 0.4707135529
-75.5979137281 0.0603389099 0.7275655749 0.4706964642
-75.5978059337 0.0603392632 0.7275624418 0.4706793305
-75.5976981440 0.0603396165 0.7275593085 0.4706621488
-75.5975903875 0.0603399697 0.7275561759 0.4706449164
-75.5974826925 0.0603403227 0.7275530447 0.4706276308
-75.5973750873 0.0603406754 0.7275499158 0.4706102888
-75.5972676004 0.0603410277 0.7275467901 0.4705928874
-75.5971602604 0.0603413795 0.7275436683 0.4705754241
-75.5970530961 0.0603417308 0.7275405513 0.4705578961
-75.5969461362 0.0603420814 0.7275374400 0.4705403003
-75.5968394097 0.0603424312 0.7275343352 0.4705226338
-75.5967329454 0.0603427802 0.7275312377 0.4705048942
-75.5966267727 0.0603431282 0.7275281483 0.4704870786
-75.5965209206 0.0603434752 0.7275250680 0.4704691840
-75.5964154186 0.0603438210 0.7275219976 0.4704512078
-75.5963102962 0.0603441656 0.7275189380 0.4704331477
-75.5962055831 0.0603445088 0.7275158899 0.4704150010
-75.5961013089 0.0603448506 0.7275128544 0.4703967648
-75.5959975037 0.0603451909 0.7275098322 0.4703784369
-75.5958941974 0.0603455295 0.7275068242 0.4703600152
-75.5957914204 0.0603458664 0.7275038314 0.4703414972
-75.5956892030 0.0603462015 0.7275008546 0.4703228805
-75.5955875756 0.0603465347 0.7274978947 0.4703041635
-75.5954865692 0.0603468658 0.7274949526 0.4702853443
-75.5953862145 0.0603471947 0.7274920291 0.4702664209
-75.5952865425 0.0603475215 0.7274891253 0.4702473917
-75.5951875845 0.0603478459 0.7274862421 0.4702282556
-75.5950893720 0.0603481678 0.7274833802 0.4702090114
-75.5949919364 0.0603484872 0.7274805408 0.4701896578
-75.5948953096 0.0603488040 0.7274777246 0.4701701944
-75.5947995237 0.0603491180 0.7274749327 0.4701506210
-75.5947046107 0.0603494292 0.7274721660 0.4701309373
-75.5946106030 0.0603497373 0.7274694254 0.4701111433
-75.5945175333 0.0603500424 0.7274667118 0.4700912400
-75.5944254343 0.0603503444 0.7274640264 0.4700712288
-75.5943343389 0.0603506430 0.7274613699 0.4700511109
-75.5942442805 0.0603509383 0.7274587434 0.4700308882
-75.5941552924 0.0603512300 0.7274561479 0.4700105639
-75.5940674083 0.0603515181 0.7274535844 0.4699901414
-75.5939806619 0.0603518025 0.7274510538 0.4699696244
-75.5938950874 0.0603520830 0.7274485571 0.4699490177
-75.5938107190 0.0603523596 0.7274460955 0.4699283274
-75.5937275913 0.0603526322 0.7274436697 0.4699075603
-75.5936457388 0.0603529005 0.7274412810 0.4698867236
-75.5935651966 0.0603531646 0.7274389303 0.4698658263
-75.5934859997 0.0603534242 0.7274366187 0.4698448790
-75.5934081835 0.0603536793 0.7274343471 0.4698238930
-75.5933317835 0.0603539298 0.7274321167 0.4698028808
-75.5932568352 0.0603541755 0.7274299285 0.4697818572
-75.5931833747 0.0603544164 0.7274277835 0.4697608389
-75.5931114380 0.0603546522 0.7274256828 0.4697398439
-75.5930410611 0.0603548830 0.7274236275 0.4697188919
-75.5929722804 0.0603551085 0.7274216186 0.4696980051
-75.5929051323 0.0603553286 0.7274196573 0.4696772086
-75.5928396532 0.0603555433 0.7274177445 0.4696565289
-75.5927758797 0.0603557524 0.7274158814 0.4696359946
-75.5927138480 0.0603559558 0.7274140691 0.4696156370
-75.5926535948 0.0603561533 0.7274123086 0.4695954906
-75.5925951563 0.0603563449 0.7274106009 0.4695755916
-75.5925385686 0.0603565305 0.7274089472 0.4695559782
-75.5924838674 0.0603567098 0.7274073486 0.4695366904
-75.5924310883 0.0603568829 0.7274058060 0.4695177707
-75.5923802663 0.0603570495 0.7274043205 0.4694992636
-75.5923314360 0.0603572096 0.7274028931 0.4694812140
-75.5922846309 0.0603573631 0.7274015248 0.4694636673
-75.5922398841 0.0603575098 0.7274002166 0.4694466689
-75.5921972276 0.0603576497 0.7273989695 0.4694302645
-75.5921566924 0.0603577826 0.7273977843 0.4694144993
-75.5921183083 0.0603579084 0.7273966619 0.4693994165
-75.5920821039 0.0603580271 0.7273956033 0.4693850575
-75.5920481062 0.0603581386 0.7273946091 0.4693714609
-75.5920163406 0.0603582427 0.7273936801 0.4693586626
-75.5919868313 0.0603583395 0.7273928171 0.4693466956
-75.5919596004 0.0603584288 0.7273920207 0.4693355900
-75.5919346685 0.0603585105 0.7273912916 0.4693253727
-75.5919120546 0.0603585847 0.7273906301 0.4693160672
-75.5918917756 0.0603586512 0.7273900370 0.4693076940
-75.5918738468 0.0603587100 0.7273895126 0.4693002702
-75.5918582815 0.0603587610 0.7273890573 0.4692938103
-75.5918450914 0.0603588042 0.7273886715 0.4692883260
-75.5918342861 0.0603588397 0.7273883554 0.4692838269
-75.5918258738 0.0603588673 0.7273881094 0.4692803203
-75.5918198606 0.0603588870 0.7273879335 0.4692778118
-75.5918162509 0.0603588988 0.7273878279 0.4692763052
-75.5918150474 0.0603589028 0.7273877927 0.4692758027
-75.6035852353 0.0603203251 0.7277296194 0.4716692295
-75.6035467058 0.0603204513 0.7277285214 0.4716660286
-75.6034981099 0.0603206105 0.7277271349 0.4716611379
-75.6034463641 0.0603207800 0.7277256571 0.4716551299
-75.6033926670 0.0603209559 0.7277241222 0.4716481336
-75.6033372382 0.0603211374 0.7277225363 0.4716402110
-75.6032801311 0.0603213245 0.7277209011 0.4716314166
-75.6032213719 0.0603215170 0.7277192173 0.4716218055
-75.6031609833 0.0603217149 0.7277174856 0.4716114337
-75.6030989883 0.0603219180 0.7277157066 0.4716003572
-75.6030354110 0.0603221262 0.7277138811 0.4715886315
-75.6029702762 0.0603223396 0.7277120097 0.4715763109
-75.6029036099 0.0603225581 0.7277100933 0.4715634478
-75.6028354382 0.0603227814 0.7277081327 0.4715500925
-75.6027657881 0.0603230096 0.7277061285 0.4715362929
-75.6026946871 0.0603232425 0.7277040816 0.4715220941
-75.6026221629 0.0603234802 0.7277019929 0.4715075387
-75.6025482435 0.0603237223 0.7276998631 0.4714926661
-75.6024729573 0.0603239690 0.7276976931 0.4714775131
-75.6023963327 0.0603242201 0.7276954837 0.4714621136
-75.6023183982 0.0603244754 0.7276932358 0.4714464987
-75.6022391826 0.0603247350 0.7276909502 0.4714306964
-75.6021587144 0.0603249986 0.7276886277 0.4714147325
-75.6020770224 0.0603252663 0.7276862691 0.4713986301
-75.6019941354 0.0603255379 0.7276838754 0.4713824097
-75.6019100818 0.0603258133 0.7276814473 0.4713660898
-75.6018248904 0.0603260924 0.7276789857 0.4713496866
-75.6017385896 0.0603263752 0.7276764915 0.4713332144
-75.6016512080 0.0603266616 0.7276739654 0.4713166857
-75.6015627740 0.0603269513 0.7276714083 0.4713001113
-75.6014733158 0.0603272445 0.7276688210 0.4712835005
-75.6013828619 0.0603275409 0.7276662043 0.4712668611
-75.6012914403 0.0603278404 0.7276635591 0.4712501998
-75.6011990792 0.0603281431 0.7276608862 0.4712335223
-75.6011058066 0.0603284487 0.7276581865 0.4712168331
-75.6010116506 0.0603287573 0.7276554606 0.4712001360
-75.6009166391 0.0603290686 0.7276527095 0.4711834338
-75.6008207999 0.0603293827 0.7276499340 0.4711667288
-75.6007241610 0.0603296993 0.7276471348 0.4711500230
-75.6006267501 0.0603300186 0.7276443128 0.4711333173
-75.6005285950 0.0603303402 0.7276414688 0.4711166125
-75.6004297234 0.0603306642 0.7276386036 0.4710999089
-75.6003301631 0.0603309905 0.7276357180 0.4710832067
-75.6002299416 0.0603313189 0.7276328129 0.4710665054
-75.6001290866 0.0603316494 0.7276298889 0.4710498045
-75.6000276258 0.0603319819 0.7276269470 0.4710331033
-75.5999255869 0.0603323163 0.7276239879 0.4710164007
-75.5998229973 0.0603326525 0.7276210125 0.4709996957
-75.5997198846 0.0603329904 0.7276180215 0.4709829866
-75.5996162766 0.0603333300 0.7276150158 0.4709662722
-75.5995122007 0.0603336711 0.7276119961 0.4709495509
-75.5994076846 0.0603340136 0.7276089632 0.4709328207
-75.5993027559 0.0603343575 0.7276059181 0.4709160798
-75.5991974422 0.0603347026 0.7276028614 0.4708993263
-75.5990917710 0.0603350489 0.7275997939 0.4708825583
-75.5989857702 0.0603353963 0.7275967166 0.4708657732
-75.5988794672 0.0603357447 0.7275936301 0.4708489689
-75.5987728899 0.0603360940 0.7275905353 0.4708321432
-75.5986660659 0.0603364441 0.7275874330 0.4708152938
-75.5985590230 0.0603367950 0.7275843240 0.4707984180
-75.5984517890 0.0603371464 0.7275812091 0.4707815131
-75.5983443917 0.0603374984 0.7275780892 0.4707645769
-75.5982368590 0.0603378509 0.7275749650 0.4707476067
-75.5981292188 0.0603382037 0.7275718373 0.4707305996
-75.5980214991 0.0603385567 0.7275687070 0.4707135529
-75.5979137280 0.0603389099 0.7275655749 0.4706964642
-75.5978059336 0.0603392632 0.7275624418 0.4706793305
-75.5976981440 0.0603396165 0.7275593085 0.4706621488
-75.5975903875 0.0603399697 0.7275561759 0.4706449164
-75.5974826924 0.0603403227 0.7275530447 0.4706276308
-75.5973750872 0.0603406754 0.7275499158 0.4706102888
-75.5972676003 0.0603410277 0.7275467901 0.4705928874
-75.5971602603 0.0603413795 0.7275436683 0.4705754241
-75.5970530961 0.0603417308 0.7275405513 0.4705578961
-75.5969461362 0.0603420814 0.7275374400 0.4705403003
-75.5968394096 0.0603424312 0.7275343352 0.4705226338
-75.5967329454 0.0603427802 0.7275312377 0.4705048942
-75.5966267726 0.0603431282 0.7275281483 0.4704870786
-75.5965209206 0.0603434752 0.7275250680 0.4704691840
-75.5964154186 0.0603438210 0.7275219976 0.4704512078
-75.5963102962 0.0603441656 0.7275189380 0.4704331477
-75.5962055830 0.0603445088 0.7275158899 0.4704150010
-75.5961013089 0.0603448506 0.7275128544 0.4703967648
-75.5959975036 0.0603451909 0.7275098322 0.4703784368
-75.5958941974 0.0603455295 0.7275068242 0.4703600152
-75.5957914203 0.0603458664 0.7275038314 0.4703414972
-75.5956892029 0.0603462015 0.7275008546 0.4703228805
-75.5955875756 0.0603465347 0.7274978947 0.4703041635
-75.5954865691 0.0603468658 0.7274949526 0.4702853443
-75.5953862144 0.0603471947 0.7274920291 0.4702664209
-75.5952865424 0.0603475215 0.7274891253 0.4702473916
-75.5951875844 0.0603478459 0.7274862421 0.4702282556
-75.5950893719 0.0603481678 0.7274833802 0.4702090114
-75.5949919363 0.0603484872 0.7274805408 0.4701896578
-75.5948953096 0.0603488040 0.7274777246 0.4701701943
-75.5947995236 0.0603491180 0.7274749327 0.4701506209
-75.5947046106 0.0603494292 0.7274721660 0.4701309373
-75.5946106030 0.0603497373 0.7274694254 0.4701111433
-75.5945175332 0.0603500424 0.7274667118 0.4700912400
-75.5944254342 0.0603503444 0.7274640264 0.4700712288
-75.5943343389 0.0603506430 0.7274613699 0.4700511109
-75.5942442804 0.0603509383 0.7274587434 0.4700308882
-75.5941552923 0.0603512300 0.7274561479 0.4700105639
-75.5940674082 0.0603515181 0.7274535844 0.4699901414
-75.5939806618 0.0603518025 0.7274510538 0.4699696244
-75.5938950873 0.0603520830 0.7274485571 0.4699490176
-75.5938107189 0.0603523596 0.7274460955 0.4699283274
-75.5937275912 0.0603526322 0.7274436697 0.4699075603
-75.5936457388 0.0603529005 0.7274412810 0.4698867236
-75.5935651965 0.0603531646 0.7274389303 0.4698658263
-75.5934859997 0.0603534242 0.7274366187 0.4698448789
-75.5934081835 0.0603536793 0.7274343471 0.4698238929
-75.5933317834 0.0603539298 0.7274321167 0.4698028807
-75.5932568352 0.0603541755 0.7274299285 0.4697818571
-75.5931833747 0.0603544164 0.7274277835 0.4697608388
-75.5931114379 0.0603546522 0.7274256828 0.4697398438
-75.5930410610 0.0603548830 0.7274236275 0.4697188918
-75.5929722803 0.0603551085 0.7274216186 0.4696980051
-75.5929051322 0.0603553286 0.7274196573 0.4696772085
-75.5928396532 0.0603555433 0.7274177445 0.4696565288
-75.5927758796 0.0603557524 0.7274158814 0.4696359945
-75.5927138480 0.0603559558 0.7274140691 0.4696156370
-75.5926535948 0.0603561533 0.7274123086 0.4695954905
-75.5925951563 0.0603563449 0.7274106009 0.4695755916
-75.5925385685 0.0603565305 0.7274089472 0.4695559781
-75.5924838674 0.0603567098 0.7274073486 0.4695366903
-75.5924310883 0.0603568829 0.7274058060 0.4695177707
-75.5923802663 0.0603570495 0.7274043205 0.4694992635
-75.5923314359 0.0603572096 0.7274028931 0.4694812139
-75.5922846309 0.0603573631 0.7274015248 0.4694636672
-75.5922398840 0.0603575098 0.7274002166 0.4694466688
-75.5921972275 0.0603576497 0.7273989695 0.4694302645
-75.5921566924 0.0603577826 0.7273977843 0.4694144992
-75.5921183083 0.0603579084 0.7273966619 0.4693994164
-75.5920821039 0.0603580271 0.7273956033 0.4693850575
-75.5920481062 0.0603581386 0.7273946091 0.4693714609
-75.5920163406 0.0603582427 0.7273936801 0.4693586625
-75.5919868313 0.0603583395 0.7273928171 0.4693466955
-75.5919596004 0.0603584288 0.7273920207 0.4693355899
-75.5919346685 0.0603585105 0.7273912916 0.4693253726
-75.5919120546 0.0603585847 0.7273906301 0.4693160672
-75.5918917756 0.0603586512 0.7273900370 0.4693076939
-75.5918738468 0.0603587100 0.7273895126 0.4693002701
-75.5918582815 0.0603587610 0.7273890573 0.4692938102
-75.5918450914 0.0603588042 0.7273886715 0.4692883259
-75.5918342862 0.0603588397 0.7273883554 0.4692838268
-75.5918258739 0.0603588673 0.7273881094 0.4692803202
-75.5918198606 0.0603588870 0.7273879335 0.4692778117
-75.5918162509 0.0603588988 0.7273878279 0.4692763051
-75.5918150481 0.0603589028 0.7273877927 0.4692758096
-75.6035853716 0.0603203246 0.7277296217 0.4716691168
-75.6035469906 0.0603204503 0.7277285262 0.4716657931
-75.6034985458 0.0603206090 0.7277271423 0.4716607777
-75.6034469520 0.0603207780 0.7277256671 0.4716546447
-75.6033934078 0.0603209535 0.7277241347 0.4716475232
-75.6033381330 0.0603211345 0.7277225515 0.4716394752
-75.6032811810 0.0603213211 0.7277209190 0.4716305553
-75.6032225784 0.0603215131 0.7277192379 0.4716208185
-75.6031623480 0.0603217104 0.7277175089 0.4716103206
-75.6031005131 0.0603219130 0.7277157328 0.4715991179
-75.6030370979 0.0603221208 0.7277139101 0.4715872657
-75.6029721276 0.0603223336 0.7277120417 0.4715748183
-75.6029056281 0.0603225515 0.7277101284 0.4715618281
-75.6028376260 0.0603227743 0.7277081708 0.4715483453
-75.6027681484 0.0603230019 0.7277061698 0.4715344178
-75.6026972230 0.0603232343 0.7277041262 0.4715200907
-75.6026248777 0.0603234713 0.7277020409 0.4715054065
-75.6025511408 0.0603237129 0.7276999146 0.4714904048
-75.6024760408 0.0603239590 0.7276977482 0.4714751222
-75.6023996064 0.0603242094 0.7276955425 0.4714595925
-75.6023218663 0.0603244641 0.7276932984 0.4714438469
-75.6022428495 0.0603247230 0.7276910167 0.4714279134
-75.6021625847 0.0603249860 0.7276886983 0.4714118178
-75.6020811010 0.0603252530 0.7276863440 0.4713955829
-75.6019984272 0.0603255239 0.7276839547 0.4713792295
-75.6019145922 0.0603257986 0.7276815312 0.4713627760
-75.6018296249 0.0603260770 0.7276790743 0.4713462386
-75.6017435539 0.0603263591 0.7276765849 0.4713296314
-75.6016564080 0.0603266446 0.7276740639 0.4713129670
-75.6015682159 0.0603269336 0.7276715120 0.4712962562
-75.6014790060 0.0603272259 0.7276689302 0.4712795082
-75.6013888070 0.0603275215 0.7276663192 0.4712627309
-75.6012976471 0.0603278202 0.7276636798 0.4712459310
-75.6012055548 0.0603281220 0.7276610130 0.4712291139
-75.6011125583 0.0603284267 0.7276583195 0.4712122844
-75.6010186859 0.0603287343 0.7276556001 0.4711954460
-75.6009239657 0.0603290447 0.7276528557 0.4711786018
-75.6008284259 0.0603293578 0.7276500871 0.4711617539
-75.6007320946 0.0603296735 0.7276472951 0.4711449041
-75.6006349998 0.0603299917 0.7276444806 0.4711280536
-75.6005371694 0.0603303122 0.7276416443 0.4711112030
-75.6004386315 0.0603306352 0.7276387871 0.4710943527
-75.6003394140 0.0603309603 0.7276359098 0.4710775028
-75.6002395447 0.0603312876 0.7276330131 0.4710606528
-75.6001390517 0.0603316169 0.7276300980 0.4710438022
-75.6000379627 0.0603319482 0.7276271652 0.4710269501
-75.5999363056 0.0603322813 0.7276242155 0.4710100958
-75.5998341084 0.0603326163 0.7276212498 0.4709932378
-75.5997313987 0.0603329529 0.7276182689 0.4709763748
-75.5996282045 0.0603332911 0.7276152735 0.4709595053
-75.5995245537 0.0603336308 0.7276122645 0.4709426278
-75.5994204740 0.0603339719 0.7276092427 0.4709257404
-75.5993159933 0.0603343143 0.7276062089 0.4709088410
-75.5992111395 0.0603346579 0.7276031639 0.4708919280
-75.5991059405 0.0603350027 0.7276001086 0.4708749992
-75.5990004242 0.0603353485 0.7275970437 0.4708580523
-75.5988946185 0.0603356953 0.7275939700 0.4708410849
-75.5987885514 0.0603360429 0.7275908885 0.4708240950
-75.5986822508 0.0603363913 0.7275877998 0.4708070802
-75.5985757448 0.0603367404 0.7275847048 0.4707900378
-75.5984690614 0.0603370900 0.7275816044 0.4707729652
-75.5983622287 0.0603374402 0.7275784993 0.4707558601
-75.5982552749 0.0603377907 0.7275753903 0.4707387198
-75.5981482283 0.0603381415 0.7275722784 0.4707215415
-75.5980411169 0.0603384926 0.7275691642 0.4707043224
-75.5979339693 0.0603388438 0.7275660487 0.4706870600
-75.5978268137 0.0603391950 0.7275629327 0.4706697516
-75.5977196787 0.0603395462 0.7275598169 0.4706523941
-75.5976125927 0.0603398972 0.7275567023 0.4706349847
-75.5975055844 0.0603402479 0.7275535896 0.4706175210
-75.5973986824 0.0603405983 0.7275504797 0.4705999999
-75.5972919157 0.0603409482 0.7275473735 0.4705824183
-75.5971853130 0.0603412977 0.7275442717 0.4705647737
-75.5970789033 0.0603416464 0.7275411752 0.4705470635
-75.5969727158 0.0603419945 0.7275380850 0.4705292845
-75.5968667795 0.0603423417 0.7275350017 0.4705114339
-75.5967611239 0.0603426881 0.7275319263 0.4704935092
-75.5966557784 0.0603430334 0.7275288597 0.4704755079
-75.5965507724 0.0603433776 0.7275258026 0.4704574267
-75.5964461357 0.0603437206 0.7275227560 0.4704392633
-75.5963418982 0.0603440622 0.7275197208 0.4704210153
-75.5962380896 0.0603444025 0.7275166977 0.4704026801
-75.5961347401 0.0603447413 0.7275136878 0.4703842550
-75.5960318799 0.0603450785 0.7275106918 0.4703657378
-75.5959295395 0.0603454139 0.7275077107 0.4703471266
-75.5958277493 0.0603457476 0.7275047453 0.4703284189
-75.5957265401 0.0603460794 0.7275017966 0.4703096125
-75.5956259426 0.0603464092 0.7274988654 0.4702907060
-75.5955259879 0.0603467368 0.7274959527 0.4702716976
-75.5954267072 0.0603470623 0.7274930594 0.4702525854
-75.5953281319 0.0603473854 0.7274901863 0.4702333680
-75.5952302935 0.0603477061 0.7274873345 0.4702140447
-75.5951332237 0.0603480244 0.7274845047 0.4701946145
-75.5950369545 0.0603483399 0.7274816981 0.4701750762
-75.5949415178 0.0603486528 0.7274789155 0.4701554297
-75.5948469462 0.0603489628 0.7274761579 0.4701356753
-75.5947532720 0.0603492699 0.7274734261 0.4701158130
-75.5946605279 0.0603495740 0.7274707213 0.4700958431
-75.5945687468 0.0603498748 0.7274680442 0.4700757672
-75.5944779619 0.0603501725 0.7274653960 0.4700555870
-75.5943882064 0.0603504667 0.7274627776 0.4700353042
-75.5942995138 0.0603507575 0.7274601899 0.4700149215
-75.5942119179 0.0603510446 0.7274576340 0.4699944426
-75.5941254527 0.0603513281 0.7274551109 0.4699738717
-75.5940401521 0.0603516078 0.7274526215 0.4699532131
-75.5939560507 0.0603518835 0.7274501669 0.4699324726
-75.5938731829 0.0603521552 0.7274477480 0.4699116573
-75.5937915836 0.0603524227 0.7274453660 0.4698907749
-75.5937112877 0.0603526859 0.7274430218 0.4698698338
-75.5936323305 0.0603529448 0.7274407165 0.4698488442
-75.5935547472 0.0603531991 0.7274384511 0.4698278180
-75.5934785735 0.0603534489 0.7274362267 0.4698067680
-75.5934038451 0.0603536939 0.7274340443 0.4697857084
-75.5933305980 0.0603539340 0.7274319049 0.4697646555
-75.5932588681 0.0603541692 0.7274298097 0.4697436278
-75.5931886919 0.0603543993 0.7274277597 0.4697226455
-75.5931201054 0.0603546241 0.7274257560 0.4697017301
-75.5930531452 0.0603548437 0.7274237996 0.4696809061
-75.5929878478 0.0603550578 0.7274218916 0.4696602005
-75.5929242498 0.0603552663 0.7274200332 0.4696396426
-75.5928623875 0.0603554691 0.7274182253 0.4696192631
-75.5928022974 0.0603556661 0.7274164690 0.4695990957
-75.5927440160 0.0603558572 0.7274147655 0.4695791768
-75.5926875792 0.0603560423 0.7274131158 0.4695595452
-75.5926330230 0.0603562211 0.7274115210 0.4695402411
-75.5925803828 0.0603563937 0.7274099821 0.4695213062
-75.5925296936 0.0603565599 0.7274085000 0.4695027844
-75.5924809899 0.0603567196 0.7274070760 0.4694847209
-75.5924343057 0.0603568727 0.7274057109 0.4694671617
-75.5923896737 0.0603570190 0.7274044058 0.4694501523
-75.5923471261 0.0603571585 0.7274031615 0.4694337379
-75.5923066938 0.0603572911 0.7274019790 0.4694179628
-75.5922684067 0.0603574166 0.7274008592 0.4694028703
-75.5922322932 0.0603575350 0.7273998029 0.4693885022
-75.5921983805 0.0603576462 0.7273988110 0.4693748974
-75.5921666941 0.0603577501 0.7273978841 0.4693620920
-75.5921372580 0.0603578466 0.7273970231 0.4693501190
-75.5921100945 0.0603579357 0.7273962284 0.4693390079
-75.5920852242 0.0603580172 0.7273955009 0.4693287854
-75.5920626659 0.0603580912 0.7273948409 0.4693194749
-75.5920424365 0.0603581575 0.7273942491 0.4693110967
-75.5920245515 0.0603582162 0.7273937258 0.4693036683
-75.5920090241 0.0603582671 0.7273932715 0.4692972042
-75.5919958660 0.0603583102 0.7273928866 0.4692917163
-75.5919850869 0.0603583456 0.7273925712 0.4692872142
-75.5919766950 0.0603583731 0.7273923257 0.4692837053
-75.5919706963 0.0603583928 0.7273921502 0.4692811951
-75.5919670954 0.0603584046 0.7273920448 0.4692796875
-75.5919658955 0.0603584085 0.7273920097 0.4692791917
-75.6035853716 0.0603203246 0.7277296217 0.4716691168
-75.6035469906 0.0603204503 0.7277285262 0.4716657931
-75.6034985458 0.0603206090 0.7277271423 0.4716607777
-75.6034469520 0.0603207780 0.7277256671 0.4716546447
-75.6033934078 0.0603209535 0.7277241347 0.4716475232
-75.6033381330 0.0603211345 0.7277225515 0.4716394752
-75.6032811810 0.0603213211 0.7277209190 0.4716305553
-75.6032225784 0.0603215131 0.7277192379 0.4716208185
-75.6031623480 0.0603217104 0.7277175089 0.4716103206
-75.6031005131 0.0603219130 0.7277157328 0.4715991179
-75.6030370979 0.0603221208 0.7277139101 0.4715872657
-75.6029721276 0.0603223336 0.7277120417 0.4715748183
-75.6029056281 0.0603225515 0.7277101284 0.4715618281
-75.6028376260 0.0603227743 0.7277081708 0.4715483453
-75.6027681484 0.0603230019 0.7277061698 0.4715344178
-75.6026972230 0.0603232343 0.7277041262 0.4715200907
-75.6026248777 0.0603234713 0.7277020409 0.4715054065
-75.6025511408 0.0603237129 0.7276999146 0.4714904048
-75.6024760408 0.0603239590 0.7276977482 0.4714751222
-75.6023996064 0.0603242094 0.7276955425 0.4714595925
-75.6023218663 0.0603244641 0.7276932984 0.4714438469
-75.6022428495 0.0603247230 0.7276910167 0.4714279134
-75.6021625847 0.0603249860 0.7276886983 0.4714118178
-75.6020811010 0.0603252530 0.7276863440 0.4713955829
-75.6019984272 0.0603255239 0.7276839547 0.4713792295
-75.6019145922 0.0603257986 0.7276815312 0.4713627760
-75.6018296249 0.0603260770 0.7276790743 0.4713462386
-75.6017435539 0.0603263591 0.7276765849 0.4713296314
-75.6016564080 0.0603266446 0.7276740639 0.4713129670
-75.6015682159 0.0603269336 0.7276715120 0.4712962562
-75.6014790060 0.0603272259 0.7276689302 0.4712795082
-75.6013888069 0.0603275215 0.7276663192 0.4712627309
-75.6012976471 0.0603278202 0.7276636798 0.4712459310
-75.6012055547 0.0603281220 0.7276610130 0.4712291139
-75.6011125583 0.0603284267 0.7276583195 0.4712122844
-75.6010186859 0.0603287343 0.7276556001 0.4711954460
-75.6009239657 0.0603290447 0.7276528557 0.4711786018
-75.6008284259 0.0603293578 0.7276500871 0.4711617539
-75.6007320946 0.0603296735 0.7276472951 0.4711449041
-75.6006349997 0.0603299917 0.7276444806 0.4711280536
-75.6005371694 0.0603303122 0.7276416443 0.4711112030
-75.6004386315 0.0603306352 0.7276387871 0.4710943527
-75.6003394139 0.0603309603 0.7276359098 0.4710775028
-75.6002395447 0.0603312876 0.7276330131 0.4710606528
-75.6001390516 0.0603316169 0.7276300980 0.4710438022
-75.6000379627 0.0603319482 0.7276271652 0.4710269501
-75.5999363056 0.0603322813 0.7276242155 0.4710100958
-75.5998341083 0.0603326163 0.7276212498 0.4709932378
-75.5997313987 0.0603329529 0.7276182689 0.4709763748
-75.5996282045 0.0603332911 0.7276152735 0.4709595053
-75.5995245537 0.0603336308 0.7276122645 0.4709426278
-75.5994204740 0.0603339719 0.7276092427 0.4709257404
-75.5993159933 0.0603343143 0.7276062089 0.4709088410
-75.5992111395 0.0603346579 0.7276031639 0.4708919280
-75.5991059405 0.0603350027 0.7276001086 0.4708749992
-75.5990004242 0.0603353485 0.7275970437 0.4708580523
-75.5988946185 0.0603356953 0.7275939700 0.4708410849
-75.5987885513 0.0603360429 0.7275908885 0.4708240950
-75.5986822508 0.0603363913 0.7275877998 0.4708070802
-75.5985757447 0.0603367404 0.7275847048 0.4707900378
-75.5984690613 0.0603370900 0.7275816044 0.4707729652
-75.5983622287 0.0603374402 0.7275784993 0.4707558601
-75.5982552749 0.0603377907 0.7275753903 0.4707387198
-75.5981482282 0.0603381415 0.7275722784 0.4707215415
-75.5980411169 0.0603384926 0.7275691642 0.4707043224
-75.5979339693 0.0603388438 0.7275660487 0.4706870600
-75.5978268137 0.0603391950 0.7275629327 0.4706697516
-75.5977196786 0.0603395462 0.7275598169 0.4706523941
-75.5976125926 0.0603398972 0.7275567023 0.4706349847
-75.5975055843 0.0603402479 0.7275535896 0.4706175210
-75.5973986824 0.0603405983 0.7275504797 0.4705999999
-75.5972919156 0.0603409482 0.7275473735 0.4705824183
-75.5971853129 0.0603412977 0.7275442717 0.4705647737
-75.5970789033 0.0603416464 0.7275411752 0.4705470635
-75.5969727157 0.0603419945 0.7275380850 0.4705292845
-75.5968667795 0.0603423417 0.7275350017 0.4705114339
-75.5967611239 0.0603426881 0.7275319263 0.4704935092
-75.5966557784 0.0603430334 0.7275288597 0.4704755079
-75.5965507724 0.0603433776 0.7275258026 0.4704574267
-75.5964461357 0.0603437206 0.7275227560 0.4704392633
-75.5963418981 0.0603440622 0.7275197208 0.4704210153
-75.5962380896 0.0603444025 0.7275166977 0.4704026801
-75.5961347401 0.0603447413 0.7275136878 0.4703842550
-75.5960318799 0.0603450785 0.7275106918 0.4703657378
-75.5959295395 0.0603454139 0.7275077107 0.4703471266
-75.5958277493 0.0603457476 0.7275047453 0.4703284189
-75.5957265400 0.0603460794 0.7275017966 0.4703096125
-75.5956259425 0.0603464092 0.7274988654 0.4702907060
-75.5955259879 0.0603467368 0.7274959527 0.4702716976
-75.5954267072 0.0603470623 0.7274930594 0.4702525854
-75.5953281319 0.0603473854 0.7274901863 0.4702333680
-75.5952302934 0.0603477061 0.7274873345 0.4702140447
-75.5951332237 0.0603480244 0.7274845047 0.4701946145
-75.5950369544 0.0603483399 0.7274816981 0.4701750762
-75.5949415178 0.0603486528 0.7274789155 0.4701554297
-75.5948469462 0.0603489628 0.7274761579 0.4701356753
-75.5947532720 0.0603492699 0.7274734261 0.4701158130
-75.5946605279 0.0603495740 0.7274707213 0.4700958431
-75.5945687468 0.0603498748 0.7274680442 0.4700757672
-75.5944779619 0.0603501725 0.7274653960 0.4700555870
-75.5943882064 0.0603504667 0.7274627776 0.4700353042
-75.5942995138 0.0603507575 0.7274601899 0.4700149215
-75.5942119179 0.0603510446 0.7274576340 0.4699944426
-75.5941254526 0.0603513281 0.7274551109 0.4699738717
-75.5940401521 0.0603516078 0.7274526215 0.4699532131
-75.5939560506 0.0603518835 0.7274501669 0.4699324726
-75.5938731829 0.0603521552 0.7274477480 0.4699116573
-75.5937915836 0.0603524227 0.7274453660 0.4698907749
-75.5937112877 0.0603526859 0.7274430218 0.4698698338
-75.5936323304 0.0603529448 0.7274407165 0.4698488442
-75.5935547472 0.0603531991 0.7274384511 0.4698278180
-75.5934785735 0.0603534489 0.7274362267 0.4698067680
-75.5934038451 0.0603536939 0.7274340443 0.4697857084
-75.5933305979 0.0603539340 0.7274319049 0.4697646555
-75.5932588681 0.0603541692 0.7274298097 0.4697436278
-75.5931886918 0.0603543993 0.7274277597 0.4697226455
-75.5931201054 0.0603546241 0.7274257560 0.4697017301
-75.5930531452 0.0603548437 0.7274237996 0.4696809061
-75.5929878478 0.0603550578 0.7274218916 0.4696602005
-75.5929242497 0.0603552663 0.7274200332 0.4696396426
-75.5928623875 0.0603554691 0.7274182253 0.4696192631
-75.5928022974 0.0603556661 0.7274164690 0.4695990957
-75.5927440159 0.0603558572 0.7274147655 0.4695791768
-75.5926875791 0.0603560423 0.7274131158 0.4695595452
-75.5926330229 0.0603562211 0.7274115210 0.4695402411
-75.5925803827 0.0603563937 0.7274099821 0.4695213062
-75.5925296935 0.0603565599 0.7274085000 0.4695027844
-75.5924809899 0.0603567196 0.7274070760 0.4694847209
-75.5924343056 0.0603568727 0.7274057109 0.4694671617
-75.5923896737 0.0603570190 0.7274044058 0.4694501523
-75.5923471261 0.0603571585 0.7274031615 0.4694337379
-75.5923066938 0.0603572911 0.7274019790 0.4694179628
-75.5922684066 0.0603574166 0.7274008592 0.4694028703
-75.5922322931 0.0603575350 0.7273998029 0.4693885022
-75.5921983804 0.0603576462 0.7273988110 0.4693748974
-75.5921666941 0.0603577501 0.7273978841 0.4693620920
-75.5921372580 0.0603578466 0.7273970231 0.4693501190
-75.5921100945 0.0603579357 0.7273962284 0.4693390079
-75.5920852242 0.0603580172 0.7273955009 0.4693287854
-75.5920626658 0.0603580912 0.7273948409 0.4693194749
-75.5920424365 0.0603581575 0.7273942491 0.4693110967
-75.5920245514 0.0603582162 0.7273937258 0.4693036683
-75.5920090240 0.0603582671 0.7273932715 0.4692972042
-75.5919958659 0.0603583102 0.7273928866 0.4692917163
-75.5919850869 0.0603583456 0.7273925712 0.4692872142
-75.5919766950 0.0603583731 0.7273923257 0.4692837053
-75.5919706963 0.0603583928 0.7273921502 0.4692811951
-75.5919670953 0.0603584046 0.7273920448 0.4692796875
-75.5919658954 0.0603584085 0.7273920097 0.4692791917
-75.6035853716 0.0603203246 0.7277296217 0.4716691168
-75.6035469906 0.0603204503 0.7277285262 0.4716657931
-75.6034985458 0.0603206090 0.7277271423 0.4716607777
-75.6034469520 0.0603207780 0.7277256671 0.4716546447
-75.6033934078 0.0603209535 0.7277241347 0.4716475232
-75.6033381329 0.0603211345 0.7277225515 0.4716394752
-75.6032811810 0.0603213211 0.7277209190 0.4716305553
-75.6032225784 0.0603215131 0.7277192379 0.4716208185
-75.6031623480 0.0603217104 0.7277175089 0.4716103206
-75.6031005131 0.0603219130 0.7277157328 0.4715991179
-75.6030370979 0.0603221208 0.7277139101 0.4715872657
-75.6029721276 0.0603223336 0.7277120417 0.4715748183
-75.6029056281 0.0603225515 0.7277101284 0.4715618281
-75.6028376259 0.0603227743 0.7277081708 0.4715483453
-75.6027681484 0.0603230019 0.7277061698 0.4715344178
-75.6026972230 0.0603232343 0.7277041262 0.4715200907
-75.6026248777 0.0603234713 0.7277020409 0.4715054065
-75.6025511408 0.0603237129 0.7276999146 0.4714904048
-75.6024760408 0.0603239590 0.7276977482 0.4714751222
-75.6023996064 0.0603242094 0.7276955425 0.4714595925
-75.6023218663 0.0603244641 0.7276932984 0.4714438469
-75.6022428494 0.0603247230 0.7276910167 0.4714279134
-75.6021625847 0.0603249860 0.7276886983 0.4714118178
-75.6020811010 0.0603252530 0.7276863440 0.4713955829
-75.6019984272 0.0603255239 0.7276839547 0.4713792295
-75.6019145922 0.0603257986 0.7276815312 0.4713627760
-75.6018296249 0.0603260770 0.7276790743 0.4713462386
-75.6017435539 0.0603263591 0.7276765849 0.4713296314
-75.6016564080 0.0603266446 0.7276740639 0.4713129670
-75.6015682159 0.0603269336 0.7276715120 0.4712962562
-75.6014790060 0.0603272259 0.7276689302 0.4712795082
-75.6013888069 0.0603275215 0.7276663192 0.4712627309
-75.6012976470 0.0603278202 0.7276636798 0.4712459310
-75.6012055547 0.0603281220 0.7276610130 0.4712291139
-75.6011125582 0.0603284267 0.7276583195 0.4712122844
-75.6010186858 0.0603287343 0.7276556001 0.4711954460
-75.6009239657 0.0603290447 0.7276528557 0.4711786018
-75.6008284259 0.0603293578 0.7276500871 0.4711617539
-75.6007320946 0.0603296735 0.7276472951 0.4711449041
-75.6006349997 0.0603299917 0.7276444806 0.4711280536
-75.6005371694 0.0603303122 0.7276416443 0.4711112030
-75.6004386314 0.0603306352 0.7276387871 0.4710943527
-75.6003394139 0.0603309603 0.7276359098 0.4710775028
-75.6002395447 0.0603312876 0.7276330131 0.4710606528
-75.6001390516 0.0603316169 0.7276300980 0.4710438022
-75.6000379626 0.0603319482 0.7276271652 0.4710269501
-75.5999363056 0.0603322813 0.7276242155 0.4710100958
-75.5998341083 0.0603326163 0.7276212498 0.4709932378
-75.5997313987 0.0603329529 0.7276182689 0.4709763748
-75.5996282045 0.0603332911 0.7276152735 0.4709595053
-75.5995245536 0.0603336308 0.7276122645 0.4709426278
-75.5994204739 0.0603339719 0.7276092427 0.4709257404
-75.5993159933 0.0603343143 0.7276062089 0.4709088410
-75.5992111395 0.0603346579 0.7276031639 0.4708919280
-75.5991059405 0.0603350027 0.7276001086 0.4708749992
-75.5990004242 0.0603353485 0.7275970437 0.4708580523
-75.5988946185 0.0603356953 0.7275939700 0.4708410849
-75.5987885513 0.0603360429 0.7275908885 0.4708240950
-75.5986822507 0.0603363913 0.7275877998 0.4708070802
-75.5985757447 0.0603367404 0.7275847048 0.4707900378
-75.5984690613 0.0603370900 0.7275816044 0.4707729652
-75.5983622286 0.0603374402 0.7275784993 0.4707558601
-75.5982552749 0.0603377907 0.7275753903 0.4707387198
-75.5981482282 0.0603381415 0.7275722784 0.4707215415
-75.5980411169 0.0603384926 0.7275691642 0.4707043224
-75.5979339692 0.0603388438 0.7275660487 0.4706870600
-75.5978268136 0.0603391950 0.7275629327 0.4706697516
-75.5977196786 0.0603395462 0.7275598169 0.4706523941
-75.5976125926 0.0603398972 0.7275567023 0.4706349847
-75.5975055843 0.0603402479 0.7275535896 0.4706175210
-75.5973986824 0.0603405983 0.7275504797 0.4705999999
-75.5972919156 0.0603409482 0.7275473735 0.4705824183
-75.5971853129 0.0603412977 0.7275442717 0.4705647737
-75.5970789032 0.0603416464 0.7275411752 0.4705470635
-75.5969727157 0.0603419945 0.7275380850 0.4705292845
-75.5968667794 0.0603423417 0.7275350017 0.4705114339
-75.5967611238 0.0603426881 0.7275319263 0.4704935092
-75.5966557783 0.0603430334 0.7275288597 0.4704755079
-75.5965507724 0.0603433776 0.7275258026 0.4704574267
-75.5964461357 0.0603437206 0.7275227560 0.4704392633
-75.5963418981 0.0603440622 0.7275197208 0.4704210153
-75.5962380895 0.0603444025 0.7275166977 0.4704026801
-75.5961347400 0.0603447413 0.7275136878 0.4703842550
-75.5960318799 0.0603450785 0.7275106918 0.4703657378
-75.5959295394 0.0603454139 0.7275077107 0.4703471266
-75.5958277493 0.0603457476 0.7275047453 0.4703284189
-75.5957265400 0.0603460794 0.7275017966 0.4703096125
-75.5956259425 0.0603464092 0.7274988654 0.4702907060
-75.5955259878 0.0603467368 0.7274959527 0.4702716976
-75.5954267072 0.0603470623 0.7274930594 0.4702525854
-75.5953281318 0.0603473854 0.7274901863 0.4702333680
-75.5952302934 0.0603477061 0.7274873344 0.4702140447
-75.5951332236 0.0603480244 0.7274845047 0.4701946145
-75.5950369544 0.0603483399 0.7274816981 0.4701750762
-75.5949415178 0.0603486528 0.7274789155 0.4701554297
-75.5948469461 0.0603489628 0.7274761579 0.4701356753
-75.5947532719 0.0603492699 0.7274734261 0.4701158130
-75.5946605278 0.0603495740 0.7274707213 0.4700958431
-75.5945687467 0.0603498748 0.7274680442 0.4700757672
-75.5944779618 0.0603501725 0.7274653960 0.4700555870
-75.5943882063 0.0603504667 0.7274627776 0.4700353042
-75.5942995137 0.0603507575 0.7274601899 0.4700149215
-75.5942119178 0.0603510446 0.7274576340 0.4699944426
-75.5941254526 0.0603513281 0.7274551109 0.4699738717
-75.5940401520 0.0603516078 0.7274526215 0.4699532131
-75.5939560506 0.0603518835 0.7274501669 0.4699324726
-75.5938731828 0.0603521552 0.7274477480 0.4699116573
-75.5937915835 0.0603524227 0.7274453660 0.4698907749
-75.5937112877 0.0603526859 0.7274430218 0.4698698338
-75.5936323304 0.0603529448 0.7274407165 0.4698488442
-75.5935547471 0.0603531991 0.7274384511 0.4698278180
-75.5934785734 0.0603534489 0.7274362267 0.4698067680
-75.5934038451 0.0603536939 0.7274340443 0.4697857084
-75.5933305979 0.0603539340 0.7274319049 0.4697646555
-75.5932588680 0.0603541692 0.7274298097 0.4697436278
-75.5931886918 0.0603543993 0.7274277597 0.4697226455
-75.5931201053 0.0603546241 0.7274257560 0.4697017301
-75.5930531451 0.0603548437 0.7274237996 0.4696809061
-75.5929878477 0.0603550578 0.7274218916 0.4696602005
-75.5929242497 0.0603552663 0.7274200331 0.4696396426
-75.5928623874 0.0603554691 0.7274182253 0.4696192631
-75.5928022974 0.0603556661 0.7274164690 0.4695990957
-75.5927440159 0.0603558572 0.7274147655 0.4695791768
-75.5926875791 0.0603560423 0.7274131158 0.4695595452
-75.5926330229 0.0603562211 0.7274115210 0.4695402411
-75.5925803827 0.0603563937 0.7274099820 0.4695213062
-75.5925296935 0.0603565599 0.7274085000 0.4695027844
-75.5924809898 0.0603567196 0.7274070760 0.4694847209
-75.5924343056 0.0603568727 0.7274057109 0.4694671617
-75.5923896736 0.0603570190 0.7274044058 0.4694501523
-75.5923471260 0.0603571585 0.7274031615 0.4694337379
-75.5923066937 0.0603572911 0.7274019790 0.4694179628
-75.5922684066 0.0603574166 0.7274008592 0.4694028703
-75.5922322931 0.0603575350 0.7273998029 0.4693885022
-75.5921983804 0.0603576462 0.7273988110 0.4693748974
-75.5921666940 0.0603577501 0.7273978841 0.4693620920
-75.5921372579 0.0603578466 0.7273970231 0.4693501190
-75.5921100945 0.0603579357 0.7273962284 0.4693390079
-75.5920852241 0.0603580172 0.7273955009 0.4693287854
-75.5920626658 0.0603580912 0.7273948409 0.4693194749
-75.5920424364 0.0603581575 0.7273942491 0.4693110967
-75.5920245514 0.0603582162 0.7273937258 0.4693036683
-75.5920090240 0.0603582671 0.7273932715 0.4692972042
-75.5919958659 0.0603583102 0.7273928866 0.4692917163
-75.5919850869 0.0603583456 0.7273925712 0.4692872142
-75.5919766949 0.0603583731 0.7273923257 0.4692837053
-75.5919706962 0.0603583928 0.7273921502 0.4692811951
-75.5919670953 0.0603584046 0.7273920448 0.4692796875
-75.5919658954 0.0603584085 0.7273920097 0.4692791917
-75.6035853716 0.0603203246 0.7277296217 0.4716691168
-75.6035469906 0.0603204503 0.7277285262 0.4716657931
-75.6034985458 0.0603206090 0.7277271423 0.4716607777
-75.6034469520 0.0603207780 0.7277256671 0.4716546447
-75.6033934078 0.0603209535 0.7277241347 0.4716475232
-75.6033381329 0.0603211345 0.7277225515 0.4716394752
-75.6032811810 0.0603213211 0.7277209190 0.4716305553
-75.6032225784 0.0603215131 0.7277192379 0.4716208185
-75.6031623480 0.0603217104 0.7277175089 0.4716103206
-75.6031005131 0.0603219130 0.7277157328 0.4715991179
-75.6030370979 0.0603221208 0.7277139101 0.4715872657
-75.6029721276 0.0603223336 0.7277120417 0.4715748183
-75.6029056281 0.0603225515 0.7277101284 0.4715618281
-75.6028376259 0.0603227743 0.7277081708 0.4715483453
-75.6027681484 0.0603230019 0.7277061698 0.4715344178
-75.6026972230 0.0603232343 0.7277041262 0.4715200907
-75.6026248777 0.0603234713 0.7277020409 0.4715054065
-75.6025511408 0.0603237129 0.7276999146 0.4714904048
-75.6024760408 0.0603239590 0.7276977482 0.4714751222
-75.6023996064 0.0603242094 0.7276955425 0.4714595925
-75.6023218663 0.0603244641 0.7276932984 0.4714438469
-75.6022428494 0.0603247230 0.7276910167 0.4714279134
-75.6021625847 0.0603249860 0.7276886983 0.4714118178
-75.6020811010 0.0603252530 0.7276863440 0.4713955829
-75.6019984272 0.0603255239 0.7276839547 0.4713792295
-75.6019145922 0.0603257986 0.7276815312 0.4713627760
-75.6018296248 0.0603260770 0.7276790743 0.4713462386
-75.6017435539 0.0603263591 0.7276765849 0.4713296314
-75.6016564080 0.0603266446 0.7276740639 0.4713129670
-75.6015682158 0.0603269336 0.7276715120 0.4712962562
-75.6014790060 0.0603272259 0.7276689302 0.4712795082
-75.6013888069 0.0603275215 0.7276663192 0.4712627309
-75.6012976470 0.0603278202 0.7276636798 0.4712459310
-75.6012055547 0.0603281220 0.7276610130 0.4712291139
-75.6011125582 0.0603284267 0.7276583195 0.4712122844
-75.6010186858 0.0603287343 0.7276556001 0.4711954460
-75.6009239657 0.0603290447 0.7276528557 0.4711786018
-75.6008284259 0.0603293578 0.7276500871 0.4711617539
-75.6007320946 0.0603296735 0.7276472951 0.4711449041
-75.6006349997 0.0603299917 0.7276444806 0.4711280536
-75.6005371693 0.0603303122 0.7276416443 0.4711112030
-75.6004386314 0.0603306352 0.7276387871 0.4710943527
-75.6003394139 0.0603309603 0.7276359098 0.4710775028
-75.6002395447 0.0603312876 0.7276330131 0.4710606528
-75.6001390516 0.0603316169 0.7276300980 0.4710438022
-75.6000379626 0.0603319482 0.7276271652 0.4710269501
-75.5999363056 0.0603322813 0.7276242155 0.4710100958
-75.5998341083 0.0603326163 0.7276212498 0.4709932378
-75.5997313986 0.0603329529 0.7276182689 0.4709763748
-75.5996282045 0.0603332911 0.7276152735 0.4709595053
-75.5995245536 0.0603336308 0.7276122645 0.4709426278
-75.5994204739 0.0603339719 0.7276092427 0.4709257404
-75.5993159932 0.0603343143 0.7276062089 0.4709088410
-75.5992111395 0.0603346579 0.7276031639 0.4708919280
-75.5991059405 0.0603350027 0.7276001086 0.4708749992
-75.5990004242 0.0603353485 0.7275970437 0.4708580523
-75.5988946184 0.0603356953 0.7275939700 0.4708410849
-75.5987885513 0.0603360429 0.7275908885 0.4708240950
-75.5986822507 0.0603363913 0.7275877998 0.4708070802
-75.5985757447 0.0603367404 0.7275847048 0.4707900378
-75.5984690613 0.0603370900 0.7275816044 0.4707729652
-75.5983622286 0.0603374402 0.7275784993 0.4707558601
-75.5982552748 0.0603377907 0.7275753903 0.4707387198
-75.5981482282 0.0603381415 0.7275722784 0.4707215415
-75.5980411168 0.0603384926 0.7275691642 0.4707043224
-75.5979339692 0.0603388438 0.7275660487 0.4706870600
-75.5978268136 0.0603391950 0.7275629327 0.4706697516
-75.5977196786 0.0603395462 0.7275598169 0.4706523941
-75.5976125926 0.0603398972 0.7275567023 0.4706349847
-75.5975055843 0.0603402479 0.7275535896 0.4706175210
-75.5973986823 0.0603405983 0.7275504797 0.4705999999
-75.5972919156 0.0603409482 0.7275473735 0.4705824183
-75.5971853129 0.0603412977 0.7275442717 0.4705647737
-75.5970789032 0.0603416464 0.7275411752 0.4705470635
-75.5969727157 0.0603419945 0.7275380850 0.4705292845
-75.5968667794 0.0603423417 0.7275350017 0.4705114339
-75.5967611238 0.0603426881 0.7275319263 0.4704935092
-75.5966557783 0.0603430334 0.7275288597 0.4704755079
-75.5965507723 0.0603433776 0.7275258026 0.4704574267
-75.5964461356 0.0603437206 0.7275227560 0.4704392633
-75.5963418980 0.0603440622 0.7275197208 0.4704210153
-75.5962380895 0.0603444025 0.7275166977 0.4704026801
-75.5961347400 0.0603447413 0.7275136878 0.4703842550
-75.5960318798 0.0603450785 0.7275106918 0.4703657378
-75.5959295394 0.0603454139 0.7275077107 0.4703471266
-75.5958277492 0.0603457476 0.7275047453 0.4703284189
-75.5957265399 0.0603460794 0.7275017966 0.4703096125
-75.5956259425 0.0603464092 0.7274988654 0.4702907060
-75.5955259878 0.0603467368 0.7274959527 0.4702716976
-75.5954267071 0.0603470623 0.7274930594 0.4702525854
-75.5953281318 0.0603473854 0.7274901863 0.4702333680
-75.5952302934 0.0603477061 0.7274873344 0.4702140447
-75.5951332236 0.0603480244 0.7274845047 0.4701946145
-75.5950369543 0.0603483399 0.7274816981 0.4701750762
-75.5949415177 0.0603486528 0.7274789155 0.4701554297
-75.5948469461 0.0603489628 0.7274761579 0.4701356753
-75.5947532719 0.0603492699 0.7274734261 0.4701158130
-75.5946605278 0.0603495740 0.7274707213 0.4700958431
-75.5945687467 0.0603498748 0.7274680442 0.4700757672
-75.5944779618 0.0603501725 0.7274653960 0.4700555870
-75.5943882063 0.0603504667 0.7274627776 0.4700353042
-75.5942995137 0.0603507575 0.7274601899 0.4700149215
-75.5942119178 0.0603510446 0.7274576340 0.4699944426
-75.5941254525 0.0603513281 0.7274551109 0.4699738717
-75.5940401520 0.0603516078 0.7274526215 0.4699532131
-75.5939560505 0.0603518835 0.7274501669 0.4699324726
-75.5938731828 0.0603521552 0.7274477480 0.4699116573
-75.5937915835 0.0603524227 0.7274453660 0.4698907749
-75.5937112876 0.0603526859 0.7274430218 0.4698698338
-75.5936323303 0.0603529448 0.7274407165 0.4698488442
-75.5935547471 0.0603531991 0.7274384511 0.4698278180
-75.5934785734 0.0603534489 0.7274362267 0.4698067680
-75.5934038450 0.0603536939 0.7274340443 0.4697857084
-75.5933305978 0.0603539340 0.7274319049 0.4697646555
-75.5932588680 0.0603541692 0.7274298097 0.4697436278
-75.5931886917 0.0603543993 0.7274277597 0.4697226455
-75.5931201053 0.0603546241 0.7274257560 0.4697017301
-75.5930531451 0.0603548437 0.7274237996 0.4696809061
-75.5929878477 0.0603550578 0.7274218916 0.4696602005
-75.5929242496 0.0603552663 0.7274200331 0.4696396426
-75.5928623874 0.0603554691 0.7274182253 0.4696192631
-75.5928022973 0.0603556661 0.7274164690 0.4695990957
-75.5927440158 0.0603558572 0.7274147655 0.4695791768
-75.5926875791 0.0603560423 0.7274131158 0.4695595452
-75.5926330228 0.0603562211 0.7274115210 0.4695402411
-75.5925803826 0.0603563937 0.7274099820 0.4695213062
-75.5925296934 0.0603565599 0.7274085000 0.4695027844
-75.5924809898 0.0603567196 0.7274070760 0.4694847209
-75.5924343055 0.0603568727 0.7274057109 0.4694671617
-75.5923896736 0.0603570190 0.7274044058 0.4694501523
-75.5923471260 0.0603571585 0.7274031615 0.4694337379
-75.5923066937 0.0603572911 0.7274019790 0.4694179628
-75.5922684065 0.0603574166 0.7274008592 0.4694028703
-75.5922322931 0.0603575350 0.7273998029 0.4693885022
-75.5921983803 0.0603576462 0.7273988110 0.4693748974
-75.5921666940 0.0603577501 0.7273978841 0.4693620920
-75.5921372579 0.0603578466 0.7273970231 0.4693501190
-75.5921100944 0.0603579357 0.7273962284 0.4693390079
-75.5920852241 0.0603580172 0.7273955009 0.4693287854
-75.5920626657 0.0603580912 0.7273948409 0.4693194749
-75.5920424364 0.0603581575 0.7273942491 0.4693110967
-75.5920245513 0.0603582162 0.7273937258 0.4693036683
-75.5920090239 0.0603582671 0.7273932715 0.4692972042
-75.5919958658 0.0603583102 0.7273928866 0.4692917163
-75.5919850868 0.0603583456 0.7273925712 0.4692872142
-75.5919766949 0.0603583731 0.7273923257 0.4692837053
-75.5919706962 0.0603583928 0.7273921501 0.4692811951
-75.5919670952 0.0603584046 0.7273920448 0.4692796875
-75.5919658953 0.0603584085 0.7273920097 0.4692791917
-75.6035852353 0.0603203251 0.7277296194 0.4716692295
-75.6035467057 0.0603204513 0.7277285214 0.4716660286
-75.6034981099 0.0603206105 0.7277271349 0.4716611379
-75.6034463641 0.0603207800 0.7277256571 0.4716551298
-75.6033926669 0.0603209559 0.7277241222 0.4716481335
-75.6033372382 0.0603211374 0.7277225363 0.4716402110
-75.6032801311 0.0603213245 0.7277209011 0.4716314166
-75.6032213719 0.0603215170 0.7277192173 0.4716218055
-75.6031609832 0.0603217149 0.7277174856 0.4716114336
-75.6030989882 0.0603219180 0.7277157066 0.4716003571
-75.6030354109 0.0603221262 0.7277138811 0.4715886315
-75.6029702762 0.0603223396 0.7277120097 0.4715763109
-75.6029036098 0.0603225581 0.7277100933 0.4715634478
-75.6028354381 0.0603227814 0.7277081327 0.4715500925
-75.6027657880 0.0603230096 0.7277061285 0.4715362929
-75.6026946870 0.0603232425 0.7277040816 0.4715220941
-75.6026221628 0.0603234802 0.7277019929 0.4715075386
-75.6025482434 0.0603237223 0.7276998631 0.4714926661
-75.6024729572 0.0603239690 0.7276976931 0.4714775131
-75.6023963326 0.0603242201 0.7276954837 0.4714621136
-75.6023183981 0.0603244754 0.7276932358 0.4714464986
-75.6022391825 0.0603247350 0.7276909502 0.4714306964
-75.6021587143 0.0603249986 0.7276886277 0.4714147325
-75.6020770223 0.0603252663 0.7276862691 0.4713986300
-75.6019941353 0.0603255379 0.7276838754 0.4713824097
-75.6019100817 0.0603258133 0.7276814473 0.4713660898
-75.6018248903 0.0603260924 0.7276789857 0.4713496866
-75.6017385895 0.0603263752 0.7276764915 0.4713332144
-75.6016512079 0.0603266616 0.7276739654 0.4713166857
-75.6015627739 0.0603269513 0.7276714083 0.4713001113
-75.6014733157 0.0603272445 0.7276688210 0.4712835005
-75.6013828617 0.0603275409 0.7276662043 0.4712668611
-75.6012914401 0.0603278404 0.7276635591 0.4712501998
-75.6011990790 0.0603281431 0.7276608862 0.4712335223
-75.6011058065 0.0603284487 0.7276581865 0.4712168331
-75.6010116504 0.0603287573 0.7276554606 0.4712001360
-75.6009166389 0.0603290686 0.7276527095 0.4711834337
-75.6008207998 0.0603293827 0.7276499340 0.4711667288
-75.6007241609 0.0603296993 0.7276471348 0.4711500230
-75.6006267500 0.0603300186 0.7276443128 0.4711333173
-75.6005285949 0.0603303402 0.7276414688 0.4711166125
-75.6004297233 0.0603306642 0.7276386036 0.4710999089
-75.6003301629 0.0603309905 0.7276357180 0.4710832067
-75.6002299414 0.0603313189 0.7276328129 0.4710665054
-75.6001290865 0.0603316494 0.7276298889 0.4710498045
-75.6000276257 0.0603319819 0.7276269470 0.4710331033
-75.5999255867 0.0603323163 0.7276239879 0.4710164007
-75.5998229971 0.0603326525 0.7276210125 0.4709996957
-75.5997198844 0.0603329904 0.7276180215 0.4709829866
-75.5996162764 0.0603333300 0.7276150158 0.4709662722
-75.5995122005 0.0603336711 0.7276119961 0.4709495509
-75.5994076844 0.0603340136 0.7276089632 0.4709328207
-75.5993027557 0.0603343575 0.7276059181 0.4709160798
-75.5991974420 0.0603347026 0.7276028614 0.4708993263
-75.5990917708 0.0603350489 0.7275997939 0.4708825582
-75.5989857700 0.0603353963 0.7275967166 0.4708657732
-75.5988794670 0.0603357447 0.7275936301 0.4708489689
-75.5987728897 0.0603360940 0.7275905353 0.4708321432
-75.5986660657 0.0603364441 0.7275874330 0.4708152938
-75.5985590228 0.0603367950 0.7275843240 0.4707984179
-75.5984517888 0.0603371464 0.7275812091 0.4707815131
-75.5983443915 0.0603374984 0.7275780892 0.4707645769
-75.5982368588 0.0603378509 0.7275749650 0.4707476067
-75.5981292186 0.0603382037 0.7275718373 0.4707305996
-75.5980214989 0.0603385567 0.7275687070 0.4707135529
-75.5979137278 0.0603389099 0.7275655749 0.4706964642
-75.5978059334 0.0603392632 0.7275624418 0.4706793305
-75.5976981438 0.0603396165 0.7275593085 0.4706621488
-75.5975903872 0.0603399697 0.7275561758 0.4706449164
-75.5974826922 0.0603403227 0.7275530447 0.4706276308
-75.5973750870 0.0603406754 0.7275499158 0.4706102888
-75.5972676001 0.0603410277 0.7275467901 0.4705928874
-75.5971602601 0.0603413795 0.7275436683 0.4705754241
-75.5970530958 0.0603417308 0.7275405513 0.4705578961
-75.5969461359 0.0603420814 0.7275374400 0.4705403003
-75.5968394093 0.0603424312 0.7275343352 0.4705226338
-75.5967329451 0.0603427802 0.7275312377 0.4705048941
-75.5966267724 0.0603431282 0.7275281483 0.4704870786
-75.5965209203 0.0603434752 0.7275250680 0.4704691840
-75.5964154183 0.0603438210 0.7275219976 0.4704512078
-75.5963102959 0.0603441656 0.7275189380 0.4704331477
-75.5962055828 0.0603445088 0.7275158899 0.4704150010
-75.5961013086 0.0603448506 0.7275128544 0.4703967647
-75.5959975033 0.0603451909 0.7275098322 0.4703784368
-75.5958941971 0.0603455295 0.7275068242 0.4703600152
-75.5957914201 0.0603458664 0.7275038314 0.4703414972
-75.5956892026 0.0603462015 0.7275008546 0.4703228805
-75.5955875753 0.0603465347 0.7274978947 0.4703041634
-75.5954865689 0.0603468658 0.7274949525 0.4702853443
-75.5953862141 0.0603471947 0.7274920291 0.4702664209
-75.5952865421 0.0603475215 0.7274891253 0.4702473916
-75.5951875841 0.0603478459 0.7274862421 0.4702282555
-75.5950893716 0.0603481678 0.7274833802 0.4702090114
-75.5949919361 0.0603484872 0.7274805408 0.4701896578
-75.5948953093 0.0603488040 0.7274777246 0.4701701943
-75.5947995233 0.0603491180 0.7274749327 0.4701506209
-75.5947046104 0.0603494292 0.7274721660 0.4701309372
-75.5946106027 0.0603497373 0.7274694254 0.4701111432
-75.5945175329 0.0603500424 0.7274667118 0.4700912399
-75.5944254339 0.0603503444 0.7274640264 0.4700712288
-75.5943343386 0.0603506430 0.7274613699 0.4700511108
-75.5942442801 0.0603509383 0.7274587434 0.4700308881
-75.5941552920 0.0603512300 0.7274561479 0.4700105638
-75.5940674079 0.0603515181 0.7274535844 0.4699901413
-75.5939806616 0.0603518025 0.7274510538 0.4699696243
-75.5938950870 0.0603520830 0.7274485571 0.4699490176
-75.5938107187 0.0603523596 0.7274460954 0.4699283273
-75.5937275909 0.0603526322 0.7274436697 0.4699075602
-75.5936457385 0.0603529005 0.7274412810 0.4698867235
-75.5935651963 0.0603531646 0.7274389303 0.4698658262
-75.5934859994 0.0603534242 0.7274366187 0.4698448788
-75.5934081832 0.0603536793 0.7274343471 0.4698238928
-75.5933317831 0.0603539298 0.7274321167 0.4698028806
-75.5932568349 0.0603541755 0.7274299285 0.4697818570
-75.5931833744 0.0603544164 0.7274277835 0.4697608387
-75.5931114377 0.0603546522 0.7274256828 0.4697398437
-75.5930410608 0.0603548830 0.7274236275 0.4697188917
-75.5929722801 0.0603551085 0.7274216186 0.4696980050
-75.5929051320 0.0603553286 0.7274196573 0.4696772084
-75.5928396529 0.0603555433 0.7274177445 0.4696565287
-75.5927758793 0.0603557524 0.7274158814 0.4696359944
-75.5927138477 0.0603559558 0.7274140691 0.4696156369
-75.5926535945 0.0603561533 0.7274123085 0.4695954904
-75.5925951560 0.0603563449 0.7274106009 0.4695755915
-75.5925385683 0.0603565305 0.7274089472 0.4695559780
-75.5924838671 0.0603567098 0.7274073486 0.4695366902
-75.5924310880 0.0603568829 0.7274058060 0.4695177705
-75.5923802661 0.0603570495 0.7274043204 0.4694992634
-75.5923314357 0.0603572096 0.7274028931 0.4694812138
-75.5922846306 0.0603573631 0.7274015248 0.4694636670
-75.5922398838 0.0603575098 0.7274002166 0.4694466687
-75.5921972273 0.0603576497 0.7273989695 0.4694302643
-75.5921566922 0.0603577826 0.7273977843 0.4694144990
-75.5921183081 0.0603579084 0.7273966619 0.4693994163
-75.5920821037 0.0603580271 0.7273956033 0.4693850573
-75.5920481060 0.0603581386 0.7273946091 0.4693714607
-75.5920163405 0.0603582427 0.7273936801 0.4693586624
-75.5919868311 0.0603583395 0.7273928171 0.4693466954
-75.5919596002 0.0603584288 0.7273920207 0.4693355898
-75.5919346684 0.0603585105 0.7273912915 0.4693253725
-75.5919120545 0.0603585847 0.7273906301 0.4693160670
-75.5918917755 0.0603586512 0.7273900370 0.4693076937
-75.5918738467 0.0603587100 0.7273895126 0.4693002699
-75.5918582814 0.0603587610 0.7273890573 0.4692938100
-75.5918450913 0.0603588042 0.7273886715 0.4692883257
-75.5918342861 0.0603588397 0.7273883554 0.4692838266
-75.5918258738 0.0603588673 0.7273881094 0.4692803200
-75.5918198606 0.0603588870 0.7273879335 0.4692778115
-75.5918162516 0.0603588988 0.7273878279 0.4692763119
-75.5918150481 0.0603589028 0.7273877927 0.4692758094
-75.6035852353 0.0603203251 0.7277296194 0.4716692295
-75.6035467057 0.0603204513 0.7277285214 0.4716660286
-75.6034981098 0.0603206105 0.7277271349 0.4716611378
-75.6034463641 0.0603207800 0.7277256571 0.4716551298
-75.6033926669 0.0603209559 0.7277241222 0.4716481335
-75.6033372382 0.0603211374 0.7277225363 0.4716402110
-75.6032801311 0.0603213245 0.7277209011 0.4716314166
-75.6032213719 0.0603215170 0.7277192173 0.4716218055
-75.6031609832 0.0603217149 0.7277174856 0.4716114336
-75.6030989882 0.0603219180 0.7277157066 0.4716003571
-75.6030354109 0.0603221262 0.7277138811 0.4715886315
-75.6029702762 0.0603223396 0.7277120097 0.4715763109
-75.6029036098 0.0603225581 0.7277100933 0.4715634478
-75.6028354381 0.0603227814 0.7277081327 0.4715500925
-75.6027657880 0.0603230096 0.7277061285 0.4715362929
-75.6026946870 0.0603232425 0.7277040816 0.4715220941
-75.6026221628 0.0603234802 0.7277019929 0.4715075386
-75.6025482434 0.0603237223 0.7276998631 0.4714926660
-75.6024729572 0.0603239690 0.7276976931 0.4714775131
-75.6023963326 0.0603242201 0.7276954837 0.4714621136
-75.6023183981 0.0603244754 0.7276932358 0.4714464986
-75.6022391824 0.0603247350 0.7276909502 0.4714306964
-75.6021587143 0.0603249986 0.7276886277 0.4714147325
-75.6020770223 0.0603252663 0.7276862691 0.4713986300
-75.6019941352 0.0603255379 0.7276838754 0.4713824096
-75.6019100817 0.0603258133 0.7276814473 0.4713660898
-75.6018248902 0.0603260924 0.7276789857 0.4713496866
-75.6017385895 0.0603263752 0.7276764915 0.4713332144
-75.6016512079 0.0603266616 0.7276739654 0.4713166857
-75.6015627738 0.0603269513 0.7276714083 0.4713001113
-75.6014733157 0.0603272445 0.7276688210 0.4712835005
-75.6013828617 0.0603275409 0.7276662043 0.4712668611
-75.6012914401 0.0603278404 0.7276635591 0.4712501998
-75.6011990790 0.0603281431 0.7276608862 0.4712335223
-75.6011058064 0.0603284487 0.7276581865 0.4712168331
-75.6010116504 0.0603287573 0.7276554606 0.4712001359
-75.6009166389 0.0603290686 0.7276527095 0.4711834337
-75.6008207997 0.0603293827 0.7276499340 0.4711667288
-75.6007241608 0.0603296993 0.7276471348 0.4711500230
-75.6006267499 0.0603300186 0.7276443128 0.4711333173
-75.6005285948 0.0603303402 0.7276414688 0.4711166125
-75.6004297232 0.0603306642 0.7276386036 0.4710999089
-75.6003301629 0.0603309905 0.7276357180 0.4710832067
-75.6002299414 0.0603313189 0.7276328129 0.4710665054
-75.6001290864 0.0603316494 0.7276298889 0.4710498045
-75.6000276257 0.0603319819 0.7276269470 0.4710331033
-75.5999255867 0.0603323163 0.7276239879 0.4710164007
-75.5998229970 0.0603326525 0.7276210125 0.4709996957
-75.5997198844 0.0603329904 0.7276180215 0.4709829866
-75.5996162764 0.0603333300 0.7276150158 0.4709662722
-75.5995122005 0.0603336711 0.7276119961 0.4709495509
-75.5994076844 0.0603340136 0.7276089632 0.4709328207
-75.5993027557 0.0603343575 0.7276059181 0.4709160798
-75.5991974419 0.0603347026 0.7276028614 0.4708993263
-75.5990917708 0.0603350489 0.7275997939 0.4708825582
-75.5989857700 0.0603353963 0.7275967166 0.4708657732
-75.5988794670 0.0603357447 0.7275936301 0.4708489689
-75.5987728897 0.0603360940 0.7275905353 0.4708321432
-75.5986660657 0.0603364441 0.7275874330 0.4708152938
-75.5985590228 0.0603367950 0.7275843240 0.4707984179
-75.5984517888 0.0603371464 0.7275812091 0.4707815131
-75.5983443915 0.0603374984 0.7275780892 0.4707645769
-75.5982368588 0.0603378509 0.7275749650 0.4707476067
-75.5981292186 0.0603382037 0.7275718373 0.4707305996
-75.5980214989 0.0603385567 0.7275687070 0.4707135529
-75.5979137278 0.0603389099 0.7275655749 0.4706964642
-75.5978059333 0.0603392632 0.7275624418 0.4706793305
-75.5976981437 0.0603396165 0.7275593085 0.4706621488
-75.5975903872 0.0603399697 0.7275561758 0.4706449164
-75.5974826922 0.0603403227 0.7275530447 0.4706276308
-75.5973750869 0.0603406754 0.7275499158 0.4706102888
-75.5972676000 0.0603410277 0.7275467901 0.4705928874
-75.5971602601 0.0603413795 0.7275436683 0.4705754241
-75.5970530958 0.0603417308 0.7275405513 0.4705578961
-75.5969461359 0.0603420814 0.7275374400 0.4705403003
-75.5968394093 0.0603424312 0.7275343352 0.4705226338
-75.5967329451 0.0603427802 0.7275312377 0.4705048941
-75.5966267723 0.0603431282 0.7275281483 0.4704870786
-75.5965209203 0.0603434752 0.7275250680 0.4704691840
-75.5964154183 0.0603438210 0.7275219976 0.4704512078
-75.5963102959 0.0603441656 0.7275189380 0.4704331477
-75.5962055828 0.0603445088 0.7275158899 0.4704150010
-75.5961013086 0.0603448506 0.7275128544 0.4703967647
-75.5959975033 0.0603451909 0.7275098322 0.4703784368
-75.5958941971 0.0603455295 0.7275068242 0.4703600152
-75.5957914201 0.0603458664 0.7275038314 0.4703414972
-75.5956892026 0.0603462015 0.7275008546 0.4703228805
-75.5955875753 0.0603465347 0.7274978947 0.4703041634
-75.5954865688 0.0603468658 0.7274949525 0.4702853443
-75.5953862141 0.0603471947 0.7274920291 0.4702664209
-75.5952865421 0.0603475215 0.7274891253 0.4702473916
-75.5951875841 0.0603478459 0.7274862421 0.4702282555
-75.5950893716 0.0603481678 0.7274833802 0.4702090114
-75.5949919360 0.0603484872 0.7274805408 0.4701896578
-75.5948953093 0.0603488040 0.7274777246 0.4701701943
-75.5947995233 0.0603491180 0.7274749327 0.4701506209
-75.5947046103 0.0603494292 0.7274721660 0.4701309372
-75.5946106027 0.0603497373 0.7274694253 0.4701111432
-75.5945175329 0.0603500424 0.7274667118 0.4700912399
-75.5944254339 0.0603503444 0.7274640264 0.4700712288
-75.5943343386 0.0603506430 0.7274613699 0.4700511108
-75.5942442801 0.0603509383 0.7274587434 0.4700308881
-75.5941552920 0.0603512300 0.7274561479 0.4700105638
-75.5940674079 0.0603515181 0.7274535844 0.4699901413
-75.5939806615 0.0603518025 0.7274510538 0.4699696243
-75.5938950870 0.0603520830 0.7274485571 0.4699490176
-75.5938107187 0.0603523596 0.7274460954 0.4699283273
-75.5937275909 0.0603526322 0.7274436697 0.4699075602
-75.5936457385 0.0603529005 0.7274412810 0.4698867235
-75.5935651962 0.0603531646 0.7274389303 0.4698658262
-75.5934859994 0.0603534242 0.7274366187 0.4698448788
-75.5934081832 0.0603536793 0.7274343471 0.4698238928
-75.5933317831 0.0603539298 0.7274321167 0.4698028806
-75.5932568349 0.0603541755 0.7274299285 0.4697818570
-75.5931833744 0.0603544164 0.7274277835 0.4697608387
-75.5931114376 0.0603546522 0.7274256828 0.4697398437
-75.5930410608 0.0603548830 0.7274236275 0.4697188917
-75.5929722801 0.0603551085 0.7274216186 0.4696980050
-75.5929051319 0.0603553286 0.7274196573 0.4696772084
-75.5928396529 0.0603555433 0.7274177445 0.4696565287
-75.5927758793 0.0603557524 0.7274158814 0.4696359944
-75.5927138477 0.0603559558 0.7274140691 0.4696156369
-75.5926535945 0.0603561533 0.7274123085 0.4695954904
-75.5925951560 0.0603563449 0.7274106009 0.4695755915
-75.5925385683 0.0603565305 0.7274089472 0.4695559780
-75.5924838671 0.0603567098 0.7274073486 0.4695366902
-75.5924310880 0.0603568829 0.7274058060 0.4695177705
-75.5923802661 0.0603570495 0.7274043204 0.4694992634
-75.5923314357 0.0603572096 0.7274028931 0.4694812138
-75.5922846306 0.0603573631 0.7274015248 0.4694636670
-75.5922398838 0.0603575098 0.7274002166 0.4694466687
-75.5921972273 0.0603576497 0.7273989695 0.4694302643
-75.5921566921 0.0603577826 0.7273977843 0.4694144990
-75.5921183081 0.0603579084 0.7273966619 0.4693994163
-75.5920821037 0.0603580271 0.7273956033 0.4693850573
-75.5920481060 0.0603581386 0.7273946091 0.4693714607
-75.5920163404 0.0603582427 0.7273936801 0.4693586624
-75.5919868311 0.0603583395 0.7273928171 0.4693466954
-75.5919596002 0.0603584288 0.7273920207 0.4693355898
-75.5919346684 0.0603585105 0.7273912915 0.4693253725
-75.5919120545 0.0603585847 0.7273906301 0.4693160670
-75.5918917755 0.0603586512 0.7273900370 0.4693076937
-75.5918738467 0.0603587100 0.7273895126 0.4693002699
-75.5918582814 0.0603587610 0.7273890573 0.4692938100
-75.5918450913 0.0603588042 0.7273886715 0.4692883257
-75.5918342861 0.0603588397 0.7273883554 0.4692838266
-75.5918258737 0.0603588673 0.7273881094 0.4692803200
-75.5918198605 0.0603588870 0.7273879335 0.4692778115
-75.5918162516 0.0603588988 0.7273878279 0.4692763119
-75.5918150480 0.0603589028 0.7273877927 0.4692758094
-75.6035852353 0.0603203251 0.7277296194 0.4716692295
-75.6035467057 0.0603204513 0.7277285214 0.4716660286
-75.6034981098 0.0603206105 0.7277271349 0.4716611378
-75.6034463641 0.0603207800 0.7277256571 0.4716551298
-75.6033926669 0.0603209559 0.7277241222 0.4716481335
-75.6033372382 0.0603211374 0.7277225363 0.4716402110
-75.6032801311 0.0603213245 0.7277209011 0.4716314166
-75.6032213719 0.0603215170 0.7277192173 0.4716218055
-75.6031609832 0.0603217149 0.7277174856 0.4716114336
-75.6030989882 0.0603219180 0.7277157066 0.4716003571
-75.6030354109 0.0603221262 0.7277138811 0.4715886315
-75.6029702762 0.0603223396 0.7277120097 0.4715763109
-75.6029036098 0.0603225581 0.7277100933 0.4715634478
-75.6028354381 0.0603227814 0.7277081327 0.4715500925
-75.6027657880 0.0603230096 0.7277061285 0.4715362929
-75.6026946870 0.0603232425 0.7277040816 0.4715220941
-75.6026221628 0.0603234802 0.7277019929 0.4715075386
-75.6025482434 0.0603237223 0.7276998631 0.4714926660
-75.6024729572 0.0603239690 0.7276976931 0.4714775131
-75.6023963326 0.0603242201 0.7276954837 0.4714621136
-75.6023183981 0.0603244754 0.7276932358 0.4714464986
-75.6022391824 0.0603247350 0.7276909502 0.4714306964
-75.6021587143 0.0603249986 0.7276886277 0.4714147325
-75.6020770223 0.0603252663 0.7276862691 0.4713986300
-75.6019941352 0.0603255379 0.7276838754 0.4713824096
-75.6019100817 0.0603258133 0.7276814473 0.4713660898
-75.6018248902 0.0603260924 0.7276789857 0.4713496866
-75.6017385895 0.0603263752 0.7276764915 0.4713332144
-75.6016512079 0.0603266616 0.7276739654 0.4713166857
-75.6015627738 0.0603269513 0.7276714083 0.4713001113
-75.6014733157 0.0603272445 0.7276688210 0.4712835005
-75.6013828617 0.0603275409 0.7276662043 0.4712668611
-75.6012914401 0.0603278404 0.7276635591 0.4712501998
-75.6011990790 0.0603281431 0.7276608862 0.4712335223
-75.6011058064 0.0603284487 0.7276581865 0.4712168331
-75.6010116504 0.0603287573 0.7276554606 0.4712001359
-75.6009166389 0.0603290686 0.7276527095 0.4711834337
-75.6008207997 0.0603293827 0.7276499340 0.4711667288
-75.6007241608 0.0603296993 0.7276471348 0.4711500230
-75.6006267499 0.0603300186 0.7276443128 0.4711333173
-75.6005285948 0.0603303402 0.7276414688 0.4711166125
-75.6004297232 0.0603306642 0.7276386036 0.4710999089
-75.6003301629 0.0603309905 0.7276357180 0.4710832067
-75.6002299414 0.0603313189 0.7276328129 0.4710665054
-75.6001290864 0.0603316494 0.7276298889 0.4710498045
-75.6000276256 0.0603319819 0.7276269470 0.4710331033
-75.5999255866 0.0603323163 0.7276239879 0.4710164007
-75.5998229970 0.0603326525 0.7276210125 0.4709996957
-75.5997198844 0.0603329904 0.7276180215 0.4709829866
-75.5996162763 0.0603333300 0.7276150158 0.4709662722
-75.5995122005 0.0603336711 0.7276119961 0.4709495509
-75.5994076844 0.0603340136 0.7276089632 0.4709328207
-75.5993027557 0.0603343575 0.7276059181 0.4709160798
-75.5991974419 0.0603347026 0.7276028614 0.4708993263
-75.5990917708 0.0603350489 0.7275997939 0.4708825582
-75.5989857699 0.0603353963 0.7275967166 0.4708657732
-75.5988794670 0.0603357447 0.7275936301 0.4708489689
-75.5987728897 0.0603360940 0.7275905353 0.4708321432
-75.5986660657 0.0603364441 0.7275874330 0.4708152938
-75.5985590228 0.0603367950 0.7275843240 0.4707984179
-75.5984517888 0.0603371464 0.7275812091 0.4707815131
-75.5983443914 0.0603374984 0.7275780892 0.4707645769
-75.5982368587 0.0603378509 0.7275749650 0.4707476067
-75.5981292186 0.0603382037 0.7275718373 0.4707305996
-75.5980214989 0.0603385567 0.7275687070 0.4707135529
-75.5979137278 0.0603389099 0.7275655749 0.4706964642
-75.5978059333 0.0603392632 0.7275624418 0.4706793305
-75.5976981437 0.0603396165 0.7275593085 0.4706621488
-75.5975903872 0.0603399697 0.7275561758 0.4706449164
-75.5974826921 0.0603403227 0.7275530447 0.4706276308
-75.5973750869 0.0603406754 0.7275499158 0.4706102888
-75.5972676000 0.0603410277 0.7275467901 0.4705928874
-75.5971602601 0.0603413795 0.7275436683 0.4705754241
-75.5970530958 0.0603417308 0.7275405513 0.4705578961
-75.5969461359 0.0603420814 0.7275374400 0.4705403003
-75.5968394093 0.0603424312 0.7275343352 0.4705226338
-75.5967329451 0.0603427802 0.7275312377 0.4705048941
-75.5966267723 0.0603431282 0.7275281483 0.4704870786
-75.5965209202 0.0603434752 0.7275250680 0.4704691840
-75.5964154183 0.0603438210 0.7275219976 0.4704512078
-75.5963102959 0.0603441656 0.7275189380 0.4704331477
-75.5962055827 0.0603445088 0.7275158899 0.4704150010
-75.5961013085 0.0603448506 0.7275128544 0.4703967647
-75.5959975033 0.0603451909 0.7275098322 0.4703784368
-75.5958941970 0.0603455295 0.7275068242 0.4703600152
-75.5957914200 0.0603458664 0.7275038314 0.4703414972
-75.5956892026 0.0603462015 0.7275008546 0.4703228805
-75.5955875752 0.0603465347 0.7274978947 0.4703041634
-75.5954865688 0.0603468658 0.7274949525 0.4702853443
-75.5953862141 0.0603471947 0.7274920291 0.4702664209
-75.5952865421 0.0603475215 0.7274891253 0.4702473916
-75.5951875841 0.0603478459 0.7274862421 0.4702282555
-75.5950893716 0.0603481678 0.7274833802 0.4702090114
-75.5949919360 0.0603484872 0.7274805408 0.4701896578
-75.5948953092 0.0603488040 0.7274777246 0.4701701943
-75.5947995233 0.0603491180 0.7274749327 0.4701506209
-75.5947046103 0.0603494292 0.7274721660 0.4701309372
-75.5946106026 0.0603497373 0.7274694253 0.4701111432
-75.5945175329 0.0603500424 0.7274667118 0.4700912399
-75.5944254339 0.0603503444 0.7274640264 0.4700712288
-75.5943343385 0.0603506430 0.7274613699 0.4700511108
-75.5942442801 0.0603509383 0.7274587434 0.4700308881
-75.5941552920 0.0603512300 0.7274561479 0.4700105638
-75.5940674079 0.0603515181 0.7274535844 0.4699901413
-75.5939806615 0.0603518025 0.7274510538 0.4699696243
-75.5938950870 0.0603520830 0.7274485571 0.4699490176
-75.5938107186 0.0603523596 0.7274460954 0.4699283273
-75.5937275909 0.0603526322 0.7274436697 0.4699075602
-75.5936457384 0.0603529005 0.7274412810 0.4698867235
-75.5935651962 0.0603531646 0.7274389303 0.4698658262
-75.5934859993 0.0603534242 0.7274366187 0.4698448788
-75.5934081831 0.0603536793 0.7274343471 0.4698238928
-75.5933317831 0.0603539298 0.7274321167 0.4698028806
-75.5932568348 0.0603541755 0.7274299285 0.4697818570
-75.5931833743 0.0603544164 0.7274277835 0.4697608387
-75.5931114376 0.0603546522 0.7274256828 0.4697398437
-75.5930410607 0.0603548830 0.7274236275 0.4697188917
-75.5929722800 0.0603551085 0.7274216186 0.4696980050
-75.5929051319 0.0603553286 0.7274196573 0.4696772084
-75.5928396529 0.0603555433 0.7274177445 0.4696565287
-75.5927758793 0.0603557524 0.7274158814 0.4696359944
-75.5927138477 0.0603559558 0.7274140691 0.4696156369
-75.5926535944 0.0603561533 0.7274123085 0.4695954904
-75.5925951560 0.0603563449 0.7274106009 0.4695755915
-75.5925385682 0.0603565305 0.7274089472 0.4695559780
-75.5924838671 0.0603567098 0.7274073486 0.4695366902
-75.5924310880 0.0603568829 0.7274058060 0.4695177705
-75.5923802660 0.0603570495 0.7274043204 0.4694992634
-75.5923314356 0.0603572096 0.7274028931 0.4694812138
-75.5922846306 0.0603573631 0.7274015248 0.4694636670
-75.5922398838 0.0603575098 0.7274002166 0.4694466687
-75.5921972273 0.0603576497 0.7273989695 0.4694302643
-75.5921566921 0.0603577826 0.7273977843 0.4694144990
-75.5921183081 0.0603579084 0.7273966619 0.4693994163
-75.5920821036 0.0603580271 0.7273956033 0.4693850573
-75.5920481059 0.0603581386 0.7273946091 0.4693714607
-75.5920163404 0.0603582427 0.7273936801 0.4693586624
-75.5919868310 0.0603583395 0.7273928171 0.4693466954
-75.5919596001 0.0603584288 0.7273920207 0.4693355898
-75.5919346683 0.0603585105 0.7273912915 0.4693253725
-75.5919120544 0.0603585847 0.7273906301 0.4693160670
-75.5918917754 0.0603586512 0.7273900370 0.4693076937
-75.5918738466 0.0603587100 0.7273895126 0.4693002699
-75.5918582813 0.0603587610 0.7273890573 0.4692938100
-75.5918450912 0.0603588042 0.7273886715 0.4692883257
-75.5918342860 0.0603588397 0.7273883554 0.4692838266
-75.5918258737 0.0603588673 0.7273881094 0.4692803200
-75.5918198605 0.0603588870 0.7273879335 0.4692778115
-75.5918162515 0.0603588988 0.7273878279 0.4692763119
-75.5918150480 0.0603589028 0.7273877927 0.4692758094
-75.6035852353 0.0603203251 0.7277296194 0.4716692294
-75.6035467057 0.0603204513 0.7277285214 0.4716660285
-75.6034981098 0.0603206105 0.7277271349 0.4716611378
-75.6034463640 0.0603207800 0.7277256571 0.4716551298
-75.6033926669 0.0603209559 0.7277241222 0.4716481335
-75.6033372381 0.0603211374 0.7277225363 0.4716402109
-75.6032801311 0.0603213245 0.7277209011 0.4716314166
-75.6032213719 0.0603215170 0.7277192173 0.4716218054
-75.6031609832 0.0603217149 0.7277174856 0.4716114336
-75.6030989882 0.0603219180 0.7277157066 0.4716003571
-75.6030354109 0.0603221262 0.7277138811 0.4715886314
-75.6029702761 0.0603223396 0.7277120097 0.4715763109
-75.6029036097 0.0603225581 0.7277100933 0.4715634478
-75.6028354380 0.0603227814 0.7277081327 0.4715500925
-75.6027657880 0.0603230096 0.7277061285 0.4715362928
-75.6026946870 0.0603232425 0.7277040816 0.4715220941
-75.6026221627 0.0603234802 0.7277019929 0.4715075386
-75.6025482434 0.0603237223 0.7276998631 0.4714926660
-75.6024729571 0.0603239690 0.7276976931 0.4714775131
-75.6023963325 0.0603242201 0.7276954837 0.4714621136
-75.6023183980 0.0603244754 0.7276932358 0.4714464986
-75.6022391824 0.0603247350 0.7276909502 0.4714306964
-75.6021587142 0.0603249986 0.7276886277 0.4714147325
-75.6020770223 0.0603252663 0.7276862691 0.4713986300
-75.6019941352 0.0603255379 0.7276838754 0.4713824096
-75.6019100816 0.0603258133 0.7276814473 0.4713660897
-75.6018248902 0.0603260924 0.7276789857 0.4713496866
-75.6017385894 0.0603263752 0.7276764915 0.4713332144
-75.6016512078 0.0603266616 0.7276739654 0.4713166857
-75.6015627738 0.0603269513 0.7276714082 0.4713001113
-75.6014733156 0.0603272445 0.7276688210 0.4712835004
-75.6013828616 0.0603275409 0.7276662043 0.4712668611
-75.6012914400 0.0603278404 0.7276635591 0.4712501998
-75.6011990789 0.0603281431 0.7276608862 0.4712335223
-75.6011058063 0.0603284487 0.7276581865 0.4712168331
-75.6010116503 0.0603287573 0.7276554606 0.4712001359
-75.6009166388 0.0603290686 0.7276527095 0.4711834337
-75.6008207997 0.0603293827 0.7276499340 0.4711667288
-75.6007241607 0.0603296993 0.7276471348 0.4711500230
-75.6006267499 0.0603300186 0.7276443128 0.4711333173
-75.6005285947 0.0603303402 0.7276414688 0.4711166124
-75.6004297232 0.0603306642 0.7276386036 0.4710999089
-75.6003301628 0.0603309905 0.7276357180 0.4710832067
-75.6002299413 0.0603313189 0.7276328129 0.4710665054
-75.6001290863 0.0603316494 0.7276298889 0.4710498045
-75.6000276256 0.0603319819 0.7276269470 0.4710331032
-75.5999255866 0.0603323163 0.7276239879 0.4710164007
-75.5998229969 0.0603326525 0.7276210125 0.4709996957
-75.5997198843 0.0603329904 0.7276180215 0.4709829866
-75.5996162763 0.0603333300 0.7276150158 0.4709662722
-75.5995122004 0.0603336711 0.7276119961 0.4709495508
-75.5994076843 0.0603340136 0.7276089632 0.4709328207
-75.5993027556 0.0603343575 0.7276059181 0.4709160798
-75.5991974418 0.0603347026 0.7276028614 0.4708993263
-75.5990917707 0.0603350489 0.7275997939 0.4708825582
-75.5989857699 0.0603353963 0.7275967166 0.4708657732
-75.5988794669 0.0603357447 0.7275936301 0.4708489689
-75.5987728896 0.0603360940 0.7275905353 0.4708321432
-75.5986660656 0.0603364441 0.7275874330 0.4708152938
-75.5985590227 0.0603367950 0.7275843240 0.4707984179
-75.5984517887 0.0603371464 0.7275812091 0.4707815131
-75.5983443914 0.0603374984 0.7275780892 0.4707645769
-75.5982368587 0.0603378509 0.7275749650 0.4707476067
-75.5981292185 0.0603382037 0.7275718373 0.4707305996
-75.5980214988 0.0603385567 0.7275687070 0.4707135529
-75.5979137277 0.0603389099 0.7275655749 0.4706964641
-75.5978059332 0.0603392632 0.7275624418 0.4706793305
-75.5976981436 0.0603396165 0.7275593085 0.4706621488
-75.5975903871 0.0603399697 0.7275561758 0.4706449164
-75.5974826920 0.0603403227 0.7275530447 0.4706276307
-75.5973750868 0.0603406754 0.7275499158 0.4706102888
-75.5972675999 0.0603410277 0.7275467901 0.4705928874
-75.5971602600 0.0603413795 0.7275436683 0.4705754241
-75.5970530957 0.0603417308 0.7275405513 0.4705578961
-75.5969461358 0.0603420814 0.7275374400 0.4705403003
-75.5968394092 0.0603424312 0.7275343352 0.4705226338
-75.5967329450 0.0603427802 0.7275312376 0.4705048941
-75.5966267722 0.0603431282 0.7275281483 0.4704870786
-75.5965209201 0.0603434752 0.7275250680 0.4704691840
-75.5964154182 0.0603438210 0.7275219976 0.4704512078
-75.5963102958 0.0603441656 0.7275189380 0.4704331477
-75.5962055826 0.0603445088 0.7275158899 0.4704150009
-75.5961013084 0.0603448506 0.7275128544 0.4703967647
-75.5959975032 0.0603451909 0.7275098322 0.4703784368
-75.5958941969 0.0603455295 0.7275068242 0.4703600151
-75.5957914199 0.0603458664 0.7275038314 0.4703414971
-75.5956892025 0.0603462015 0.7275008546 0.4703228804
-75.5955875751 0.0603465347 0.7274978947 0.4703041634
-75.5954865687 0.0603468658 0.7274949525 0.4702853443
-75.5953862140 0.0603471947 0.7274920291 0.4702664208
-75.5952865420 0.0603475215 0.7274891253 0.4702473916
-75.5951875840 0.0603478459 0.7274862421 0.4702282555
-75.5950893715 0.0603481678 0.7274833802 0.4702090113
-75.5949919359 0.0603484872 0.7274805408 0.4701896578
-75.5948953091 0.0603488040 0.7274777246 0.4701701943
-75.5947995232 0.0603491180 0.7274749327 0.4701506208
-75.5947046102 0.0603494292 0.7274721660 0.4701309372
-75.5946106025 0.0603497373 0.7274694253 0.4701111432
-75.5945175328 0.0603500424 0.7274667118 0.4700912399
-75.5944254338 0.0603503444 0.7274640263 0.4700712287
-75.5943343384 0.0603506430 0.7274613699 0.4700511108
-75.5942442800 0.0603509383 0.7274587434 0.4700308881
-75.5941552919 0.0603512300 0.7274561479 0.4700105638
-75.5940674078 0.0603515181 0.7274535844 0.4699901413
-75.5939806614 0.0603518025 0.7274510538 0.4699696242
-75.5938950869 0.0603520830 0.7274485571 0.4699490175
-75.5938107185 0.0603523596 0.7274460954 0.4699283272
-75.5937275908 0.0603526322 0.7274436697 0.4699075601
-75.5936457384 0.0603529005 0.7274412810 0.4698867234
-75.5935651961 0.0603531646 0.7274389303 0.4698658261
-75.5934859993 0.0603534242 0.7274366187 0.4698448788
-75.5934081831 0.0603536793 0.7274343471 0.4698238927
-75.5933317830 0.0603539298 0.7274321167 0.4698028806
-75.5932568348 0.0603541755 0.7274299285 0.4697818569
-75.5931833743 0.0603544164 0.7274277835 0.4697608386
-75.5931114375 0.0603546522 0.7274256828 0.4697398436
-75.5930410607 0.0603548830 0.7274236275 0.4697188916
-75.5929722799 0.0603551085 0.7274216186 0.4696980049
-75.5929051318 0.0603553286 0.7274196573 0.4696772083
-75.5928396528 0.0603555433 0.7274177445 0.4696565286
-75.5927758792 0.0603557524 0.7274158814 0.4696359943
-75.5927138476 0.0603559558 0.7274140691 0.4696156368
-75.5926535944 0.0603561533 0.7274123085 0.4695954903
-75.5925951559 0.0603563449 0.7274106009 0.4695755913
-75.5925385682 0.0603565305 0.7274089472 0.4695559779
-75.5924838670 0.0603567098 0.7274073486 0.4695366900
-75.5924310879 0.0603568829 0.7274058059 0.4695177704
-75.5923802660 0.0603570495 0.7274043204 0.4694992633
-75.5923314356 0.0603572096 0.7274028931 0.4694812137
-75.5922846306 0.0603573631 0.7274015248 0.4694636669
-75.5922398838 0.0603575098 0.7274002166 0.4694466685
-75.5921972273 0.0603576497 0.7273989695 0.4694302642
-75.5921566921 0.0603577826 0.7273977843 0.4694144989
-75.5921183081 0.0603579084 0.7273966619 0.4693994161
-75.5920821037 0.0603580271 0.7273956033 0.4693850572
-75.5920481059 0.0603581386 0.7273946091 0.4693714606
-75.5920163404 0.0603582427 0.7273936801 0.4693586622
-75.5919868311 0.0603583395 0.7273928171 0.4693466952
-75.5919596002 0.0603584288 0.7273920207 0.4693355896
-75.5919346684 0.0603585105 0.7273912915 0.4693253723
-75.5919120545 0.0603585847 0.7273906301 0.4693160668
-75.5918917755 0.0603586512 0.7273900370 0.4693076936
-75.5918738467 0.0603587100 0.7273895126 0.4693002698
-75.5918582814 0.0603587610 0.7273890573 0.4692938098
-75.5918450913 0.0603588042 0.7273886715 0.4692883255
-75.5918342861 0.0603588397 0.7273883554 0.4692838264
-75.5918258738 0.0603588673 0.7273881094 0.4692803198
-75.5918198613 0.0603588870 0.7273879335 0.4692778183
-75.5918162516 0.0603588988 0.7273878279 0.4692763117
-75.5918150481 0.0603589028 0.7273877927 0.4692758092
