-75.6382410961 0.0602069193 0.7287056776 0.4732370968
-75.6382384925 0.0602069278 0.7287056031 0.4732328354
-75.6382306901 0.0602069533 0.7287053799 0.4732200641
-75.6382177177 0.0602069958 0.7287050089 0.4731988605
-75.6381996379 0.0602070549 0.7287044918 0.4731694906
-75.6381765673 0.0602071303 0.7287038323 0.4731326139
-75.6381321127 0.0602072758 0.7287025429 0.4729295672
-75.6381019922 0.0602073743 0.7287016854 0.4729015764
-75.6380681338 0.0602074850 0.7287007226 0.4728739743
-75.6380305879 0.0602076078 0.7286996559 0.4728468119
-75.6379894024 0.0602077424 0.7286984869 0.4728201290
-75.6379446240 0.0602078889 0.7286972168 0.4727939565
-75.6378962976 0.0602080469 0.7286958470 0.4727683186
-75.6378444668 0.0602082164 0.7286943788 0.4727432334
-75.6377891736 0.0602083972 0.7286928134 0.4727187141
-75.6377304589 0.0602085892 0.7286911521 0.4726947699
-75.6376683621 0.0602087922 0.7286893960 0.4726714063
-75.6376029217 0.0602090062 0.7286875461 0.4726486267
-75.6375341746 0.0602092310 0.7286856038 0.4726264318
-75.6374621570 0.0602094665 0.7286835699 0.4726048202
-75.6373869037 0.0602097125 0.7286814455 0.4725837894
-75.6373084487 0.0602099691 0.7286792316 0.4725633360
-75.6372268249 0.0602102360 0.7286769291 0.4725434554
-75.6371420640 0.0602105131 0.7286745391 0.4725241423
-75.6370541971 0.0602108004 0.7286720623 0.4725053908
-75.6369632542 0.0602110978 0.7286694998 0.4724871955
-75.6368692643 0.0602114051 0.7286668523 0.4724695502
-75.6367722558 0.0602117223 0.7286641206 0.4724524486
-75.6366722559 0.0602120493 0.7286613056 0.4724358847
-75.6365692912 0.0602123860 0.7286584080 0.4724198532
-75.6364633874 0.0602127323 0.7286554286 0.4724043483
-75.6363545694 0.0602130881 0.7286523680 0.4723893644
-75.6362428612 0.0602134534 0.7286492271 0.4723748966
-75.6361282863 0.0602138280 0.7286460064 0.4723609405
-75.6360108669 0.0602142119 0.7286427067 0.4723474914
-75.6358906249 0.0602146051 0.7286393285 0.4723345447
-75.6357675812 0.0602150075 0.7286358724 0.4723220970
-75.6356417561 0.0602154189 0.7286323391 0.4723101447
-75.6355131688 0.0602158393 0.7286287290 0.4722986839
-75.6353818379 0.0602162688 0.7286250428 0.4722877113
-75.6352477815 0.0602167071 0.7286212808 0.4722772242
-75.6351110166 0.0602171543 0.7286174437 0.4722672197
-75.6349715595 0.0602176104 0.7286135319 0.4722576944
-75.6348294258 0.0602180751 0.7286095458 0.4722486458
-75.6346846305 0.0602185486 0.7286054858 0.4722400718
-75.6345371877 0.0602190307 0.7286013524 0.4722319697
-75.6343871105 0.0602195215 0.7285971459 0.4722243365
-75.6342344118 0.0602200208 0.7285928666 0.4722171704
-75.6340791033 0.0602205286 0.7285885149 0.4722104694
-75.6339211963 0.0602210450 0.7285840912 0.4722042308
-75.6337607011 0.0602215698 0.7285795956 0.4721984523
-75.6335976274 0.0602221031 0.7285750284 0.4721931323
-75.6334319843 0.0602226447 0.7285703899 0.4721882689
-75.6332637798 0.0602231948 0.7285656804 0.4721838594
-75.6330930216 0.0602237532 0.7285608999 0.4721799022
-75.6329197164 0.0602243199 0.7285560487 0.4721763957
-75.6327438704 0.0602248950 0.7285511269 0.4721733379
-75.6325654888 0.0602254783 0.7285461347 0.4721707265
-75.6323845765 0.0602260699 0.7285410721 0.4721685601
-75.6322011372 0.0602266698 0.7285359394 0.4721668374
-75.6320151744 0.0602272779 0.7285307364 0.4721655560
-75.6318266905 0.0602278943 0.7285254633 0.4721647141
-75.6316356875 0.0602285190 0.7285201202 0.4721643107
-75.6314421664 0.0602291518 0.7285147069 0.4721643441
-75.6312461278 0.0602297930 0.7285092235 0.4721648120
-75.6310475714 0.0602304423 0.7285036700 0.4721657131
-75.6308464964 0.0602310999 0.7284980463 0.4721670464
-75.6306429011 0.0602317658 0.7284923523 0.4721688096
-75.6304367833 0.0602324399 0.7284865879 0.4721710009
-75.6302281400 0.0602331222 0.7284807530 0.4721736194
-75.6300169676 0.0602338129 0.7284748474 0.4721766633
-75.6298032617 0.0602345118 0.7284688711 0.4721801305
-75.6295870174 0.0602352191 0.7284628237 0.4721840193
-75.6293682291 0.0602359346 0.7284567052 0.4721883288
-75.6291468903 0.0602366586 0.7284505153 0.4721930566
-75.6289229941 0.0602373909 0.7284442537 0.4721982005
-75.6286965328 0.0602381316 0.7284379202 0.4722037592
-75.6284674981 0.0602388807 0.7284315144 0.4722097309
-75.6282358809 0.0602396383 0.7284250362 0.4722161128
-75.6280016717 0.0602404043 0.7284184852 0.4722229028
-75.6277648600 0.0602411789 0.7284118609 0.4722300992
-75.6275254350 0.0602419621 0.7284051632 0.4722376993
-75.6272833849 0.0602427538 0.7283983915 0.4722456999
-75.6270386976 0.0602435542 0.7283915455 0.4722540987
-75.6267913600 0.0602443632 0.7283846248 0.4722628931
-75.6265413587 0.0602451810 0.7283776288 0.4722720793
-75.6262886792 0.0602460076 0.7283705572 0.4722816537
-75.6260333070 0.0602468429 0.7283634095 0.4722916133
-75.6257752264 0.0602476872 0.7283561852 0.4723019539
-75.6255144213 0.0602485404 0.7283488836 0.4723126705
-75.6252508749 0.0602494025 0.7283415044 0.4723237590
-75.6249845700 0.0602502737 0.7283340470 0.4723352146
-75.6247154884 0.0602511540 0.7283265107 0.4723470313
-75.6244436116 0.0602520434 0.7283188949 0.4723592029
-75.6241689203 0.0602529421 0.7283111992 0.4723717236
-75.6238913947 0.0602538500 0.7283034227 0.4723845861
-75.6236110145 0.0602547673 0.7282955650 0.4723977822
-75.6233277584 0.0602556941 0.7282876252 0.4724113039
-75.6230416051 0.0602566303 0.7282796027 0.4724251425
-75.6227525323 0.0602575761 0.7282714969 0.4724392876
-75.6224605172 0.0602585315 0.7282633069 0.4724537281
-75.6221655366 0.0602594967 0.7282550321 0.4724684530
-75.6218675666 0.0602604716 0.7282466716 0.4724834493
-75.6215665828 0.0602614564 0.7282382248 0.4724987025
-75.6212625604 0.0602624512 0.7282296908 0.4725141977
-75.6209554739 0.0602634561 0.7282210688 0.4725299189
-75.6206452973 0.0602644710 0.7282123580 0.4725458473
-75.6203320044 0.0602654962 0.7282035576 0.4725619633
-75.6200155682 0.0602665317 0.7281946667 0.4725782461
-75.6196959616 0.0602675776 0.7281856844 0.4725946720
-75.6193731566 0.0602686339 0.7281766099 0.4726112152
-75.6190471252 0.0602697009 0.7281674423 0.4726278487
-75.6187178391 0.0602707785 0.7281581806 0.4726445422
-75.6183852691 0.0602718669 0.7281488240 0.4726612623
-75.6180493863 0.0602729662 0.7281393716 0.4726779736
-75.6177101611 0.0602740764 0.7281298223 0.4726946372
-75.6173675638 0.0602751976 0.7281201754 0.4727112101
-75.6170215643 0.0602763301 0.7281104297 0.4727276457
-75.6166721328 0.0602774738 0.7281005844 0.4727438938
-75.6163192386 0.0602786288 0.7280906385 0.4727598985
-75.6159628515 0.0602797953 0.7280805910 0.4727755989
-75.6156029410 0.0602809734 0.7280704411 0.4727909293
-75.6152394765 0.0602821631 0.7280601876 0.4728058163
-75.6148724274 0.0602833646 0.7280498296 0.4728201800
-75.6145017633 0.0602845779 0.7280393662 0.4728339328
-75.6141274539 0.0602858032 0.7280287964 0.4728469772
-75.6137494687 0.0602870406 0.7280181192 0.4728592059
-75.6133677777 0.0602882901 0.7280073337 0.4728704998
-75.6129823507 0.0602895519 0.7279964388 0.4728807253
-75.6125931579 0.0602908261 0.7279854337 0.4728897332
-75.6122001690 0.0602921127 0.7279743174 0.4728973546
-75.6118033541 0.0602934119 0.7279630890 0.4729033966
-75.6114026826 0.0602947237 0.7279517473 0.4729076382
-75.6109981230 0.0602960483 0.7279402915 0.4729098212
-75.6105896426 0.0602973857 0.7279287205 0.4729096421
-75.6101772062 0.0602987362 0.7279170331 0.4729067367
-75.6097607751 0.0603000997 0.7279052282 0.4729006621
-75.6093403043 0.0603014765 0.7278933043 0.4728908676
-75.6089157398 0.0603028668 0.7278812598 0.4728766555
-75.6084870134 0.0603042707 0.7278690925 0.4728571196
-75.6080540341 0.0603056886 0.7278567996 0.4728310524
-75.6076166752 0.0603071209 0.7278443774 0.4727967962
-75.6071747504 0.0603085682 0.7278318201 0.4727519893
-75.6067279693 0.0603100314 0.7278191191 0.4726930906
-75.6062758372 0.0603115122 0.7278062596 0.4726143475
-75.6058173783 0.0603130137 0.7277932123 0.4725049499
-75.6053499254 0.0603145448 0.7277798977 0.4723367391
-75.6048623179 0.0603161419 0.7277659828 0.4719954348
-75.6043865890 0.0603177002 0.7277524190 0.4717664183
-75.6039389332 0.0603191665 0.7277396734 0.4716912501
-75.6035764804 0.0603203538 0.7277293593 0.4716675996
-75.6035882658 0.0603203151 0.7277296968 0.4716692564
-75.6035497362 0.0603204414 0.7277285987 0.4716660556
-75.6035011404 0.0603206005 0.7277272122 0.4716611649
-75.6034493946 0.0603207701 0.7277257344 0.4716551568
-75.6033956975 0.0603209460 0.7277241995 0.4716481606
-75.6033402688 0.0603211275 0.7277226136 0.4716402380
-75.6032831617 0.0603213146 0.7277209784 0.4716314437
-75.6032244026 0.0603215071 0.7277192946 0.4716218326
-75.6031640140 0.0603217049 0.7277175629 0.4716114607
-75.6031020190 0.0603219080 0.7277157839 0.4716003843
-75.6030384417 0.0603221163 0.7277139584 0.4715886586
-75.6029733070 0.0603223297 0.7277120871 0.4715763381
-75.6029066407 0.0603225481 0.7277101707 0.4715634750
-75.6028384690 0.0603227715 0.7277082100 0.4715501197
-75.6027688190 0.0603229997 0.7277062058 0.4715363201
-75.6026977180 0.0603232326 0.7277041590 0.4715221214
-75.6026251938 0.0603234702 0.7277020702 0.4715075659
-75.6025512745 0.0603237124 0.7276999405 0.4714926934
-75.6024759884 0.0603239591 0.7276977705 0.4714775404
-75.6023993638 0.0603242102 0.7276955611 0.4714621410
-75.6023214294 0.0603244655 0.7276933131 0.4714465260
-75.6022422137 0.0603247251 0.7276910275 0.4714307238
-75.6021617456 0.0603249887 0.7276887050 0.4714147599
-75.6020800537 0.0603252564 0.7276863465 0.4713986574
-75.6019971667 0.0603255280 0.7276839527 0.4713824371
-75.6019131132 0.0603258034 0.7276815247 0.4713661172
-75.6018279218 0.0603260825 0.7276790631 0.4713497140
-75.6017416211 0.0603263653 0.7276765688 0.4713332419
-75.6016542395 0.0603266516 0.7276740427 0.4713167132
-75.6015658055 0.0603269414 0.7276714856 0.4713001388
-75.6014763474 0.0603272345 0.7276688983 0.4712835280
-75.6013858935 0.0603275309 0.7276662817 0.4712668886
-75.6012944719 0.0603278305 0.7276636365 0.4712502273
-75.6012021109 0.0603281332 0.7276609636 0.4712335498
-75.6011088384 0.0603284388 0.7276582638 0.4712168606
-75.6010146824 0.0603287473 0.7276555380 0.4712001635
-75.6009196709 0.0603290587 0.7276527869 0.4711834613
-75.6008238318 0.0603293727 0.7276500113 0.4711667564
-75.6007271930 0.0603296894 0.7276472122 0.4711500505
-75.6006297821 0.0603300086 0.7276443902 0.4711333449
-75.6005316271 0.0603303303 0.7276415462 0.4711166400
-75.6004327555 0.0603306543 0.7276386810 0.4710999365
-75.6003331952 0.0603309806 0.7276357954 0.4710832342
-75.6002329738 0.0603313090 0.7276328902 0.4710665330
-75.6001321189 0.0603316395 0.7276299663 0.4710498321
-75.6000306581 0.0603319720 0.7276270244 0.4710331308
-75.5999286192 0.0603323064 0.7276240653 0.4710164283
-75.5998260296 0.0603326426 0.7276210899 0.4709997233
-75.5997229170 0.0603329805 0.7276180989 0.4709830142
-75.5996193090 0.0603333201 0.7276150932 0.4709662998
-75.5995152332 0.0603336612 0.7276120735 0.4709495784
-75.5994107172 0.0603340037 0.7276090406 0.4709328483
-75.5993057885 0.0603343476 0.7276059955 0.4709161074
-75.5992004748 0.0603346927 0.7276029388 0.4708993539
-75.5990948037 0.0603350390 0.7275998713 0.4708825858
-75.5989888029 0.0603353864 0.7275967940 0.4708658008
-75.5988825000 0.0603357348 0.7275937075 0.4708489965
-75.5987759228 0.0603360841 0.7275906127 0.4708321708
-75.5986690988 0.0603364342 0.7275875104 0.4708153214
-75.5985620560 0.0603367850 0.7275844014 0.4707984455
-75.5984548220 0.0603371365 0.7275812865 0.4707815407
-75.5983474247 0.0603374885 0.7275781666 0.4707646044
-75.5982398921 0.0603378409 0.7275750424 0.4707476343
-75.5981322519 0.0603381937 0.7275719147 0.4707306272
-75.5980245323 0.0603385468 0.7275687844 0.4707135805
-75.5979167612 0.0603389000 0.7275656523 0.4706964917
-75.5978089669 0.0603392533 0.7275625192 0.4706793580
-75.5977011773 0.0603396066 0.7275593859 0.4706621763
-75.5975934208 0.0603399598 0.7275562533 0.4706449440
-75.5974857258 0.0603403128 0.7275531221 0.4706276583
-75.5973781206 0.0603406655 0.7275499932 0.4706103164
-75.5972706338 0.0603410178 0.7275468675 0.4705929150
-75.5971632939 0.0603413696 0.7275437457 0.4705754517
-75.5970561296 0.0603417209 0.7275406288 0.4705579237
-75.5969491698 0.0603420715 0.7275375174 0.4705403279
-75.5968424433 0.0603424213 0.7275344126 0.4705226614
-75.5967359791 0.0603427703 0.7275313151 0.4705049217
-75.5966298064 0.0603431183 0.7275282258 0.4704871062
-75.5965239544 0.0603434653 0.7275251455 0.4704692116
-75.5964184524 0.0603438111 0.7275220751 0.4704512354
-75.5963133301 0.0603441557 0.7275190154 0.4704331753
-75.5962086170 0.0603444989 0.7275159674 0.4704150286
-75.5961043429 0.0603448407 0.7275129318 0.4703967923
-75.5960005377 0.0603451810 0.7275099096 0.4703784644
-75.5958972315 0.0603455196 0.7275069017 0.4703600428
-75.5957944545 0.0603458565 0.7275039089 0.4703415248
-75.5956922371 0.0603461916 0.7275009320 0.4703229081
-75.5955906098 0.0603465247 0.7274979721 0.4703041911
-75.5954896034 0.0603468558 0.7274950300 0.4702853719
-75.5953892487 0.0603471848 0.7274921066 0.4702664485
-75.5952895768 0.0603475115 0.7274892028 0.4702474192
-75.5951906189 0.0603478359 0.7274863195 0.4702282832
-75.5950924064 0.0603481579 0.7274834577 0.4702090390
-75.5949949709 0.0603484773 0.7274806182 0.4701896854
-75.5948983441 0.0603487941 0.7274778021 0.4701702220
-75.5948025582 0.0603491081 0.7274750102 0.4701506486
-75.5947076453 0.0603494192 0.7274722434 0.4701309649
-75.5946136377 0.0603497274 0.7274695028 0.4701111709
-75.5945205680 0.0603500325 0.7274667893 0.4700912677
-75.5944284690 0.0603503344 0.7274641038 0.4700712565
-75.5943373737 0.0603506331 0.7274614474 0.4700511386
-75.5942473153 0.0603509283 0.7274588209 0.4700309159
-75.5941583273 0.0603512201 0.7274562254 0.4700105916
-75.5940704432 0.0603515082 0.7274536619 0.4699901691
-75.5939836969 0.0603517926 0.7274511313 0.4699696521
-75.5938981224 0.0603520731 0.7274486346 0.4699490454
-75.5938137541 0.0603523497 0.7274461729 0.4699283551
-75.5937306264 0.0603526222 0.7274437472 0.4699075881
-75.5936487740 0.0603528906 0.7274413585 0.4698867514
-75.5935682318 0.0603531546 0.7274390078 0.4698658541
-75.5934890350 0.0603534143 0.7274366962 0.4698449067
-75.5934112188 0.0603536694 0.7274344246 0.4698239208
-75.5933348188 0.0603539199 0.7274321942 0.4698029086
-75.5932598706 0.0603541656 0.7274300060 0.4697818850
-75.5931864101 0.0603544065 0.7274278610 0.4697608667
-75.5931144734 0.0603546423 0.7274257603 0.4697398718
-75.5930440966 0.0603548730 0.7274237050 0.4697189198
-75.5929753159 0.0603550985 0.7274216961 0.4696980331
-75.5929081679 0.0603553187 0.7274197348 0.4696772365
-75.5928426888 0.0603555334 0.7274178220 0.4696565569
-75.5927789153 0.0603557425 0.7274159589 0.4696360226
-75.5927168837 0.0603559459 0.7274141466 0.4696156651
-75.5926566305 0.0603561434 0.7274123861 0.4695955186
-75.5925981921 0.0603563350 0.7274106784 0.4695756197
-75.5925416044 0.0603565205 0.7274090247 0.4695560063
-75.5924869033 0.0603566999 0.7274074261 0.4695367185
-75.5924341242 0.0603568729 0.7274058835 0.4695177989
-75.5923833022 0.0603570396 0.7274043980 0.4694992918
-75.5923344719 0.0603571997 0.7274029706 0.4694812422
-75.5922876669 0.0603573531 0.7274016023 0.4694636955
-75.5922429201 0.0603574999 0.7274002941 0.4694466971
-75.5922002636 0.0603576397 0.7273990470 0.4694302928
-75.5921597284 0.0603577726 0.7273978618 0.4694145275
-75.5921213444 0.0603578985 0.7273967395 0.4693994448
-75.5920851400 0.0603580172 0.7273956808 0.4693850859
-75.5920511423 0.0603581287 0.7273946866 0.4693714893
-75.5920193768 0.0603582328 0.7273937577 0.4693586910
-75.5919898674 0.0603583296 0.7273928947 0.4693467240
-75.5919626366 0.0603584189 0.7273920983 0.4693356184
-75.5919377047 0.0603585006 0.7273913691 0.4693254011
-75.5919150908 0.0603585748 0.7273907077 0.4693160957
-75.5918948119 0.0603586412 0.7273901145 0.4693077225
-75.5918768831 0.0603587000 0.7273895901 0.4693002987
-75.5918613178 0.0603587511 0.7273891348 0.4692938387
-75.5918481276 0.0603587943 0.7273887490 0.4692883545
-75.5918373224 0.0603588297 0.7273884330 0.4692838553
-75.5918289101 0.0603588573 0.7273881869 0.4692803488
-75.5918228969 0.0603588770 0.7273880110 0.4692778403
-75.5918192872 0.0603588889 0.7273879054 0.4692763337
-75.5918180837 0.0603588928 0.7273878702 0.4692758312
-75.6035882658 0.0603203151 0.7277296968 0.4716692564
-75.6035497362 0.0603204414 0.7277285987 0.4716660556
-75.6035011404 0.0603206005 0.7277272122 0.4716611649
-75.6034493946 0.0603207701 0.7277257344 0.4716551568
-75.6033956975 0.0603209460 0.7277241995 0.4716481606
-75.6033402688 0.0603211275 0.7277226136 0.4716402380
-75.6032831617 0.0603213146 0.7277209784 0.4716314437
-75.6032244026 0.0603215071 0.7277192946 0.4716218326
-75.6031640140 0.0603217049 0.7277175629 0.4716114607
-75.6031020190 0.0603219080 0.7277157839 0.4716003843
-75.6030384417 0.0603221163 0.7277139584 0.4715886586
-75.6029733070 0.0603223297 0.7277120871 0.4715763381
-75.6029066407 0.0603225481 0.7277101707 0.4715634750
-75.6028384690 0.0603227715 0.7277082100 0.4715501197
-75.6027688190 0.0603229997 0.7277062058 0.4715363201
-75.6026977180 0.0603232326 0.7277041590 0.4715221214
-75.6026251938 0.0603234702 0.7277020702 0.4715075659
-75.6025512745 0.0603237124 0.7276999405 0.4714926934
-75.6024759883 0.0603239591 0.7276977705 0.4714775404
-75.6023993638 0.0603242102 0.7276955611 0.4714621410
-75.6023214293 0.0603244655 0.7276933131 0.4714465260
-75.6022422137 0.0603247251 0.7276910275 0.4714307238
-75.6021617456 0.0603249887 0.7276887050 0.4714147599
-75.6020800537 0.0603252564 0.7276863465 0.4713986574
-75.6019971667 0.0603255280 0.7276839527 0.4713824371
-75.6019131131 0.0603258034 0.7276815247 0.4713661172
-75.6018279218 0.0603260825 0.7276790631 0.4713497140
-75.6017416210 0.0603263653 0.7276765688 0.4713332419
-75.6016542395 0.0603266516 0.7276740427 0.4713167132
-75.6015658055 0.0603269414 0.7276714856 0.4713001388
-75.6014763474 0.0603272345 0.7276688983 0.4712835280
-75.6013858935 0.0603275309 0.7276662817 0.4712668886
-75.6012944719 0.0603278305 0.7276636365 0.4712502273
-75.6012021109 0.0603281332 0.7276609636 0.4712335498
-75.6011088383 0.0603284388 0.7276582638 0.4712168606
-75.6010146824 0.0603287473 0.7276555380 0.4712001635
-75.6009196709 0.0603290587 0.7276527869 0.4711834613
-75.6008238318 0.0603293727 0.7276500113 0.4711667564
-75.6007271929 0.0603296894 0.7276472122 0.4711500505
-75.6006297821 0.0603300086 0.7276443902 0.4711333449
-75.6005316270 0.0603303303 0.7276415462 0.4711166400
-75.6004327555 0.0603306543 0.7276386810 0.4710999365
-75.6003331952 0.0603309806 0.7276357954 0.4710832342
-75.6002329737 0.0603313090 0.7276328902 0.4710665330
-75.6001321188 0.0603316395 0.7276299663 0.4710498321
-75.6000306581 0.0603319720 0.7276270244 0.4710331308
-75.5999286192 0.0603323064 0.7276240653 0.4710164283
-75.5998260296 0.0603326426 0.7276210899 0.4709997233
-75.5997229170 0.0603329805 0.7276180989 0.4709830142
-75.5996193090 0.0603333201 0.7276150932 0.4709662998
-75.5995152332 0.0603336612 0.7276120735 0.4709495784
-75.5994107172 0.0603340037 0.7276090406 0.4709328483
-75.5993057885 0.0603343476 0.7276059955 0.4709161074
-75.5992004748 0.0603346927 0.7276029388 0.4708993539
-75.5990948037 0.0603350390 0.7275998713 0.4708825858
-75.5989888029 0.0603353864 0.7275967940 0.4708658008
-75.5988825000 0.0603357348 0.7275937075 0.4708489965
-75.5987759227 0.0603360841 0.7275906127 0.4708321708
-75.5986690988 0.0603364342 0.7275875104 0.4708153214
-75.5985620559 0.0603367850 0.7275844014 0.4707984455
-75.5984548220 0.0603371365 0.7275812865 0.4707815407
-75.5983474247 0.0603374885 0.7275781666 0.4707646044
-75.5982398921 0.0603378409 0.7275750424 0.4707476343
-75.5981322519 0.0603381937 0.7275719147 0.4707306272
-75.5980245323 0.0603385468 0.7275687844 0.4707135805
-75.5979167612 0.0603389000 0.7275656523 0.4706964917
-75.5978089668 0.0603392533 0.7275625192 0.4706793580
-75.5977011773 0.0603396066 0.7275593859 0.4706621763
-75.5975934208 0.0603399598 0.7275562533 0.4706449440
-75.5974857258 0.0603403128 0.7275531221 0.4706276583
-75.5973781206 0.0603406655 0.7275499932 0.4706103164
-75.5972706338 0.0603410178 0.7275468675 0.4705929150
-75.5971632939 0.0603413696 0.7275437457 0.4705754517
-75.5970561296 0.0603417209 0.7275406288 0.4705579237
-75.5969491698 0.0603420715 0.7275375174 0.4705403279
-75.5968424432 0.0603424213 0.7275344126 0.4705226614
-75.5967359791 0.0603427703 0.7275313151 0.4705049217
-75.5966298063 0.0603431183 0.7275282258 0.4704871062
-75.5965239543 0.0603434653 0.7275251455 0.4704692116
-75.5964184524 0.0603438111 0.7275220751 0.4704512354
-75.5963133301 0.0603441557 0.7275190154 0.4704331753
-75.5962086170 0.0603444989 0.7275159674 0.4704150286
-75.5961043428 0.0603448407 0.7275129318 0.4703967923
-75.5960005376 0.0603451810 0.7275099096 0.4703784644
-75.5958972314 0.0603455196 0.7275069017 0.4703600428
-75.5957944545 0.0603458565 0.7275039089 0.4703415248
-75.5956922370 0.0603461916 0.7275009320 0.4703229081
-75.5955906098 0.0603465247 0.7274979721 0.4703041911
-75.5954896034 0.0603468558 0.7274950300 0.4702853719
-75.5953892487 0.0603471848 0.7274921066 0.4702664485
-75.5952895767 0.0603475115 0.7274892028 0.4702474192
-75.5951906188 0.0603478359 0.7274863195 0.4702282832
-75.5950924063 0.0603481579 0.7274834577 0.4702090390
-75.5949949708 0.0603484773 0.7274806182 0.4701896854
-75.5948983441 0.0603487941 0.7274778021 0.4701702220
-75.5948025582 0.0603491081 0.7274750102 0.4701506486
-75.5947076453 0.0603494192 0.7274722434 0.4701309649
-75.5946136376 0.0603497274 0.7274695028 0.4701111709
-75.5945205679 0.0603500325 0.7274667893 0.4700912677
-75.5944284690 0.0603503344 0.7274641038 0.4700712565
-75.5943373737 0.0603506331 0.7274614474 0.4700511386
-75.5942473153 0.0603509283 0.7274588209 0.4700309159
-75.5941583272 0.0603512201 0.7274562254 0.4700105916
-75.5940704431 0.0603515082 0.7274536619 0.4699901691
-75.5939836968 0.0603517926 0.7274511313 0.4699696521
-75.5938981223 0.0603520731 0.7274486346 0.4699490454
-75.5938137540 0.0603523497 0.7274461729 0.4699283551
-75.5937306263 0.0603526222 0.7274437472 0.4699075881
-75.5936487739 0.0603528906 0.7274413585 0.4698867514
-75.5935682317 0.0603531546 0.7274390078 0.4698658541
-75.5934890349 0.0603534143 0.7274366962 0.4698449067
-75.5934112188 0.0603536694 0.7274344246 0.4698239208
-75.5933348187 0.0603539199 0.7274321942 0.4698029086
-75.5932598705 0.0603541656 0.7274300060 0.4697818850
-75.5931864101 0.0603544065 0.7274278610 0.4697608667
-75.5931144734 0.0603546423 0.7274257603 0.4697398718
-75.5930440965 0.0603548730 0.7274237050 0.4697189198
-75.5929753159 0.0603550985 0.7274216961 0.4696980331
-75.5929081678 0.0603553187 0.7274197348 0.4696772365
-75.5928426888 0.0603555334 0.7274178220 0.4696565569
-75.5927789153 0.0603557425 0.7274159589 0.4696360226
-75.5927168837 0.0603559459 0.7274141466 0.4696156651
-75.5926566305 0.0603561434 0.7274123861 0.4695955186
-75.5925981920 0.0603563350 0.7274106784 0.4695756197
-75.5925416043 0.0603565205 0.7274090247 0.4695560063
-75.5924869032 0.0603566999 0.7274074261 0.4695367185
-75.5924341241 0.0603568729 0.7274058835 0.4695177989
-75.5923833022 0.0603570396 0.7274043980 0.4694992918
-75.5923344718 0.0603571997 0.7274029706 0.4694812422
-75.5922876668 0.0603573531 0.7274016023 0.4694636955
-75.5922429200 0.0603574999 0.7274002941 0.4694466971
-75.5922002635 0.0603576397 0.7273990470 0.4694302928
-75.5921597284 0.0603577726 0.7273978618 0.4694145275
-75.5921213444 0.0603578985 0.7273967395 0.4693994448
-75.5920851400 0.0603580172 0.7273956808 0.4693850859
-75.5920511423 0.0603581287 0.7273946866 0.4693714893
-75.5920193767 0.0603582328 0.7273937577 0.4693586910
-75.5919898674 0.0603583296 0.7273928947 0.4693467240
-75.5919626365 0.0603584189 0.7273920983 0.4693356184
-75.5919377047 0.0603585006 0.7273913691 0.4693254011
-75.5919150908 0.0603585748 0.7273907077 0.4693160957
-75.5918948118 0.0603586412 0.7273901145 0.4693077225
-75.5918768830 0.0603587000 0.7273895901 0.4693002987
-75.5918613177 0.0603587511 0.7273891348 0.4692938387
-75.5918481276 0.0603587943 0.7273887490 0.4692883545
-75.5918373224 0.0603588297 0.7273884330 0.4692838553
-75.5918289101 0.0603588573 0.7273881869 0.4692803488
-75.5918228968 0.0603588770 0.7273880110 0.4692778403
-75.5918192871 0.0603588889 0.7273879054 0.4692763337
-75.5918180836 0.0603588928 0.7273878702 0.4692758312
-75.6035884020 0.0603203147 0.7277296991 0.4716691437
-75.6035500210 0.0603204404 0.7277286035 0.4716658200
-75.6035015763 0.0603205991 0.7277272196 0.4716608047
-75.6034499825 0.0603207681 0.7277257444 0.4716546717
-75.6033964383 0.0603209435 0.7277242120 0.4716475502
-75.6033411635 0.0603211246 0.7277226288 0.4716395023
-75.6032842116 0.0603213112 0.7277209963 0.4716305824
-75.6032256091 0.0603215032 0.7277193152 0.4716208456
-75.6031653787 0.0603217005 0.7277175862 0.4716103477
-75.6031035438 0.0603219031 0.7277158101 0.4715991450
-75.6030401286 0.0603221108 0.7277139874 0.4715872929
-75.6029751584 0.0603223237 0.7277121190 0.4715748455
-75.6029086589 0.0603225416 0.7277102057 0.4715618553
-75.6028406568 0.0603227644 0.7277082481 0.4715483725
-75.6027711793 0.0603229920 0.7277062471 0.4715344450
-75.6027002539 0.0603232244 0.7277042036 0.4715201180
-75.6026279087 0.0603234614 0.7277021182 0.4715054338
-75.6025541718 0.0603237030 0.7276999919 0.4714904321
-75.6024790719 0.0603239491 0.7276978255 0.4714751495
-75.6024026375 0.0603241995 0.7276956198 0.4714596199
-75.6023248975 0.0603244542 0.7276933757 0.4714438742
-75.6022458806 0.0603247131 0.7276910941 0.4714279408
-75.6021656159 0.0603249761 0.7276887757 0.4714118451
-75.6020841323 0.0603252431 0.7276864214 0.4713956103
-75.6020014585 0.0603255140 0.7276840320 0.4713792570
-75.6019176236 0.0603257887 0.7276816085 0.4713628035
-75.6018326563 0.0603260671 0.7276791517 0.4713462660
-75.6017465853 0.0603263491 0.7276766623 0.4713296589
-75.6016594395 0.0603266347 0.7276741413 0.4713129945
-75.6015712474 0.0603269237 0.7276715894 0.4712962837
-75.6014820376 0.0603272160 0.7276690075 0.4712795357
-75.6013918386 0.0603275116 0.7276663965 0.4712627584
-75.6013006787 0.0603278103 0.7276637572 0.4712459585
-75.6012085865 0.0603281121 0.7276610903 0.4712291414
-75.6011155900 0.0603284168 0.7276583968 0.4712123119
-75.6010217177 0.0603287244 0.7276556775 0.4711954736
-75.6009269976 0.0603290348 0.7276529331 0.4711786293
-75.6008314578 0.0603293479 0.7276501645 0.4711617814
-75.6007351265 0.0603296636 0.7276473725 0.4711449317
-75.6006380317 0.0603299817 0.7276445580 0.4711280812
-75.6005402014 0.0603303023 0.7276417217 0.4711112306
-75.6004416635 0.0603306252 0.7276388645 0.4710943803
-75.6003424461 0.0603309504 0.7276359871 0.4710775304
-75.6002425769 0.0603312777 0.7276330905 0.4710606804
-75.6001420839 0.0603316070 0.7276301754 0.4710438298
-75.6000409949 0.0603319383 0.7276272426 0.4710269777
-75.5999393379 0.0603322714 0.7276242929 0.4710101234
-75.5998371407 0.0603326064 0.7276213272 0.4709932654
-75.5997344311 0.0603329430 0.7276183462 0.4709764024
-75.5996312370 0.0603332811 0.7276153509 0.4709595329
-75.5995275862 0.0603336208 0.7276123419 0.4709426554
-75.5994235065 0.0603339619 0.7276093201 0.4709257679
-75.5993190259 0.0603343043 0.7276062863 0.4709088686
-75.5992141721 0.0603346480 0.7276032413 0.4708919555
-75.5991089732 0.0603349928 0.7276001859 0.4708750267
-75.5990034569 0.0603353386 0.7275971211 0.4708580799
-75.5988976513 0.0603356853 0.7275940474 0.4708411125
-75.5987915842 0.0603360330 0.7275909659 0.4708241226
-75.5986852836 0.0603363814 0.7275878772 0.4708071078
-75.5985787777 0.0603367304 0.7275847822 0.4707900654
-75.5984720943 0.0603370801 0.7275816818 0.4707729928
-75.5983652617 0.0603374302 0.7275785767 0.4707558877
-75.5982583080 0.0603377808 0.7275754677 0.4707387474
-75.5981512613 0.0603381316 0.7275723558 0.4707215690
-75.5980441500 0.0603384827 0.7275692416 0.4707043499
-75.5979370024 0.0603388339 0.7275661261 0.4706870876
-75.5978298469 0.0603391851 0.7275630101 0.4706697792
-75.5977227119 0.0603395362 0.7275598943 0.4706524216
-75.5976156260 0.0603398872 0.7275567797 0.4706350123
-75.5975086177 0.0603402380 0.7275536670 0.4706175486
-75.5974017158 0.0603405884 0.7275505571 0.4706000274
-75.5972949491 0.0603409383 0.7275474509 0.4705824459
-75.5971883464 0.0603412877 0.7275443491 0.4705648013
-75.5970819368 0.0603416365 0.7275412527 0.4705470911
-75.5969757493 0.0603419846 0.7275381624 0.4705293121
-75.5968698132 0.0603423318 0.7275350791 0.4705114615
-75.5967641576 0.0603426781 0.7275320038 0.4704935368
-75.5966588121 0.0603430235 0.7275289371 0.4704755354
-75.5965538062 0.0603433677 0.7275258801 0.4704574543
-75.5964491696 0.0603437106 0.7275228335 0.4704392908
-75.5963449320 0.0603440523 0.7275197982 0.4704210428
-75.5962411235 0.0603443926 0.7275167752 0.4704027077
-75.5961377741 0.0603447314 0.7275137652 0.4703842825
-75.5960349139 0.0603450686 0.7275107693 0.4703657653
-75.5959325736 0.0603454040 0.7275077881 0.4703471542
-75.5958307834 0.0603457377 0.7275048228 0.4703284465
-75.5957295742 0.0603460695 0.7275018740 0.4703096401
-75.5956289768 0.0603463992 0.7274989429 0.4702907336
-75.5955290222 0.0603467269 0.7274960302 0.4702717252
-75.5954297415 0.0603470523 0.7274931368 0.4702526130
-75.5953311662 0.0603473755 0.7274902638 0.4702333956
-75.5952333278 0.0603476962 0.7274874119 0.4702140723
-75.5951362581 0.0603480144 0.7274845822 0.4701946421
-75.5950399889 0.0603483300 0.7274817756 0.4701751039
-75.5949445523 0.0603486429 0.7274789930 0.4701554574
-75.5948499808 0.0603489529 0.7274762353 0.4701357029
-75.5947563066 0.0603492600 0.7274735036 0.4701158406
-75.5946635625 0.0603495640 0.7274707987 0.4700958708
-75.5945717815 0.0603498649 0.7274681217 0.4700757948
-75.5944809966 0.0603501625 0.7274654735 0.4700556146
-75.5943912412 0.0603504568 0.7274628551 0.4700353319
-75.5943025487 0.0603507475 0.7274602674 0.4700149492
-75.5942149528 0.0603510347 0.7274577115 0.4699944703
-75.5941284876 0.0603513182 0.7274551884 0.4699738994
-75.5940431871 0.0603515978 0.7274526990 0.4699532408
-75.5939590857 0.0603518736 0.7274502444 0.4699325004
-75.5938762180 0.0603521452 0.7274478255 0.4699116851
-75.5937946187 0.0603524128 0.7274454435 0.4698908027
-75.5937143229 0.0603526760 0.7274430993 0.4698698616
-75.5936353656 0.0603529349 0.7274407940 0.4698488720
-75.5935577824 0.0603531892 0.7274385286 0.4698278458
-75.5934816088 0.0603534390 0.7274363042 0.4698067959
-75.5934068805 0.0603536840 0.7274341218 0.4697857363
-75.5933336333 0.0603539241 0.7274319824 0.4697646834
-75.5932619035 0.0603541593 0.7274298872 0.4697436558
-75.5931917273 0.0603543893 0.7274278372 0.4697226734
-75.5931231409 0.0603546142 0.7274258335 0.4697017581
-75.5930561807 0.0603548338 0.7274238771 0.4696809341
-75.5929908834 0.0603550478 0.7274219691 0.4696602286
-75.5929272854 0.0603552564 0.7274201107 0.4696396706
-75.5928654231 0.0603554592 0.7274183028 0.4696192912
-75.5928053331 0.0603556562 0.7274165466 0.4695991238
-75.5927470516 0.0603558473 0.7274148431 0.4695792049
-75.5926906149 0.0603560323 0.7274131934 0.4695595734
-75.5926360587 0.0603562112 0.7274115985 0.4695402693
-75.5925834185 0.0603563838 0.7274100596 0.4695213344
-75.5925327294 0.0603565500 0.7274085776 0.4695028126
-75.5924840258 0.0603567097 0.7274071535 0.4694847492
-75.5924373415 0.0603568627 0.7274057884 0.4694671900
-75.5923927096 0.0603570091 0.7274044833 0.4694501806
-75.5923501621 0.0603571486 0.7274032390 0.4694337662
-75.5923097298 0.0603572812 0.7274020565 0.4694179911
-75.5922714427 0.0603574067 0.7274009367 0.4694028987
-75.5922353292 0.0603575251 0.7273998805 0.4693885306
-75.5922014165 0.0603576363 0.7273988885 0.4693749258
-75.5921697301 0.0603577402 0.7273979617 0.4693621205
-75.5921402941 0.0603578367 0.7273971006 0.4693501474
-75.5921131306 0.0603579258 0.7273963060 0.4693390364
-75.5920882603 0.0603580073 0.7273955784 0.4693288139
-75.5920657020 0.0603580813 0.7273949184 0.4693195034
-75.5920454726 0.0603581476 0.7273943266 0.4693111253
-75.5920275876 0.0603582062 0.7273938034 0.4693036969
-75.5920120602 0.0603582572 0.7273933491 0.4692972328
-75.5919989021 0.0603583003 0.7273929641 0.4692917449
-75.5919881231 0.0603583356 0.7273926487 0.4692872427
-75.5919797311 0.0603583632 0.7273924032 0.4692837338
-75.5919737325 0.0603583828 0.7273922277 0.4692812237
-75.5919701315 0.0603583946 0.7273921223 0.4692797161
-75.5919689309 0.0603583986 0.7273920872 0.4692792133
-75.6035884020 0.0603203147 0.7277296991 0.4716691437
-75.6035500210 0.0603204404 0.7277286035 0.4716658200
-75.6035015763 0.0603205991 0.7277272196 0.4716608047
-75.6034499825 0.0603207681 0.7277257444 0.4716546717
-75.6033964383 0.0603209435 0.7277242120 0.4716475502
-75.6033411635 0.0603211246 0.7277226288 0.4716395023
-75.6032842116 0.0603213112 0.7277209963 0.4716305824
-75.6032256091 0.0603215032 0.7277193152 0.4716208456
-75.6031653787 0.0603217005 0.7277175862 0.4716103477
-75.6031035438 0.0603219031 0.7277158101 0.4715991450
-75.6030401286 0.0603221108 0.7277139874 0.4715872929
-75.6029751584 0.0603223237 0.7277121190 0.4715748455
-75.6029086589 0.0603225416 0.7277102057 0.4715618553
-75.6028406568 0.0603227644 0.7277082481 0.4715483725
-75.6027711793 0.0603229920 0.7277062471 0.4715344450
-75.6027002539 0.0603232244 0.7277042036 0.4715201180
-75.6026279087 0.0603234614 0.7277021182 0.4715054338
-75.6025541718 0.0603237030 0.7276999919 0.4714904321
-75.6024790719 0.0603239491 0.7276978255 0.4714751495
-75.6024026375 0.0603241995 0.7276956198 0.4714596199
-75.6023248974 0.0603244542 0.7276933757 0.4714438742
-75.6022458806 0.0603247131 0.7276910941 0.4714279408
-75.6021656159 0.0603249761 0.7276887757 0.4714118451
-75.6020841322 0.0603252431 0.7276864214 0.4713956103
-75.6020014585 0.0603255140 0.7276840320 0.4713792570
-75.6019176236 0.0603257887 0.7276816085 0.4713628035
-75.6018326563 0.0603260671 0.7276791517 0.4713462660
-75.6017465853 0.0603263491 0.7276766623 0.4713296589
-75.6016594395 0.0603266347 0.7276741412 0.4713129945
-75.6015712474 0.0603269237 0.7276715894 0.4712962837
-75.6014820376 0.0603272160 0.7276690075 0.4712795357
-75.6013918386 0.0603275116 0.7276663965 0.4712627584
-75.6013006787 0.0603278103 0.7276637572 0.4712459585
-75.6012085864 0.0603281121 0.7276610903 0.4712291414
-75.6011155900 0.0603284168 0.7276583968 0.4712123119
-75.6010217177 0.0603287244 0.7276556775 0.4711954736
-75.6009269975 0.0603290348 0.7276529331 0.4711786293
-75.6008314578 0.0603293479 0.7276501645 0.4711617814
-75.6007351265 0.0603296636 0.7276473725 0.4711449317
-75.6006380317 0.0603299817 0.7276445580 0.4711280812
-75.6005402014 0.0603303023 0.7276417217 0.4711112306
-75.6004416635 0.0603306252 0.7276388645 0.4710943803
-75.6003424460 0.0603309504 0.7276359871 0.4710775304
-75.6002425769 0.0603312777 0.7276330905 0.4710606804
-75.6001420838 0.0603316070 0.7276301754 0.4710438298
-75.6000409949 0.0603319383 0.7276272426 0.4710269777
-75.5999393379 0.0603322714 0.7276242929 0.4710101234
-75.5998371407 0.0603326064 0.7276213272 0.4709932654
-75.5997344311 0.0603329430 0.7276183462 0.4709764024
-75.5996312369 0.0603332811 0.7276153509 0.4709595329
-75.5995275861 0.0603336208 0.7276123419 0.4709426554
-75.5994235065 0.0603339619 0.7276093201 0.4709257679
-75.5993190259 0.0603343043 0.7276062863 0.4709088686
-75.5992141721 0.0603346480 0.7276032413 0.4708919555
-75.5991089732 0.0603349928 0.7276001859 0.4708750267
-75.5990034569 0.0603353386 0.7275971211 0.4708580799
-75.5988976512 0.0603356853 0.7275940474 0.4708411125
-75.5987915841 0.0603360330 0.7275909659 0.4708241226
-75.5986852836 0.0603363814 0.7275878772 0.4708071078
-75.5985787776 0.0603367304 0.7275847822 0.4707900654
-75.5984720943 0.0603370801 0.7275816818 0.4707729928
-75.5983652617 0.0603374302 0.7275785767 0.4707558877
-75.5982583079 0.0603377808 0.7275754677 0.4707387474
-75.5981512613 0.0603381316 0.7275723558 0.4707215690
-75.5980441500 0.0603384827 0.7275692416 0.4707043499
-75.5979370024 0.0603388339 0.7275661261 0.4706870876
-75.5978298469 0.0603391851 0.7275630101 0.4706697792
-75.5977227119 0.0603395362 0.7275598943 0.4706524216
-75.5976156259 0.0603398872 0.7275567797 0.4706350123
-75.5975086177 0.0603402380 0.7275536670 0.4706175486
-75.5974017158 0.0603405884 0.7275505571 0.4706000274
-75.5972949491 0.0603409383 0.7275474509 0.4705824459
-75.5971883464 0.0603412877 0.7275443491 0.4705648013
-75.5970819368 0.0603416365 0.7275412527 0.4705470911
-75.5969757493 0.0603419846 0.7275381624 0.4705293121
-75.5968698131 0.0603423318 0.7275350791 0.4705114615
-75.5967641576 0.0603426781 0.7275320038 0.4704935368
-75.5966588121 0.0603430235 0.7275289371 0.4704755354
-75.5965538062 0.0603433677 0.7275258801 0.4704574543
-75.5964491695 0.0603437106 0.7275228335 0.4704392908
-75.5963449320 0.0603440523 0.7275197982 0.4704210428
-75.5962411235 0.0603443926 0.7275167752 0.4704027077
-75.5961377740 0.0603447314 0.7275137652 0.4703842825
-75.5960349139 0.0603450686 0.7275107693 0.4703657653
-75.5959325735 0.0603454040 0.7275077881 0.4703471542
-75.5958307834 0.0603457377 0.7275048228 0.4703284465
-75.5957295742 0.0603460695 0.7275018740 0.4703096401
-75.5956289767 0.0603463992 0.7274989429 0.4702907336
-75.5955290221 0.0603467269 0.7274960302 0.4702717252
-75.5954297415 0.0603470523 0.7274931368 0.4702526130
-75.5953311662 0.0603473755 0.7274902638 0.4702333956
-75.5952333278 0.0603476962 0.7274874119 0.4702140723
-75.5951362581 0.0603480144 0.7274845822 0.4701946421
-75.5950399889 0.0603483300 0.7274817756 0.4701751039
-75.5949445523 0.0603486429 0.7274789930 0.4701554574
-75.5948499807 0.0603489529 0.7274762353 0.4701357029
-75.5947563066 0.0603492600 0.7274735036 0.4701158406
-75.5946635625 0.0603495640 0.7274707987 0.4700958708
-75.5945717815 0.0603498649 0.7274681217 0.4700757948
-75.5944809966 0.0603501625 0.7274654735 0.4700556146
-75.5943912412 0.0603504568 0.7274628551 0.4700353319
-75.5943025486 0.0603507475 0.7274602674 0.4700149492
-75.5942149528 0.0603510347 0.7274577115 0.4699944703
-75.5941284875 0.0603513182 0.7274551884 0.4699738994
-75.5940431870 0.0603515978 0.7274526990 0.4699532408
-75.5939590856 0.0603518736 0.7274502444 0.4699325004
-75.5938762179 0.0603521452 0.7274478255 0.4699116851
-75.5937946187 0.0603524128 0.7274454435 0.4698908027
-75.5937143228 0.0603526760 0.7274430993 0.4698698616
-75.5936353656 0.0603529349 0.7274407940 0.4698488720
-75.5935577824 0.0603531892 0.7274385286 0.4698278458
-75.5934816088 0.0603534390 0.7274363042 0.4698067959
-75.5934068804 0.0603536840 0.7274341218 0.4697857363
-75.5933336333 0.0603539241 0.7274319824 0.4697646834
-75.5932619035 0.0603541593 0.7274298872 0.4697436558
-75.5931917272 0.0603543894 0.7274278372 0.4697226734
-75.5931231408 0.0603546142 0.7274258335 0.4697017581
-75.5930561807 0.0603548338 0.7274238771 0.4696809341
-75.5929908833 0.0603550478 0.7274219691 0.4696602286
-75.5929272853 0.0603552564 0.7274201107 0.4696396706
-75.5928654231 0.0603554592 0.7274183028 0.4696192912
-75.5928053331 0.0603556562 0.7274165465 0.4695991238
-75.5927470516 0.0603558473 0.7274148431 0.4695792049
-75.5926906149 0.0603560323 0.7274131934 0.4695595734
-75.5926360587 0.0603562112 0.7274115985 0.4695402693
-75.5925834185 0.0603563838 0.7274100596 0.4695213344
-75.5925327294 0.0603565500 0.7274085776 0.4695028126
-75.5924840258 0.0603567097 0.7274071535 0.4694847492
-75.5924373415 0.0603568627 0.7274057884 0.4694671900
-75.5923927096 0.0603570091 0.7274044833 0.4694501806
-75.5923501620 0.0603571486 0.7274032390 0.4694337662
-75.5923097298 0.0603572812 0.7274020565 0.4694179911
-75.5922714426 0.0603574067 0.7274009367 0.4694028987
-75.5922353291 0.0603575251 0.7273998805 0.4693885306
-75.5922014165 0.0603576363 0.7273988885 0.4693749258
-75.5921697301 0.0603577402 0.7273979617 0.4693621205
-75.5921402941 0.0603578367 0.7273971006 0.4693501474
-75.5921131306 0.0603579258 0.7273963060 0.4693390364
-75.5920882603 0.0603580073 0.7273955784 0.4693288139
-75.5920657019 0.0603580813 0.7273949184 0.4693195034
-75.5920454726 0.0603581476 0.7273943266 0.4693111253
-75.5920275875 0.0603582062 0.7273938034 0.4693036969
-75.5920120601 0.0603582572 0.7273933491 0.4692972328
-75.5919989020 0.0603583003 0.7273929641 0.4692917449
-75.5919881230 0.0603583356 0.7273926487 0.4692872427
-75.5919797311 0.0603583632 0.7273924032 0.4692837338
-75.5919737324 0.0603583828 0.7273922277 0.4692812237
-75.5919701315 0.0603583946 0.7273921223 0.4692797161
-75.5919689308 0.0603583986 0.7273920872 0.4692792133
-75.6035884020 0.0603203147 0.7277296991 0.4716691437
-75.6035500210 0.0603204404 0.7277286035 0.4716658200
-75.6035015762 0.0603205991 0.7277272196 0.4716608047
-75.6034499825 0.0603207681 0.7277257444 0.4716546717
-75.6033964383 0.0603209435 0.7277242120 0.4716475502
-75.6033411635 0.0603211246 0.7277226288 0.4716395023
-75.6032842116 0.0603213112 0.7277209963 0.4716305824
-75.6032256090 0.0603215032 0.7277193152 0.4716208456
-75.6031653787 0.0603217005 0.7277175862 0.4716103477
-75.6031035438 0.0603219031 0.7277158101 0.4715991450
-75.6030401286 0.0603221108 0.7277139874 0.4715872929
-75.6029751583 0.0603223237 0.7277121190 0.4715748455
-75.6029086589 0.0603225416 0.7277102057 0.4715618553
-75.6028406568 0.0603227644 0.7277082481 0.4715483725
-75.6027711793 0.0603229920 0.7277062471 0.4715344450
-75.6027002539 0.0603232244 0.7277042036 0.4715201180
-75.6026279086 0.0603234614 0.7277021182 0.4715054338
-75.6025541718 0.0603237030 0.7276999919 0.4714904321
-75.6024790718 0.0603239491 0.7276978255 0.4714751495
-75.6024026375 0.0603241995 0.7276956198 0.4714596199
-75.6023248974 0.0603244542 0.7276933757 0.4714438742
-75.6022458806 0.0603247131 0.7276910941 0.4714279408
-75.6021656159 0.0603249761 0.7276887757 0.4714118451
-75.6020841322 0.0603252431 0.7276864214 0.4713956103
-75.6020014585 0.0603255140 0.7276840320 0.4713792570
-75.6019176236 0.0603257887 0.7276816085 0.4713628035
-75.6018326562 0.0603260671 0.7276791517 0.4713462660
-75.6017465853 0.0603263491 0.7276766623 0.4713296589
-75.6016594395 0.0603266347 0.7276741412 0.4713129945
-75.6015712474 0.0603269237 0.7276715894 0.4712962837
-75.6014820376 0.0603272160 0.7276690075 0.4712795357
-75.6013918385 0.0603275116 0.7276663965 0.4712627584
-75.6013006787 0.0603278103 0.7276637572 0.4712459585
-75.6012085864 0.0603281121 0.7276610903 0.4712291414
-75.6011155900 0.0603284168 0.7276583968 0.4712123119
-75.6010217176 0.0603287244 0.7276556775 0.4711954736
-75.6009269975 0.0603290348 0.7276529331 0.4711786293
-75.6008314578 0.0603293479 0.7276501645 0.4711617814
-75.6007351265 0.0603296636 0.7276473725 0.4711449317
-75.6006380317 0.0603299817 0.7276445580 0.4711280812
-75.6005402014 0.0603303023 0.7276417217 0.4711112306
-75.6004416635 0.0603306252 0.7276388645 0.4710943803
-75.6003424460 0.0603309504 0.7276359871 0.4710775304
-75.6002425768 0.0603312777 0.7276330905 0.4710606804
-75.6001420838 0.0603316070 0.7276301754 0.4710438298
-75.6000409949 0.0603319383 0.7276272426 0.4710269777
-75.5999393379 0.0603322714 0.7276242929 0.4710101234
-75.5998371407 0.0603326064 0.7276213272 0.4709932654
-75.5997344310 0.0603329430 0.7276183462 0.4709764024
-75.5996312369 0.0603332811 0.7276153509 0.4709595329
-75.5995275861 0.0603336208 0.7276123419 0.4709426554
-75.5994235065 0.0603339619 0.7276093201 0.4709257679
-75.5993190258 0.0603343043 0.7276062863 0.4709088686
-75.5992141721 0.0603346480 0.7276032413 0.4708919555
-75.5991089731 0.0603349928 0.7276001859 0.4708750267
-75.5990034569 0.0603353386 0.7275971210 0.4708580799
-75.5988976512 0.0603356853 0.7275940474 0.4708411125
-75.5987915841 0.0603360330 0.7275909659 0.4708241226
-75.5986852836 0.0603363814 0.7275878772 0.4708071078
-75.5985787776 0.0603367304 0.7275847822 0.4707900654
-75.5984720942 0.0603370801 0.7275816818 0.4707729928
-75.5983652616 0.0603374302 0.7275785767 0.4707558877
-75.5982583079 0.0603377808 0.7275754677 0.4707387474
-75.5981512613 0.0603381316 0.7275723558 0.4707215690
-75.5980441500 0.0603384827 0.7275692416 0.4707043499
-75.5979370024 0.0603388339 0.7275661261 0.4706870876
-75.5978298469 0.0603391851 0.7275630101 0.4706697792
-75.5977227118 0.0603395362 0.7275598943 0.4706524216
-75.5976156259 0.0603398872 0.7275567797 0.4706350123
-75.5975086176 0.0603402380 0.7275536670 0.4706175486
-75.5974017158 0.0603405884 0.7275505571 0.4706000274
-75.5972949490 0.0603409383 0.7275474509 0.4705824459
-75.5971883464 0.0603412877 0.7275443491 0.4705648013
-75.5970819368 0.0603416365 0.7275412527 0.4705470911
-75.5969757493 0.0603419846 0.7275381624 0.4705293121
-75.5968698131 0.0603423318 0.7275350791 0.4705114615
-75.5967641575 0.0603426781 0.7275320038 0.4704935368
-75.5966588120 0.0603430235 0.7275289371 0.4704755354
-75.5965538061 0.0603433677 0.7275258801 0.4704574543
-75.5964491695 0.0603437106 0.7275228335 0.4704392908
-75.5963449319 0.0603440523 0.7275197982 0.4704210428
-75.5962411234 0.0603443926 0.7275167752 0.4704027077
-75.5961377740 0.0603447314 0.7275137652 0.4703842825
-75.5960349139 0.0603450686 0.7275107693 0.4703657653
-75.5959325735 0.0603454040 0.7275077881 0.4703471542
-75.5958307834 0.0603457377 0.7275048228 0.4703284465
-75.5957295741 0.0603460695 0.7275018740 0.4703096401
-75.5956289767 0.0603463992 0.7274989429 0.4702907336
-75.5955290221 0.0603467269 0.7274960302 0.4702717252
-75.5954297414 0.0603470523 0.7274931368 0.4702526130
-75.5953311661 0.0603473755 0.7274902638 0.4702333956
-75.5952333278 0.0603476962 0.7274874119 0.4702140723
-75.5951362580 0.0603480144 0.7274845822 0.4701946421
-75.5950399888 0.0603483300 0.7274817756 0.4701751039
-75.5949445523 0.0603486429 0.7274789930 0.4701554574
-75.5948499807 0.0603489529 0.7274762353 0.4701357029
-75.5947563065 0.0603492600 0.7274735036 0.4701158406
-75.5946635625 0.0603495640 0.7274707987 0.4700958708
-75.5945717814 0.0603498649 0.7274681217 0.4700757948
-75.5944809966 0.0603501625 0.7274654735 0.4700556146
-75.5943912411 0.0603504568 0.7274628551 0.4700353319
-75.5943025486 0.0603507475 0.7274602674 0.4700149492
-75.5942149527 0.0603510347 0.7274577115 0.4699944703
-75.5941284875 0.0603513182 0.7274551884 0.4699738994
-75.5940431870 0.0603515978 0.7274526990 0.4699532408
-75.5939590856 0.0603518736 0.7274502444 0.4699325004
-75.5938762179 0.0603521452 0.7274478255 0.4699116851
-75.5937946186 0.0603524128 0.7274454435 0.4698908027
-75.5937143228 0.0603526760 0.7274430993 0.4698698616
-75.5936353656 0.0603529349 0.7274407940 0.4698488720
-75.5935577823 0.0603531892 0.7274385286 0.4698278458
-75.5934816087 0.0603534390 0.7274363042 0.4698067959
-75.5934068804 0.0603536840 0.7274341218 0.4697857363
-75.5933336332 0.0603539241 0.7274319824 0.4697646834
-75.5932619034 0.0603541593 0.7274298872 0.4697436558
-75.5931917272 0.0603543894 0.7274278372 0.4697226734
-75.5931231408 0.0603546142 0.7274258335 0.4697017581
-75.5930561806 0.0603548338 0.7274238771 0.4696809341
-75.5929908833 0.0603550478 0.7274219691 0.4696602286
-75.5929272853 0.0603552564 0.7274201107 0.4696396706
-75.5928654230 0.0603554592 0.7274183028 0.4696192912
-75.5928053330 0.0603556562 0.7274165465 0.4695991238
-75.5927470516 0.0603558473 0.7274148431 0.4695792049
-75.5926906148 0.0603560323 0.7274131933 0.4695595734
-75.5926360586 0.0603562112 0.7274115985 0.4695402693
-75.5925834185 0.0603563838 0.7274100596 0.4695213344
-75.5925327293 0.0603565500 0.7274085776 0.4695028126
-75.5924840257 0.0603567097 0.7274071535 0.4694847492
-75.5924373415 0.0603568627 0.7274057884 0.4694671900
-75.5923927095 0.0603570091 0.7274044833 0.4694501806
-75.5923501620 0.0603571486 0.7274032390 0.4694337662
-75.5923097297 0.0603572812 0.7274020565 0.4694179911
-75.5922714426 0.0603574067 0.7274009367 0.4694028987
-75.5922353291 0.0603575251 0.7273998805 0.4693885306
-75.5922014164 0.0603576363 0.7273988885 0.4693749258
-75.5921697301 0.0603577402 0.7273979616 0.4693621205
-75.5921402940 0.0603578367 0.7273971006 0.4693501474
-75.5921131305 0.0603579258 0.7273963060 0.4693390364
-75.5920882602 0.0603580073 0.7273955784 0.4693288139
-75.5920657019 0.0603580813 0.7273949184 0.4693195034
-75.5920454725 0.0603581476 0.7273943266 0.4693111253
-75.5920275875 0.0603582062 0.7273938034 0.4693036969
-75.5920120601 0.0603582572 0.7273933491 0.4692972328
-75.5919989020 0.0603583003 0.7273929641 0.4692917449
-75.5919881230 0.0603583356 0.7273926487 0.4692872427
-75.5919797310 0.0603583632 0.7273924032 0.4692837338
-75.5919737324 0.0603583828 0.7273922277 0.4692812237
-75.5919701314 0.0603583946 0.7273921223 0.4692797161
-75.5919689308 0.0603583986 0.7273920872 0.4692792133
-75.6035884020 0.0603203147 0.7277296991 0.4716691437
-75.6035500210 0.0603204404 0.7277286035 0.4716658200
-75.6035015762 0.0603205991 0.7277272196 0.4716608047
-75.6034499825 0.0603207681 0.7277257444 0.4716546717
-75.6033964383 0.0603209435 0.7277242120 0.4716475502
-75.6033411635 0.0603211246 0.7277226288 0.4716395023
-75.6032842116 0.0603213112 0.7277209963 0.4716305824
-75.6032256090 0.0603215032 0.7277193152 0.4716208456
-75.6031653787 0.0603217005 0.7277175862 0.4716103477
-75.6031035438 0.0603219031 0.7277158101 0.4715991450
-75.6030401286 0.0603221108 0.7277139874 0.4715872929
-75.6029751583 0.0603223237 0.7277121190 0.4715748455
-75.6029086589 0.0603225416 0.7277102057 0.4715618553
-75.6028406568 0.0603227644 0.7277082481 0.4715483725
-75.6027711793 0.0603229920 0.7277062471 0.4715344450
-75.6027002539 0.0603232244 0.7277042036 0.4715201180
-75.6026279086 0.0603234614 0.7277021182 0.4715054338
-75.6025541718 0.0603237030 0.7276999919 0.4714904321
-75.6024790718 0.0603239491 0.7276978255 0.4714751495
-75.6024026375 0.0603241995 0.7276956198 0.4714596199
-75.6023248974 0.0603244542 0.7276933757 0.4714438742
-75.6022458806 0.0603247131 0.7276910941 0.4714279408
-75.6021656159 0.0603249761 0.7276887757 0.4714118451
-75.6020841322 0.0603252431 0.7276864214 0.4713956103
-75.6020014585 0.0603255140 0.7276840320 0.4713792570
-75.6019176235 0.0603257887 0.7276816085 0.4713628035
-75.6018326562 0.0603260671 0.7276791517 0.4713462660
-75.6017465853 0.0603263491 0.7276766623 0.4713296589
-75.6016594395 0.0603266347 0.7276741412 0.4713129945
-75.6015712474 0.0603269237 0.7276715894 0.4712962837
-75.6014820376 0.0603272160 0.7276690075 0.4712795357
-75.6013918385 0.0603275116 0.7276663965 0.4712627584
-75.6013006787 0.0603278103 0.7276637572 0.4712459585
-75.6012085864 0.0603281121 0.7276610903 0.4712291414
-75.6011155900 0.0603284168 0.7276583968 0.4712123119
-75.6010217176 0.0603287244 0.7276556775 0.4711954736
-75.6009269975 0.0603290348 0.7276529331 0.4711786293
-75.6008314578 0.0603293479 0.7276501645 0.4711617814
-75.6007351265 0.0603296636 0.7276473725 0.4711449317
-75.6006380317 0.0603299817 0.7276445580 0.4711280812
-75.6005402014 0.0603303023 0.7276417217 0.4711112306
-75.6004416635 0.0603306252 0.7276388645 0.4710943803
-75.6003424460 0.0603309504 0.7276359871 0.4710775304
-75.6002425768 0.0603312777 0.7276330905 0.4710606804
-75.6001420838 0.0603316070 0.7276301754 0.4710438298
-75.6000409949 0.0603319383 0.7276272426 0.4710269777
-75.5999393379 0.0603322714 0.7276242929 0.4710101234
-75.5998371406 0.0603326064 0.7276213272 0.4709932654
-75.5997344310 0.0603329430 0.7276183462 0.4709764024
-75.5996312369 0.0603332811 0.7276153509 0.4709595329
-75.5995275861 0.0603336208 0.7276123419 0.4709426554
-75.5994235064 0.0603339619 0.7276093201 0.4709257679
-75.5993190258 0.0603343044 0.7276062863 0.4709088686
-75.5992141721 0.0603346480 0.7276032413 0.4708919555
-75.5991089731 0.0603349928 0.7276001859 0.4708750267
-75.5990034569 0.0603353386 0.7275971210 0.4708580799
-75.5988976512 0.0603356853 0.7275940474 0.4708411125
-75.5987915841 0.0603360330 0.7275909658 0.4708241226
-75.5986852835 0.0603363814 0.7275878772 0.4708071078
-75.5985787776 0.0603367304 0.7275847822 0.4707900654
-75.5984720942 0.0603370801 0.7275816818 0.4707729928
-75.5983652616 0.0603374302 0.7275785767 0.4707558877
-75.5982583079 0.0603377808 0.7275754677 0.4707387474
-75.5981512612 0.0603381316 0.7275723558 0.4707215690
-75.5980441499 0.0603384827 0.7275692416 0.4707043499
-75.5979370024 0.0603388339 0.7275661261 0.4706870876
-75.5978298468 0.0603391851 0.7275630101 0.4706697792
-75.5977227118 0.0603395362 0.7275598943 0.4706524216
-75.5976156259 0.0603398872 0.7275567797 0.4706350123
-75.5975086176 0.0603402380 0.7275536670 0.4706175486
-75.5974017157 0.0603405884 0.7275505571 0.4706000274
-75.5972949490 0.0603409383 0.7275474509 0.4705824459
-75.5971883463 0.0603412877 0.7275443491 0.4705648013
-75.5970819367 0.0603416365 0.7275412527 0.4705470911
-75.5969757492 0.0603419846 0.7275381624 0.4705293121
-75.5968698130 0.0603423318 0.7275350791 0.4705114615
-75.5967641575 0.0603426781 0.7275320038 0.4704935368
-75.5966588120 0.0603430235 0.7275289371 0.4704755354
-75.5965538061 0.0603433677 0.7275258801 0.4704574543
-75.5964491694 0.0603437106 0.7275228335 0.4704392908
-75.5963449319 0.0603440523 0.7275197982 0.4704210428
-75.5962411234 0.0603443926 0.7275167752 0.4704027077
-75.5961377739 0.0603447314 0.7275137652 0.4703842825
-75.5960349138 0.0603450686 0.7275107693 0.4703657653
-75.5959325735 0.0603454040 0.7275077881 0.4703471542
-75.5958307833 0.0603457377 0.7275048228 0.4703284465
-75.5957295741 0.0603460695 0.7275018740 0.4703096401
-75.5956289766 0.0603463992 0.7274989429 0.4702907336
-75.5955290220 0.0603467269 0.7274960301 0.4702717252
-75.5954297414 0.0603470523 0.7274931368 0.4702526130
-75.5953311661 0.0603473755 0.7274902638 0.4702333956
-75.5952333277 0.0603476962 0.7274874119 0.4702140723
-75.5951362580 0.0603480144 0.7274845822 0.4701946421
-75.5950399888 0.0603483300 0.7274817756 0.4701751039
-75.5949445522 0.0603486429 0.7274789930 0.4701554574
-75.5948499806 0.0603489529 0.7274762353 0.4701357029
-75.5947563065 0.0603492600 0.7274735036 0.4701158406
-75.5946635624 0.0603495640 0.7274707987 0.4700958708
-75.5945717814 0.0603498649 0.7274681217 0.4700757948
-75.5944809965 0.0603501625 0.7274654735 0.4700556146
-75.5943912411 0.0603504568 0.7274628551 0.4700353319
-75.5943025485 0.0603507475 0.7274602674 0.4700149492
-75.5942149527 0.0603510347 0.7274577115 0.4699944703
-75.5941284874 0.0603513182 0.7274551884 0.4699738994
-75.5940431870 0.0603515978 0.7274526990 0.4699532409
-75.5939590855 0.0603518736 0.7274502444 0.4699325004
-75.5938762178 0.0603521452 0.7274478255 0.4699116851
-75.5937946186 0.0603524128 0.7274454435 0.4698908027
-75.5937143228 0.0603526760 0.7274430993 0.4698698616
-75.5936353655 0.0603529349 0.7274407940 0.4698488720
-75.5935577823 0.0603531892 0.7274385286 0.4698278458
-75.5934816087 0.0603534390 0.7274363042 0.4698067959
-75.5934068803 0.0603536840 0.7274341218 0.4697857363
-75.5933336332 0.0603539241 0.7274319824 0.4697646834
-75.5932619034 0.0603541593 0.7274298872 0.4697436558
-75.5931917272 0.0603543894 0.7274278372 0.4697226734
-75.5931231407 0.0603546142 0.7274258335 0.4697017581
-75.5930561806 0.0603548338 0.7274238771 0.4696809341
-75.5929908832 0.0603550478 0.7274219691 0.4696602286
-75.5929272852 0.0603552564 0.7274201107 0.4696396706
-75.5928654230 0.0603554592 0.7274183028 0.4696192912
-75.5928053330 0.0603556562 0.7274165465 0.4695991238
-75.5927470515 0.0603558473 0.7274148430 0.4695792049
-75.5926906148 0.0603560323 0.7274131933 0.4695595734
-75.5926360586 0.0603562112 0.7274115985 0.4695402693
-75.5925834184 0.0603563838 0.7274100596 0.4695213344
-75.5925327293 0.0603565500 0.7274085776 0.4695028126
-75.5924840257 0.0603567097 0.7274071535 0.4694847492
-75.5924373414 0.0603568627 0.7274057884 0.4694671900
-75.5923927095 0.0603570091 0.7274044833 0.4694501806
-75.5923501619 0.0603571486 0.7274032390 0.4694337662
-75.5923097297 0.0603572812 0.7274020565 0.4694179911
-75.5922714425 0.0603574067 0.7274009367 0.4694028987
-75.5922353290 0.0603575251 0.7273998805 0.4693885306
-75.5922014164 0.0603576363 0.7273988885 0.4693749258
-75.5921697300 0.0603577402 0.7273979616 0.4693621205
-75.5921402940 0.0603578367 0.7273971006 0.4693501474
-75.5921131305 0.0603579258 0.7273963060 0.4693390364
-75.5920882602 0.0603580073 0.7273955784 0.4693288139
-75.5920657018 0.0603580813 0.7273949184 0.4693195034
-75.5920454725 0.0603581476 0.7273943266 0.4693111253
-75.5920275874 0.0603582062 0.7273938034 0.4693036969
-75.5920120600 0.0603582572 0.7273933491 0.4692972328
-75.5919989020 0.0603583003 0.7273929641 0.4692917449
-75.5919881229 0.0603583356 0.7273926487 0.4692872427
-75.5919797310 0.0603583632 0.7273924032 0.4692837338
-75.5919737323 0.0603583828 0.7273922277 0.4692812237
-75.5919701314 0.0603583946 0.7273921223 0.4692797161
-75.5919689307 0.0603583986 0.7273920872 0.4692792133
-75.6035882658 0.0603203151 0.7277296968 0.4716692564
-75.6035497362 0.0603204414 0.7277285987 0.4716660556
-75.6035011403 0.0603206005 0.7277272122 0.4716611649
-75.6034493946 0.0603207701 0.7277257344 0.4716551568
-75.6033956975 0.0603209460 0.7277241995 0.4716481606
-75.6033402687 0.0603211275 0.7277226136 0.4716402380
-75.6032831617 0.0603213146 0.7277209784 0.4716314437
-75.6032244025 0.0603215071 0.7277192946 0.4716218326
-75.6031640139 0.0603217049 0.7277175629 0.4716114607
-75.6031020190 0.0603219080 0.7277157839 0.4716003843
-75.6030384417 0.0603221163 0.7277139584 0.4715886586
-75.6029733070 0.0603223297 0.7277120871 0.4715763381
-75.6029066406 0.0603225481 0.7277101707 0.4715634750
-75.6028384690 0.0603227715 0.7277082100 0.4715501197
-75.6027688189 0.0603229997 0.7277062058 0.4715363201
-75.6026977180 0.0603232326 0.7277041590 0.4715221214
-75.6026251938 0.0603234702 0.7277020702 0.4715075659
-75.6025512745 0.0603237124 0.7276999405 0.4714926934
-75.6024759883 0.0603239591 0.7276977705 0.4714775404
-75.6023993637 0.0603242102 0.7276955611 0.4714621410
-75.6023214293 0.0603244655 0.7276933131 0.4714465260
-75.6022422137 0.0603247251 0.7276910275 0.4714307238
-75.6021617455 0.0603249887 0.7276887050 0.4714147599
-75.6020800536 0.0603252564 0.7276863465 0.4713986574
-75.6019971666 0.0603255280 0.7276839527 0.4713824371
-75.6019131131 0.0603258034 0.7276815247 0.4713661172
-75.6018279217 0.0603260825 0.7276790631 0.4713497140
-75.6017416210 0.0603263653 0.7276765688 0.4713332419
-75.6016542394 0.0603266516 0.7276740427 0.4713167132
-75.6015658054 0.0603269414 0.7276714856 0.4713001388
-75.6014763473 0.0603272345 0.7276688983 0.4712835280
-75.6013858934 0.0603275309 0.7276662817 0.4712668886
-75.6012944718 0.0603278305 0.7276636365 0.4712502273
-75.6012021108 0.0603281332 0.7276609636 0.4712335498
-75.6011088382 0.0603284388 0.7276582638 0.4712168606
-75.6010146823 0.0603287473 0.7276555380 0.4712001635
-75.6009196708 0.0603290587 0.7276527869 0.4711834613
-75.6008238317 0.0603293727 0.7276500113 0.4711667564
-75.6007271928 0.0603296894 0.7276472122 0.4711500505
-75.6006297820 0.0603300086 0.7276443902 0.4711333449
-75.6005316269 0.0603303303 0.7276415462 0.4711166400
-75.6004327554 0.0603306543 0.7276386810 0.4710999365
-75.6003331951 0.0603309806 0.7276357954 0.4710832342
-75.6002329736 0.0603313090 0.7276328902 0.4710665330
-75.6001321187 0.0603316395 0.7276299663 0.4710498321
-75.6000306580 0.0603319720 0.7276270244 0.4710331308
-75.5999286190 0.0603323064 0.7276240653 0.4710164283
-75.5998260295 0.0603326426 0.7276210899 0.4709997233
-75.5997229169 0.0603329805 0.7276180989 0.4709830142
-75.5996193089 0.0603333201 0.7276150931 0.4709662998
-75.5995152330 0.0603336612 0.7276120735 0.4709495784
-75.5994107170 0.0603340037 0.7276090406 0.4709328483
-75.5993057883 0.0603343476 0.7276059955 0.4709161074
-75.5992004746 0.0603346927 0.7276029387 0.4708993539
-75.5990948036 0.0603350390 0.7275998713 0.4708825858
-75.5989888027 0.0603353864 0.7275967940 0.4708658008
-75.5988824998 0.0603357348 0.7275937075 0.4708489965
-75.5987759226 0.0603360841 0.7275906127 0.4708321708
-75.5986690986 0.0603364342 0.7275875104 0.4708153214
-75.5985620558 0.0603367851 0.7275844014 0.4707984455
-75.5984548218 0.0603371365 0.7275812865 0.4707815407
-75.5983474245 0.0603374885 0.7275781666 0.4707646044
-75.5982398919 0.0603378409 0.7275750424 0.4707476343
-75.5981322517 0.0603381937 0.7275719147 0.4707306272
-75.5980245321 0.0603385468 0.7275687844 0.4707135805
-75.5979167610 0.0603389000 0.7275656523 0.4706964917
-75.5978089666 0.0603392533 0.7275625192 0.4706793581
-75.5977011771 0.0603396066 0.7275593859 0.4706621763
-75.5975934206 0.0603399598 0.7275562533 0.4706449440
-75.5974857256 0.0603403128 0.7275531221 0.4706276583
-75.5973781204 0.0603406655 0.7275499932 0.4706103164
-75.5972706336 0.0603410178 0.7275468675 0.4705929150
-75.5971632937 0.0603413696 0.7275437457 0.4705754517
-75.5970561294 0.0603417209 0.7275406288 0.4705579237
-75.5969491696 0.0603420715 0.7275375174 0.4705403279
-75.5968424430 0.0603424213 0.7275344126 0.4705226614
-75.5967359788 0.0603427703 0.7275313151 0.4705049217
-75.5966298061 0.0603431183 0.7275282258 0.4704871062
-75.5965239541 0.0603434653 0.7275251455 0.4704692116
-75.5964184522 0.0603438111 0.7275220751 0.4704512354
-75.5963133298 0.0603441557 0.7275190154 0.4704331753
-75.5962086167 0.0603444989 0.7275159674 0.4704150286
-75.5961043426 0.0603448407 0.7275129318 0.4703967923
-75.5960005374 0.0603451810 0.7275099096 0.4703784644
-75.5958972312 0.0603455196 0.7275069017 0.4703600428
-75.5957944542 0.0603458565 0.7275039088 0.4703415248
-75.5956922368 0.0603461916 0.7275009320 0.4703229081
-75.5955906096 0.0603465247 0.7274979721 0.4703041911
-75.5954896032 0.0603468558 0.7274950300 0.4702853719
-75.5953892485 0.0603471848 0.7274921066 0.4702664485
-75.5952895765 0.0603475115 0.7274892028 0.4702474192
-75.5951906186 0.0603478359 0.7274863195 0.4702282832
-75.5950924061 0.0603481579 0.7274834577 0.4702090390
-75.5949949706 0.0603484773 0.7274806182 0.4701896854
-75.5948983439 0.0603487941 0.7274778021 0.4701702220
-75.5948025580 0.0603491081 0.7274750102 0.4701506486
-75.5947076450 0.0603494192 0.7274722434 0.4701309649
-75.5946136374 0.0603497274 0.7274695028 0.4701111709
-75.5945205677 0.0603500325 0.7274667893 0.4700912677
-75.5944284687 0.0603503344 0.7274641038 0.4700712565
-75.5943373734 0.0603506331 0.7274614474 0.4700511386
-75.5942473150 0.0603509283 0.7274588209 0.4700309159
-75.5941583270 0.0603512201 0.7274562254 0.4700105916
-75.5940704429 0.0603515082 0.7274536619 0.4699901691
-75.5939836966 0.0603517926 0.7274511313 0.4699696521
-75.5938981221 0.0603520731 0.7274486346 0.4699490454
-75.5938137538 0.0603523497 0.7274461729 0.4699283551
-75.5937306261 0.0603526222 0.7274437472 0.4699075881
-75.5936487737 0.0603528906 0.7274413585 0.4698867514
-75.5935682315 0.0603531546 0.7274390078 0.4698658541
-75.5934890347 0.0603534143 0.7274366962 0.4698449067
-75.5934112185 0.0603536694 0.7274344246 0.4698239208
-75.5933348185 0.0603539199 0.7274321942 0.4698029086
-75.5932598703 0.0603541656 0.7274300060 0.4697818850
-75.5931864098 0.0603544065 0.7274278610 0.4697608667
-75.5931144731 0.0603546423 0.7274257603 0.4697398718
-75.5930440963 0.0603548730 0.7274237050 0.4697189198
-75.5929753156 0.0603550986 0.7274216961 0.4696980331
-75.5929081676 0.0603553187 0.7274197348 0.4696772365
-75.5928426885 0.0603555334 0.7274178220 0.4696565569
-75.5927789150 0.0603557425 0.7274159589 0.4696360226
-75.5927168834 0.0603559459 0.7274141466 0.4696156651
-75.5926566302 0.0603561434 0.7274123861 0.4695955186
-75.5925981918 0.0603563350 0.7274106784 0.4695756197
-75.5925416041 0.0603565205 0.7274090247 0.4695560063
-75.5924869029 0.0603566999 0.7274074261 0.4695367185
-75.5924341239 0.0603568729 0.7274058835 0.4695177989
-75.5923833019 0.0603570396 0.7274043980 0.4694992918
-75.5923344716 0.0603571997 0.7274029706 0.4694812422
-75.5922876666 0.0603573531 0.7274016023 0.4694636955
-75.5922429198 0.0603574999 0.7274002941 0.4694466971
-75.5922002633 0.0603576397 0.7273990470 0.4694302928
-75.5921597281 0.0603577726 0.7273978618 0.4694145275
-75.5921213441 0.0603578985 0.7273967395 0.4693994448
-75.5920851397 0.0603580172 0.7273956808 0.4693850859
-75.5920511420 0.0603581287 0.7273946866 0.4693714893
-75.5920193765 0.0603582328 0.7273937577 0.4693586910
-75.5919898671 0.0603583296 0.7273928947 0.4693467240
-75.5919626363 0.0603584189 0.7273920983 0.4693356184
-75.5919377044 0.0603585006 0.7273913691 0.4693254011
-75.5919150905 0.0603585748 0.7273907077 0.4693160957
-75.5918948116 0.0603586412 0.7273901145 0.4693077225
-75.5918768827 0.0603587000 0.7273895901 0.4693002987
-75.5918613175 0.0603587511 0.7273891348 0.4692938387
-75.5918481273 0.0603587943 0.7273887490 0.4692883545
-75.5918373221 0.0603588297 0.7273884330 0.4692838553
-75.5918289098 0.0603588573 0.7273881869 0.4692803488
-75.5918228966 0.0603588770 0.7273880110 0.4692778403
-75.5918192869 0.0603588889 0.7273879054 0.4692763337
-75.5918180834 0.0603588928 0.7273878702 0.4692758312
-75.6035882658 0.0603203151 0.7277296968 0.4716692564
-75.6035497362 0.0603204414 0.7277285987 0.4716660556
-75.6035011403 0.0603206005 0.7277272122 0.4716611649
-75.6034493946 0.0603207701 0.7277257344 0.4716551568
-75.6033956975 0.0603209460 0.7277241995 0.4716481606
-75.6033402687 0.0603211275 0.7277226136 0.4716402380
-75.6032831617 0.0603213146 0.7277209784 0.4716314437
-75.6032244025 0.0603215071 0.7277192946 0.4716218326
-75.6031640139 0.0603217049 0.7277175629 0.4716114607
-75.6031020190 0.0603219080 0.7277157839 0.4716003843
-75.6030384417 0.0603221163 0.7277139584 0.4715886586
-75.6029733070 0.0603223297 0.7277120871 0.4715763381
-75.6029066406 0.0603225481 0.7277101707 0.4715634750
-75.6028384690 0.0603227715 0.7277082100 0.4715501197
-75.6027688189 0.0603229997 0.7277062058 0.4715363201
-75.6026977180 0.0603232326 0.7277041590 0.4715221214
-75.6026251938 0.0603234702 0.7277020702 0.4715075659
-75.6025512745 0.0603237124 0.7276999405 0.4714926934
-75.6024759883 0.0603239591 0.7276977705 0.4714775404
-75.6023993637 0.0603242102 0.7276955611 0.4714621410
-75.6023214293 0.0603244655 0.7276933131 0.4714465260
-75.6022422137 0.0603247251 0.7276910275 0.4714307238
-75.6021617455 0.0603249887 0.7276887050 0.4714147599
-75.6020800536 0.0603252564 0.7276863465 0.4713986574
-75.6019971666 0.0603255280 0.7276839527 0.4713824371
-75.6019131131 0.0603258034 0.7276815247 0.4713661172
-75.6018279217 0.0603260825 0.7276790631 0.4713497140
-75.6017416210 0.0603263653 0.7276765688 0.4713332419
-75.6016542394 0.0603266516 0.7276740427 0.4713167132
-75.6015658054 0.0603269414 0.7276714856 0.4713001388
-75.6014763473 0.0603272345 0.7276688983 0.4712835280
-75.6013858934 0.0603275309 0.7276662817 0.4712668886
-75.6012944718 0.0603278305 0.7276636365 0.4712502273
-75.6012021107 0.0603281332 0.7276609636 0.4712335498
-75.6011088382 0.0603284388 0.7276582638 0.4712168606
-75.6010146823 0.0603287473 0.7276555380 0.4712001635
-75.6009196708 0.0603290587 0.7276527869 0.4711834613
-75.6008238317 0.0603293727 0.7276500113 0.4711667564
-75.6007271928 0.0603296894 0.7276472122 0.4711500505
-75.6006297820 0.0603300086 0.7276443902 0.4711333449
-75.6005316269 0.0603303303 0.7276415462 0.4711166400
-75.6004327554 0.0603306543 0.7276386810 0.4710999365
-75.6003331950 0.0603309806 0.7276357954 0.4710832342
-75.6002329736 0.0603313090 0.7276328902 0.4710665330
-75.6001321187 0.0603316395 0.7276299663 0.4710498321
-75.6000306580 0.0603319720 0.7276270244 0.4710331308
-75.5999286190 0.0603323064 0.7276240653 0.4710164283
-75.5998260294 0.0603326426 0.7276210899 0.4709997233
-75.5997229169 0.0603329805 0.7276180989 0.4709830142
-75.5996193089 0.0603333201 0.7276150931 0.4709662998
-75.5995152330 0.0603336612 0.7276120735 0.4709495784
-75.5994107170 0.0603340037 0.7276090406 0.4709328483
-75.5993057883 0.0603343476 0.7276059955 0.4709161074
-75.5992004746 0.0603346927 0.7276029387 0.4708993539
-75.5990948035 0.0603350390 0.7275998713 0.4708825858
-75.5989888027 0.0603353864 0.7275967940 0.4708658008
-75.5988824998 0.0603357348 0.7275937075 0.4708489965
-75.5987759225 0.0603360841 0.7275906127 0.4708321708
-75.5986690986 0.0603364342 0.7275875104 0.4708153214
-75.5985620558 0.0603367851 0.7275844014 0.4707984455
-75.5984548218 0.0603371365 0.7275812865 0.4707815407
-75.5983474245 0.0603374885 0.7275781666 0.4707646044
-75.5982398919 0.0603378409 0.7275750424 0.4707476343
-75.5981322517 0.0603381937 0.7275719147 0.4707306272
-75.5980245321 0.0603385468 0.7275687844 0.4707135805
-75.5979167610 0.0603389000 0.7275656523 0.4706964917
-75.5978089666 0.0603392533 0.7275625192 0.4706793581
-75.5977011771 0.0603396066 0.7275593859 0.4706621763
-75.5975934206 0.0603399598 0.7275562533 0.4706449440
-75.5974857256 0.0603403128 0.7275531221 0.4706276583
-75.5973781204 0.0603406655 0.7275499932 0.4706103164
-75.5972706335 0.0603410178 0.7275468675 0.4705929150
-75.5971632936 0.0603413696 0.7275437457 0.4705754517
-75.5970561294 0.0603417209 0.7275406288 0.4705579237
-75.5969491696 0.0603420715 0.7275375174 0.4705403279
-75.5968424430 0.0603424213 0.7275344126 0.4705226614
-75.5967359788 0.0603427703 0.7275313151 0.4705049217
-75.5966298061 0.0603431183 0.7275282258 0.4704871062
-75.5965239541 0.0603434653 0.7275251455 0.4704692116
-75.5964184522 0.0603438111 0.7275220751 0.4704512354
-75.5963133298 0.0603441557 0.7275190154 0.4704331753
-75.5962086167 0.0603444989 0.7275159674 0.4704150286
-75.5961043426 0.0603448407 0.7275129318 0.4703967923
-75.5960005374 0.0603451810 0.7275099096 0.4703784644
-75.5958972312 0.0603455196 0.7275069017 0.4703600428
-75.5957944542 0.0603458565 0.7275039088 0.4703415248
-75.5956922368 0.0603461916 0.7275009320 0.4703229081
-75.5955906095 0.0603465247 0.7274979721 0.4703041911
-75.5954896031 0.0603468558 0.7274950300 0.4702853719
-75.5953892484 0.0603471848 0.7274921066 0.4702664485
-75.5952895765 0.0603475115 0.7274892028 0.4702474192
-75.5951906186 0.0603478359 0.7274863195 0.4702282832
-75.5950924061 0.0603481579 0.7274834577 0.4702090390
-75.5949949706 0.0603484773 0.7274806182 0.4701896854
-75.5948983439 0.0603487941 0.7274778021 0.4701702220
-75.5948025579 0.0603491081 0.7274750102 0.4701506486
-75.5947076450 0.0603494192 0.7274722434 0.4701309649
-75.5946136374 0.0603497274 0.7274695028 0.4701111709
-75.5945205677 0.0603500325 0.7274667893 0.4700912677
-75.5944284687 0.0603503344 0.7274641038 0.4700712565
-75.5943373734 0.0603506331 0.7274614474 0.4700511386
-75.5942473150 0.0603509283 0.7274588209 0.4700309159
-75.5941583270 0.0603512201 0.7274562254 0.4700105916
-75.5940704429 0.0603515082 0.7274536619 0.4699901691
-75.5939836966 0.0603517926 0.7274511313 0.4699696521
-75.5938981221 0.0603520731 0.7274486346 0.4699490454
-75.5938137538 0.0603523497 0.7274461729 0.4699283551
-75.5937306261 0.0603526222 0.7274437472 0.4699075881
-75.5936487737 0.0603528906 0.7274413585 0.4698867514
-75.5935682315 0.0603531546 0.7274390078 0.4698658541
-75.5934890347 0.0603534143 0.7274366962 0.4698449067
-75.5934112185 0.0603536694 0.7274344246 0.4698239208
-75.5933348185 0.0603539199 0.7274321942 0.4698029086
-75.5932598703 0.0603541656 0.7274300060 0.4697818850
-75.5931864098 0.0603544065 0.7274278610 0.4697608667
-75.5931144731 0.0603546423 0.7274257603 0.4697398718
-75.5930440963 0.0603548730 0.7274237050 0.4697189198
-75.5929753156 0.0603550986 0.7274216961 0.4696980331
-75.5929081675 0.0603553187 0.7274197348 0.4696772365
-75.5928426885 0.0603555334 0.7274178220 0.4696565569
-75.5927789150 0.0603557425 0.7274159589 0.4696360226
-75.5927168834 0.0603559459 0.7274141466 0.4696156651
-75.5926566302 0.0603561434 0.7274123861 0.4695955186
-75.5925981917 0.0603563350 0.7274106784 0.4695756197
-75.5925416041 0.0603565205 0.7274090247 0.4695560063
-75.5924869029 0.0603566999 0.7274074261 0.4695367185
-75.5924341239 0.0603568729 0.7274058835 0.4695177989
-75.5923833019 0.0603570396 0.7274043980 0.4694992918
-75.5923344716 0.0603571997 0.7274029706 0.4694812422
-75.5922876665 0.0603573531 0.7274016023 0.4694636955
-75.5922429197 0.0603574999 0.7274002941 0.4694466971
-75.5922002633 0.0603576397 0.7273990470 0.4694302928
-75.5921597281 0.0603577726 0.7273978618 0.4694145275
-75.5921213441 0.0603578985 0.7273967395 0.4693994448
-75.5920851397 0.0603580172 0.7273956808 0.4693850859
-75.5920511420 0.0603581287 0.7273946866 0.4693714893
-75.5920193765 0.0603582328 0.7273937577 0.4693586910
-75.5919898671 0.0603583296 0.7273928947 0.4693467240
-75.5919626362 0.0603584189 0.7273920983 0.4693356184
-75.5919377044 0.0603585006 0.7273913691 0.4693254011
-75.5919150905 0.0603585748 0.7273907077 0.4693160957
-75.5918948115 0.0603586412 0.7273901145 0.4693077225
-75.5918768827 0.0603587000 0.7273895901 0.4693002987
-75.5918613174 0.0603587511 0.7273891348 0.4692938387
-75.5918481273 0.0603587943 0.7273887490 0.4692883545
-75.5918373221 0.0603588297 0.7273884330 0.4692838553
-75.5918289098 0.0603588573 0.7273881869 0.4692803488
-75.5918228966 0.0603588770 0.7273880110 0.4692778403
-75.5918192869 0.0603588889 0.7273879054 0.4692763337
-75.5918180833 0.0603588928 0.7273878702 0.4692758312
-75.6035882658 0.0603203151 0.7277296968 0.4716692564
-75.6035497362 0.0603204414 0.7277285987 0.4716660556
-75.6035011403 0.0603206005 0.7277272122 0.4716611649
-75.6034493946 0.0603207701 0.7277257344 0.4716551568
-75.6033956975 0.0603209460 0.7277241995 0.4716481606
-75.6033402687 0.0603211275 0.7277226136 0.4716402380
-75.6032831617 0.0603213146 0.7277209784 0.4716314437
-75.6032244025 0.0603215071 0.7277192946 0.4716218326
-75.6031640139 0.0603217049 0.7277175629 0.4716114607
-75.6031020189 0.0603219080 0.7277157839 0.4716003843
-75.6030384417 0.0603221163 0.7277139584 0.4715886586
-75.6029733070 0.0603223297 0.7277120871 0.4715763381
-75.6029066406 0.0603225481 0.7277101707 0.4715634750
-75.6028384689 0.0603227715 0.7277082100 0.4715501197
-75.6027688189 0.0603229997 0.7277062058 0.4715363201
-75.6026977180 0.0603232326 0.7277041590 0.4715221214
-75.6026251938 0.0603234702 0.7277020702 0.4715075659
-75.6025512744 0.0603237124 0.7276999405 0.4714926934
-75.6024759883 0.0603239591 0.7276977705 0.4714775404
-75.6023993637 0.0603242102 0.7276955611 0.4714621410
-75.6023214293 0.0603244655 0.7276933131 0.4714465260
-75.6022422136 0.0603247251 0.7276910275 0.4714307238
-75.6021617455 0.0603249887 0.7276887050 0.4714147599
-75.6020800536 0.0603252564 0.7276863465 0.4713986574
-75.6019971666 0.0603255280 0.7276839527 0.4713824371
-75.6019131130 0.0603258034 0.7276815247 0.4713661172
-75.6018279217 0.0603260825 0.7276790631 0.4713497140
-75.6017416209 0.0603263653 0.7276765688 0.4713332419
-75.6016542394 0.0603266516 0.7276740427 0.4713167132
-75.6015658054 0.0603269414 0.7276714856 0.4713001388
-75.6014763473 0.0603272345 0.7276688983 0.4712835280
-75.6013858934 0.0603275309 0.7276662817 0.4712668886
-75.6012944718 0.0603278305 0.7276636365 0.4712502273
-75.6012021107 0.0603281332 0.7276609636 0.4712335498
-75.6011088382 0.0603284388 0.7276582638 0.4712168606
-75.6010146822 0.0603287473 0.7276555380 0.4712001635
-75.6009196708 0.0603290587 0.7276527869 0.4711834613
-75.6008238317 0.0603293727 0.7276500113 0.4711667564
-75.6007271928 0.0603296894 0.7276472122 0.4711500505
-75.6006297819 0.0603300086 0.7276443902 0.4711333449
-75.6005316269 0.0603303303 0.7276415462 0.4711166400
-75.6004327553 0.0603306543 0.7276386810 0.4710999365
-75.6003331950 0.0603309806 0.7276357954 0.4710832342
-75.6002329736 0.0603313090 0.7276328902 0.4710665330
-75.6001321187 0.0603316395 0.7276299663 0.4710498321
-75.6000306579 0.0603319720 0.7276270244 0.4710331308
-75.5999286190 0.0603323064 0.7276240653 0.4710164283
-75.5998260294 0.0603326426 0.7276210899 0.4709997233
-75.5997229168 0.0603329805 0.7276180989 0.4709830142
-75.5996193088 0.0603333201 0.7276150931 0.4709662998
-75.5995152330 0.0603336612 0.7276120735 0.4709495784
-75.5994107170 0.0603340037 0.7276090406 0.4709328483
-75.5993057883 0.0603343476 0.7276059955 0.4709161074
-75.5992004746 0.0603346927 0.7276029387 0.4708993539
-75.5990948035 0.0603350390 0.7275998713 0.4708825858
-75.5989888027 0.0603353864 0.7275967940 0.4708658008
-75.5988824998 0.0603357348 0.7275937075 0.4708489965
-75.5987759225 0.0603360841 0.7275906127 0.4708321708
-75.5986690986 0.0603364342 0.7275875104 0.4708153214
-75.5985620557 0.0603367851 0.7275844014 0.4707984455
-75.5984548218 0.0603371365 0.7275812865 0.4707815407
-75.5983474245 0.0603374885 0.7275781666 0.4707646044
-75.5982398918 0.0603378409 0.7275750424 0.4707476343
-75.5981322517 0.0603381937 0.7275719147 0.4707306272
-75.5980245321 0.0603385468 0.7275687844 0.4707135805
-75.5979167610 0.0603389000 0.7275656523 0.4706964917
-75.5978089666 0.0603392533 0.7275625192 0.4706793581
-75.5977011770 0.0603396066 0.7275593859 0.4706621763
-75.5975934206 0.0603399598 0.7275562533 0.4706449440
-75.5974857255 0.0603403128 0.7275531221 0.4706276583
-75.5973781204 0.0603406655 0.7275499932 0.4706103164
-75.5972706335 0.0603410178 0.7275468675 0.4705929150
-75.5971632936 0.0603413696 0.7275437457 0.4705754517
-75.5970561294 0.0603417209 0.7275406288 0.4705579237
-75.5969491695 0.0603420715 0.7275375174 0.4705403279
-75.5968424430 0.0603424213 0.7275344126 0.4705226614
-75.5967359788 0.0603427703 0.7275313151 0.4705049217
-75.5966298061 0.0603431183 0.7275282258 0.4704871062
-75.5965239541 0.0603434653 0.7275251455 0.4704692116
-75.5964184521 0.0603438111 0.7275220751 0.4704512354
-75.5963133298 0.0603441557 0.7275190154 0.4704331753
-75.5962086167 0.0603444989 0.7275159674 0.4704150286
-75.5961043426 0.0603448407 0.7275129318 0.4703967923
-75.5960005374 0.0603451810 0.7275099096 0.4703784644
-75.5958972312 0.0603455196 0.7275069017 0.4703600428
-75.5957944542 0.0603458565 0.7275039088 0.4703415248
-75.5956922368 0.0603461916 0.7275009320 0.4703229081
-75.5955906095 0.0603465247 0.7274979721 0.4703041911
-75.5954896031 0.0603468558 0.7274950300 0.4702853719
-75.5953892484 0.0603471848 0.7274921066 0.4702664485
-75.5952895765 0.0603475115 0.7274892028 0.4702474192
-75.5951906185 0.0603478359 0.7274863195 0.4702282832
-75.5950924060 0.0603481579 0.7274834577 0.4702090390
-75.5949949705 0.0603484773 0.7274806182 0.4701896854
-75.5948983438 0.0603487941 0.7274778021 0.4701702220
-75.5948025579 0.0603491081 0.7274750102 0.4701506486
-75.5947076450 0.0603494192 0.7274722434 0.4701309649
-75.5946136373 0.0603497274 0.7274695028 0.4701111709
-75.5945205676 0.0603500325 0.7274667893 0.4700912677
-75.5944284687 0.0603503344 0.7274641038 0.4700712565
-75.5943373734 0.0603506331 0.7274614474 0.4700511386
-75.5942473150 0.0603509283 0.7274588209 0.4700309159
-75.5941583269 0.0603512201 0.7274562254 0.4700105916
-75.5940704428 0.0603515082 0.7274536619 0.4699901691
-75.5939836965 0.0603517926 0.7274511313 0.4699696521
-75.5938981220 0.0603520731 0.7274486346 0.4699490454
-75.5938137537 0.0603523497 0.7274461729 0.4699283551
-75.5937306260 0.0603526222 0.7274437472 0.4699075881
-75.5936487736 0.0603528906 0.7274413585 0.4698867514
-75.5935682314 0.0603531546 0.7274390078 0.4698658541
-75.5934890346 0.0603534143 0.7274366962 0.4698449067
-75.5934112185 0.0603536694 0.7274344246 0.4698239208
-75.5933348184 0.0603539199 0.7274321942 0.4698029086
-75.5932598702 0.0603541656 0.7274300060 0.4697818850
-75.5931864098 0.0603544065 0.7274278610 0.4697608667
-75.5931144731 0.0603546423 0.7274257603 0.4697398718
-75.5930440962 0.0603548730 0.7274237050 0.4697189198
-75.5929753156 0.0603550986 0.7274216961 0.4696980331
-75.5929081675 0.0603553187 0.7274197348 0.4696772365
-75.5928426885 0.0603555334 0.7274178220 0.4696565569
-75.5927789149 0.0603557425 0.7274159589 0.4696360226
-75.5927168833 0.0603559459 0.7274141466 0.4696156651
-75.5926566302 0.0603561434 0.7274123861 0.4695955186
-75.5925981917 0.0603563350 0.7274106784 0.4695756197
-75.5925416040 0.0603565205 0.7274090247 0.4695560063
-75.5924869029 0.0603566999 0.7274074261 0.4695367185
-75.5924341238 0.0603568729 0.7274058835 0.4695177989
-75.5923833019 0.0603570396 0.7274043980 0.4694992918
-75.5923344715 0.0603571997 0.7274029706 0.4694812422
-75.5922876665 0.0603573531 0.7274016023 0.4694636955
-75.5922429197 0.0603574999 0.7274002941 0.4694466971
-75.5922002632 0.0603576397 0.7273990470 0.4694302928
-75.5921597281 0.0603577726 0.7273978618 0.4694145275
-75.5921213440 0.0603578985 0.7273967395 0.4693994448
-75.5920851396 0.0603580172 0.7273956808 0.4693850859
-75.5920511419 0.0603581287 0.7273946866 0.4693714893
-75.5920193764 0.0603582328 0.7273937577 0.4693586910
-75.5919898671 0.0603583296 0.7273928946 0.4693467240
-75.5919626362 0.0603584189 0.7273920983 0.4693356184
-75.5919377044 0.0603585006 0.7273913691 0.4693254011
-75.5919150905 0.0603585748 0.7273907077 0.4693160957
-75.5918948115 0.0603586412 0.7273901145 0.4693077225
-75.5918768827 0.0603587000 0.7273895901 0.4693002987
-75.5918613174 0.0603587511 0.7273891348 0.4692938387
-75.5918481273 0.0603587943 0.7273887490 0.4692883545
-75.5918373220 0.0603588297 0.7273884330 0.4692838553
-75.5918289097 0.0603588573 0.7273881869 0.4692803488
-75.5918228965 0.0603588770 0.7273880110 0.4692778403
-75.5918192868 0.0603588889 0.7273879054 0.4692763337
-75.5918180833 0.0603588928 0.7273878702 0.4692758312
-75.6035882658 0.0603203151 0.7277296968 0.4716692564
-75.6035497362 0.0603204414 0.7277285987 0.4716660556
-75.6035011403 0.0603206005 0.7277272122 0.4716611649
-75.6034493946 0.0603207701 0.7277257344 0.4716551568
-75.6033956975 0.0603209460 0.7277241995 0.4716481606
-75.6033402687 0.0603211275 0.7277226136 0.4716402380
-75.6032831617 0.0603213146 0.7277209784 0.4716314437
-75.6032244025 0.0603215071 0.7277192946 0.4716218326
-75.6031640139 0.0603217049 0.7277175629 0.4716114607
-75.6031020189 0.0603219080 0.7277157839 0.4716003843
-75.6030384416 0.0603221163 0.7277139584 0.4715886586
-75.6029733070 0.0603223297 0.7277120871 0.4715763381
-75.6029066406 0.0603225481 0.7277101707 0.4715634750
-75.6028384689 0.0603227715 0.7277082100 0.4715501197
-75.6027688189 0.0603229997 0.7277062058 0.4715363201
-75.6026977179 0.0603232326 0.7277041590 0.4715221214
-75.6026251938 0.0603234702 0.7277020702 0.4715075659
-75.6025512744 0.0603237124 0.7276999405 0.4714926934
-75.6024759883 0.0603239591 0.7276977705 0.4714775404
-75.6023993637 0.0603242102 0.7276955611 0.4714621410
-75.6023214292 0.0603244655 0.7276933131 0.4714465260
-75.6022422136 0.0603247251 0.7276910275 0.4714307238
-75.6021617455 0.0603249887 0.7276887050 0.4714147599
-75.6020800536 0.0603252564 0.7276863465 0.4713986574
-75.6019971665 0.0603255280 0.7276839527 0.4713824371
-75.6019131130 0.0603258034 0.7276815247 0.4713661172
-75.6018279216 0.0603260825 0.7276790631 0.4713497140
-75.6017416209 0.0603263653 0.7276765688 0.4713332419
-75.6016542394 0.0603266516 0.7276740427 0.4713167132
-75.6015658054 0.0603269414 0.7276714856 0.4713001388
-75.6014763473 0.0603272345 0.7276688983 0.4712835280
-75.6013858933 0.0603275309 0.7276662817 0.4712668886
-75.6012944718 0.0603278305 0.7276636365 0.4712502273
-75.6012021107 0.0603281332 0.7276609636 0.4712335498
-75.6011088382 0.0603284388 0.7276582638 0.4712168606
-75.6010146822 0.0603287473 0.7276555380 0.4712001635
-75.6009196707 0.0603290587 0.7276527869 0.4711834613
-75.6008238316 0.0603293727 0.7276500113 0.4711667564
-75.6007271928 0.0603296894 0.7276472122 0.4711500505
-75.6006297819 0.0603300086 0.7276443902 0.4711333449
-75.6005316269 0.0603303303 0.7276415462 0.4711166400
-75.6004327553 0.0603306543 0.7276386810 0.4710999365
-75.6003331950 0.0603309806 0.7276357954 0.4710832342
-75.6002329736 0.0603313090 0.7276328902 0.4710665330
-75.6001321186 0.0603316395 0.7276299663 0.4710498321
-75.6000306579 0.0603319720 0.7276270244 0.4710331308
-75.5999286189 0.0603323064 0.7276240653 0.4710164283
-75.5998260294 0.0603326426 0.7276210899 0.4709997233
-75.5997229168 0.0603329805 0.7276180989 0.4709830142
-75.5996193088 0.0603333201 0.7276150931 0.4709662998
-75.5995152330 0.0603336612 0.7276120735 0.4709495784
-75.5994107169 0.0603340037 0.7276090406 0.4709328483
-75.5993057882 0.0603343476 0.7276059955 0.4709161074
-75.5992004745 0.0603346927 0.7276029387 0.4708993539
-75.5990948035 0.0603350390 0.7275998713 0.4708825858
-75.5989888027 0.0603353864 0.7275967940 0.4708658008
-75.5988824998 0.0603357348 0.7275937075 0.4708489965
-75.5987759225 0.0603360841 0.7275906127 0.4708321708
-75.5986690985 0.0603364342 0.7275875104 0.4708153214
-75.5985620557 0.0603367851 0.7275844014 0.4707984455
-75.5984548217 0.0603371365 0.7275812865 0.4707815407
-75.5983474244 0.0603374885 0.7275781666 0.4707646044
-75.5982398918 0.0603378409 0.7275750424 0.4707476343
-75.5981322517 0.0603381937 0.7275719147 0.4707306272
-75.5980245320 0.0603385468 0.7275687844 0.4707135805
-75.5979167609 0.0603389000 0.7275656523 0.4706964917
-75.5978089666 0.0603392533 0.7275625192 0.4706793581
-75.5977011770 0.0603396066 0.7275593859 0.4706621763
-75.5975934205 0.0603399598 0.7275562533 0.4706449440
-75.5974857255 0.0603403128 0.7275531221 0.4706276583
-75.5973781203 0.0603406655 0.7275499932 0.4706103164
-75.5972706335 0.0603410178 0.7275468675 0.4705929150
-75.5971632936 0.0603413696 0.7275437457 0.4705754517
-75.5970561293 0.0603417209 0.7275406288 0.4705579237
-75.5969491695 0.0603420715 0.7275375174 0.4705403279
-75.5968424429 0.0603424213 0.7275344126 0.4705226614
-75.5967359788 0.0603427703 0.7275313151 0.4705049217
-75.5966298060 0.0603431183 0.7275282258 0.4704871062
-75.5965239540 0.0603434653 0.7275251455 0.4704692116
-75.5964184521 0.0603438111 0.7275220751 0.4704512354
-75.5963133297 0.0603441557 0.7275190154 0.4704331753
-75.5962086166 0.0603444989 0.7275159674 0.4704150286
-75.5961043425 0.0603448407 0.7275129318 0.4703967923
-75.5960005373 0.0603451810 0.7275099096 0.4703784644
-75.5958972311 0.0603455196 0.7275069017 0.4703600428
-75.5957944541 0.0603458565 0.7275039088 0.4703415248
-75.5956922367 0.0603461916 0.7275009320 0.4703229081
-75.5955906094 0.0603465247 0.7274979721 0.4703041911
-75.5954896030 0.0603468558 0.7274950300 0.4702853719
-75.5953892483 0.0603471848 0.7274921066 0.4702664485
-75.5952895764 0.0603475115 0.7274892028 0.4702474192
-75.5951906185 0.0603478359 0.7274863195 0.4702282832
-75.5950924060 0.0603481579 0.7274834577 0.4702090390
-75.5949949705 0.0603484773 0.7274806182 0.4701896854
-75.5948983438 0.0603487941 0.7274778021 0.4701702220
-75.5948025579 0.0603491081 0.7274750102 0.4701506486
-75.5947076449 0.0603494192 0.7274722434 0.4701309649
-75.5946136373 0.0603497274 0.7274695028 0.4701111709
-75.5945205676 0.0603500325 0.7274667893 0.4700912677
-75.5944284686 0.0603503344 0.7274641038 0.4700712565
-75.5943373733 0.0603506331 0.7274614474 0.4700511386
-75.5942473149 0.0603509283 0.7274588209 0.4700309159
-75.5941583269 0.0603512201 0.7274562254 0.4700105916
-75.5940704428 0.0603515082 0.7274536618 0.4699901691
-75.5939836965 0.0603517926 0.7274511313 0.4699696521
-75.5938981220 0.0603520731 0.7274486346 0.4699490454
-75.5938137537 0.0603523497 0.7274461729 0.4699283551
-75.5937306260 0.0603526222 0.7274437472 0.4699075881
-75.5936487736 0.0603528906 0.7274413585 0.4698867514
-75.5935682314 0.0603531546 0.7274390078 0.4698658541
-75.5934890346 0.0603534143 0.7274366962 0.4698449067
-75.5934112184 0.0603536694 0.7274344246 0.4698239208
-75.5933348184 0.0603539199 0.7274321942 0.4698029086
-75.5932598702 0.0603541656 0.7274300060 0.4697818850
-75.5931864097 0.0603544065 0.7274278610 0.4697608667
-75.5931144730 0.0603546423 0.7274257603 0.4697398718
-75.5930440962 0.0603548730 0.7274237050 0.4697189198
-75.5929753155 0.0603550986 0.7274216961 0.4696980331
-75.5929081674 0.0603553187 0.7274197348 0.4696772365
-75.5928426884 0.0603555334 0.7274178220 0.4696565569
-75.5927789149 0.0603557425 0.7274159589 0.4696360226
-75.5927168833 0.0603559459 0.7274141466 0.4696156651
-75.5926566301 0.0603561434 0.7274123861 0.4695955186
-75.5925981917 0.0603563350 0.7274106784 0.4695756197
-75.5925416040 0.0603565205 0.7274090247 0.4695560063
-75.5924869028 0.0603566999 0.7274074261 0.4695367185
-75.5924341238 0.0603568729 0.7274058835 0.4695177989
-75.5923833018 0.0603570396 0.7274043980 0.4694992918
-75.5923344715 0.0603571997 0.7274029706 0.4694812422
-75.5922876664 0.0603573531 0.7274016023 0.4694636955
-75.5922429196 0.0603574999 0.7274002941 0.4694466971
-75.5922002632 0.0603576397 0.7273990470 0.4694302928
-75.5921597280 0.0603577726 0.7273978618 0.4694145275
-75.5921213440 0.0603578985 0.7273967395 0.4693994448
-75.5920851396 0.0603580172 0.7273956808 0.4693850859
-75.5920511419 0.0603581287 0.7273946866 0.4693714893
-75.5920193764 0.0603582328 0.7273937577 0.4693586910
-75.5919898670 0.0603583296 0.7273928946 0.4693467240
-75.5919626361 0.0603584189 0.7273920983 0.4693356184
-75.5919377043 0.0603585006 0.7273913691 0.4693254011
-75.5919150904 0.0603585748 0.7273907077 0.4693160957
-75.5918948114 0.0603586412 0.7273901145 0.4693077225
-75.5918768826 0.0603587000 0.7273895901 0.4693002987
-75.5918613173 0.0603587511 0.7273891348 0.4692938387
-75.5918481272 0.0603587943 0.7273887490 0.4692883545
-75.5918373220 0.0603588297 0.7273884330 0.4692838553
-75.5918289097 0.0603588573 0.7273881869 0.4692803488
-75.5918228965 0.0603588770 0.7273880110 0.4692778403
-75.5918192868 0.0603588889 0.7273879054 0.4692763337
-75.5918180832 0.0603588928 0.7273878702 0.4692758312
