-75.4457672685 0.0608381434 0.7237690831 0.4712900075
-75.4457649322 0.0608381511 0.7237690154 0.4712857920
-75.4457579308 0.0608381742 0.7237688123 0.4712731491
-75.4457462893 0.0608382126 0.7237684746 0.4712521233
-75.4457300622 0.0608382662 0.7237680040 0.4712229081
-75.4457093524 0.0608383346 0.7237674035 0.4711860362
-75.4456672247 0.0608384737 0.7237661648 0.4709768957
-75.4456404528 0.0608385621 0.7237653918 0.4709483629
-75.4456104656 0.0608386611 0.7237645269 0.4709201559
-75.4455773139 0.0608387705 0.7237635717 0.4708923256
-75.4455410469 0.0608388902 0.7237625278 0.4708649124
-75.4455017123 0.0608390201 0.7237613963 0.4708379474
-75.4454593562 0.0608391599 0.7237601789 0.4708114548
-75.4454140233 0.0608393095 0.7237588768 0.4707854525
-75.4453657572 0.0608394689 0.7237574912 0.4707599540
-75.4453146002 0.0608396377 0.7237560236 0.4707349683
-75.4452605933 0.0608398160 0.7237544750 0.4707105009
-75.4452037765 0.0608400036 0.7237528467 0.4706865547
-75.4451441889 0.0608402003 0.7237511398 0.4706631306
-75.4450818683 0.0608404060 0.7237493555 0.4706402273
-75.4450168517 0.0608406206 0.7237474949 0.4706178418
-75.4449491752 0.0608408440 0.7237455590 0.4705959705
-75.4448788739 0.0608410760 0.7237435489 0.4705746088
-75.4448059819 0.0608413167 0.7237414656 0.4705537512
-75.4447305328 0.0608415657 0.7237393100 0.4705333916
-75.4446525590 0.0608418231 0.7237370832 0.4705135240
-75.4445720924 0.0608420887 0.7237347861 0.4704941423
-75.4444891641 0.0608423624 0.7237324197 0.4704752401
-75.4444038042 0.0608426442 0.7237299847 0.4704568109
-75.4443160422 0.0608429339 0.7237274820 0.4704388487
-75.4442259072 0.0608432314 0.7237249127 0.4704213479
-75.4441334270 0.0608435367 0.7237222773 0.4704043025
-75.4440386292 0.0608438496 0.7237195768 0.4703877071
-75.4439415404 0.0608441701 0.7237168120 0.4703715566
-75.4438421868 0.0608444980 0.7237139836 0.4703558465
-75.4437405938 0.0608448333 0.7237110923 0.4703405718
-75.4436367859 0.0608451760 0.7237081389 0.4703257281
-75.4435307874 0.0608455259 0.7237051241 0.4703113115
-75.4434226217 0.0608458829 0.7237020486 0.4702973183
-75.4433123114 0.0608462470 0.7236989130 0.4702837443
-75.4431998787 0.0608466182 0.7236957180 0.4702705860
-75.4430853451 0.0608469962 0.7236924642 0.4702578404
-75.4429687314 0.0608473812 0.7236891523 0.4702455041
-75.4428500578 0.0608477729 0.7236857827 0.4702335734
-75.4427293438 0.0608481713 0.7236823561 0.4702220456
-75.4426066085 0.0608485765 0.7236788730 0.4702109180
-75.4424818701 0.0608489882 0.7236753339 0.4702001873
-75.4423551462 0.0608494065 0.7236717395 0.4701898505
-75.4422264540 0.0608498313 0.7236680900 0.4701799052
-75.4420958100 0.0608502626 0.7236643861 0.4701703489
-75.4419632298 0.0608507002 0.7236606282 0.4701611783
-75.4418287289 0.0608511442 0.7236568167 0.4701523909
-75.4416923219 0.0608515945 0.7236529520 0.4701439846
-75.4415540227 0.0608520510 0.7236490345 0.4701359568
-75.4414138449 0.0608525137 0.7236450646 0.4701283045
-75.4412718013 0.0608529826 0.7236410428 0.4701210256
-75.4411279041 0.0608534576 0.7236369692 0.4701141181
-75.4409821651 0.0608539387 0.7236328443 0.4701075793
-75.4408345954 0.0608544258 0.7236286683 0.4701014066
-75.4406852054 0.0608549189 0.7236244416 0.4700955984
-75.4405340053 0.0608554180 0.7236201644 0.4700901524
-75.4403810042 0.0608559231 0.7236158370 0.4700850660
-75.4402262112 0.0608564341 0.7236114596 0.4700803372
-75.4400696344 0.0608569510 0.7236070325 0.4700759644
-75.4399112817 0.0608574737 0.7236025558 0.4700719452
-75.4397511599 0.0608580023 0.7235980298 0.4700682773
-75.4395892760 0.0608585367 0.7235934545 0.4700649591
-75.4394256358 0.0608590769 0.7235888302 0.4700619889
-75.4392602449 0.0608596229 0.7235841571 0.4700593643
-75.4390931082 0.0608601746 0.7235794351 0.4700570832
-75.4389242302 0.0608607321 0.7235746645 0.4700551444
-75.4387536147 0.0608612954 0.7235698453 0.4700535459
-75.4385812651 0.0608618644 0.7235649776 0.4700522853
-75.4384071842 0.0608624391 0.7235600615 0.4700513611
-75.4382313744 0.0608630195 0.7235550970 0.4700507720
-75.4380538373 0.0608636056 0.7235500840 0.4700505155
-75.4378745741 0.0608641974 0.7235450228 0.4700505897
-75.4376935857 0.0608647949 0.7235399131 0.4700509933
-75.4375108722 0.0608653981 0.7235347550 0.4700517246
-75.4373264332 0.0608660070 0.7235295485 0.4700527810
-75.4371402679 0.0608666216 0.7235242934 0.4700541609
-75.4369523751 0.0608672420 0.7235189899 0.4700558631
-75.4367627528 0.0608678680 0.7235136376 0.4700578849
-75.4365713986 0.0608684998 0.7235082366 0.4700602243
-75.4363783098 0.0608691373 0.7235027867 0.4700628796
-75.4361834828 0.0608697805 0.7234972879 0.4700658490
-75.4359869139 0.0608704295 0.7234917398 0.4700691297
-75.4357885986 0.0608710843 0.7234861425 0.4700727194
-75.4355885322 0.0608717449 0.7234804956 0.4700766166
-75.4353867092 0.0608724112 0.7234747991 0.4700808182
-75.4351831238 0.0608730834 0.7234690527 0.4700853214
-75.4349777697 0.0608737615 0.7234632561 0.4700901240
-75.4347706400 0.0608744454 0.7234574092 0.4700952232
-75.4345617275 0.0608751352 0.7234515117 0.4701006154
-75.4343510243 0.0608758309 0.7234455633 0.4701062973
-75.4341385222 0.0608765326 0.7234395638 0.4701122662
-75.4339242126 0.0608772402 0.7234335128 0.4701185180
-75.4337080861 0.0608779539 0.7234274100 0.4701250482
-75.4334901332 0.0608786736 0.7234212551 0.4701318530
-75.4332703438 0.0608793993 0.7234150478 0.4701389281
-75.4330487072 0.0608801312 0.7234087878 0.4701462678
-75.4328252124 0.0608808692 0.7234024745 0.4701538668
-75.4325998481 0.0608816134 0.7233961078 0.4701617197
-75.4323726022 0.0608823639 0.7233896871 0.4701698201
-75.4321434623 0.0608831206 0.7233832121 0.4701781603
-75.4319124158 0.0608838836 0.7233766823 0.4701867336
-75.4316794494 0.0608846529 0.7233700973 0.4701955320
-75.4314445495 0.0608854287 0.7233634567 0.4702045459
-75.4312077020 0.0608862108 0.7233567600 0.4702137657
-75.4309688925 0.0608869995 0.7233500067 0.4702231814
-75.4307281062 0.0608877947 0.7233431964 0.4702327811
-75.4304853278 0.0608885966 0.7233363285 0.4702425517
-75.4302405417 0.0608894050 0.7233294026 0.4702524801
-75.4299937320 0.0608902202 0.7233224180 0.4702625511
-75.4297448823 0.0608910420 0.7233153744 0.4702727475
-75.4294939759 0.0608918707 0.7233082711 0.4702830514
-75.4292409958 0.0608927063 0.7233011076 0.4702934435
-75.4289859247 0.0608935488 0.7232938833 0.4703039011
-75.4287287450 0.0608943983 0.7232865977 0.4703144002
-75.4284694387 0.0608952548 0.7232792501 0.4703249149
-75.4282079875 0.0608961184 0.7232718401 0.4703354157
-75.4279443731 0.0608969891 0.7232643669 0.4703458700
-75.4276785766 0.0608978671 0.7232568300 0.4703562430
-75.4274105792 0.0608987524 0.7232492287 0.4703664951
-75.4271403615 0.0608996450 0.7232415625 0.4703765823
-75.4268679043 0.0609005450 0.7232338308 0.4703864566
-75.4265931879 0.0609014525 0.7232260327 0.4703960641
-75.4263161924 0.0609023676 0.7232181679 0.4704053440
-75.4260368980 0.0609032902 0.7232102355 0.4704142292
-75.4257552844 0.0609042206 0.7232022349 0.4704226435
-75.4254713311 0.0609051586 0.7231941655 0.4704305007
-75.4251850175 0.0609061045 0.7231860267 0.4704377036
-75.4248963224 0.0609070583 0.7231778176 0.4704441404
-75.4246052242 0.0609080201 0.7231695376 0.4704496830
-75.4243117010 0.0609089898 0.7231611861 0.4704541833
-75.4240157296 0.0609099677 0.7231527622 0.4704574679
-75.4237172859 0.0609109538 0.7231442652 0.4704593332
-75.4234163440 0.0609119481 0.7231356943 0.4704595366
-75.4231128759 0.0609129508 0.7231270485 0.4704577873
-75.4228068501 0.0609139620 0.7231183269 0.4704537311
-75.4224982306 0.0609149818 0.7231095283 0.4704469330
-75.4221869747 0.0609160103 0.7231006515 0.4704368514
-75.4218730310 0.0609170477 0.7230916947 0.4704228052
-75.4215563352 0.0609180942 0.7230826560 0.4704039292
-75.4212368057 0.0609191501 0.7230735329 0.4703791209
-75.4209143358 0.0609202158 0.7230643221 0.4703469840
-75.4205887705 0.0609212917 0.7230550190 0.4703058003
-75.4202597872 0.0609223789 0.7230456141 0.4702536141
-75.4199261715 0.0609234815 0.7230360725 0.4701885683
-75.4195814035 0.0609246209 0.7230262072 0.4701091729
-75.4191873414 0.0609259233 0.7230149260 0.4700101949
-75.4190205029 0.0609264747 0.7230101462 0.4699686791
-75.4189193975 0.0609268089 0.7230072482 0.4699442341
-75.4188283790 0.0609271097 0.7230046376 0.4699228589
-75.4187379353 0.0609274087 0.7230020420 0.4699022304
-75.4186464651 0.0609277110 0.7229994156 0.4698819777
-75.4185537220 0.0609280175 0.7229967513 0.4698620486
-75.4184596912 0.0609283283 0.7229940487 0.4698424377
-75.4183643964 0.0609286433 0.7229913086 0.4698231422
-75.4182678673 0.0609289624 0.7229885318 0.4698041562
-75.4181701340 0.0609292855 0.7229857192 0.4697854703
-75.4180712258 0.0609296124 0.7229828717 0.4697670720
-75.4179711717 0.0609299431 0.7229799901 0.4697489470
-75.4178699998 0.0609302776 0.7229770752 0.4697310806
-75.4177677382 0.0609306156 0.7229741279 0.4697134571
-75.4176644142 0.0609309572 0.7229711491 0.4696960601
-75.4175600549 0.0609313022 0.7229681394 0.4696788737
-75.4174546872 0.0609316505 0.7229650997 0.4696618828
-75.4173483378 0.0609320020 0.7229620307 0.4696450730
-75.4172410331 0.0609323568 0.7229589333 0.4696284297
-75.4171327992 0.0609327146 0.7229558082 0.4696119402
-75.4170236625 0.0609330754 0.7229526561 0.4695955926
-75.4169136488 0.0609334391 0.7229494779 0.4695793758
-75.4168027841 0.0609338056 0.7229462743 0.4695632794
-75.4166910942 0.0609341748 0.7229430460 0.4695472943
-75.4165786049 0.0609345467 0.7229397939 0.4695314126
-75.4164653419 0.0609349211 0.7229365186 0.4695156266
-75.4163513307 0.0609352981 0.7229332209 0.4694999291
-75.4162365970 0.0609356774 0.7229299016 0.4694843144
-75.4161211662 0.0609360590 0.7229265614 0.4694687769
-75.4160050637 0.0609364429 0.7229232010 0.4694533112
-75.4158883148 0.0609368289 0.7229198212 0.4694379123
-75.4157709449 0.0609372169 0.7229164228 0.4694225761
-75.4156529791 0.0609376069 0.7229130064 0.4694072984
-75.4155344427 0.0609379988 0.7229095729 0.4693920746
-75.4154153606 0.0609383926 0.7229061228 0.4693769009
-75.4152957579 0.0609387880 0.7229026571 0.4693617741
-75.4151756596 0.0609391851 0.7228991763 0.4693466900
-75.4150550905 0.0609395837 0.7228956813 0.4693316446
-75.4149340756 0.0609399838 0.7228921727 0.4693166346
-75.4148126396 0.0609403854 0.7228886513 0.4693016567
-75.4146908073 0.0609407882 0.7228851179 0.4692867068
-75.4145686034 0.0609411923 0.7228815730 0.4692717812
-75.4144460526 0.0609415975 0.7228780175 0.4692568767
-75.4143231797 0.0609420038 0.7228744521 0.4692419896
-75.4142000091 0.0609424110 0.7228708774 0.4692271159
-75.4140765656 0.0609428192 0.7228672943 0.4692122522
-75.4139528737 0.0609432282 0.7228637034 0.4691973952
-75.4138289581 0.0609436380 0.7228601054 0.4691825409
-75.4137048434 0.0609440484 0.7228565011 0.4691676853
-75.4135805541 0.0609444594 0.7228528912 0.4691528253
-75.4134561150 0.0609448708 0.7228492763 0.4691379574
-75.4133315505 0.0609452827 0.7228456573 0.4691230772
-75.4132068854 0.0609456950 0.7228420349 0.4691081811
-75.4130821444 0.0609461075 0.7228384097 0.4690932661
-75.4129573522 0.0609465201 0.7228347824 0.4690783281
-75.4128325334 0.0609469329 0.7228311539 0.4690633629
-75.4127077130 0.0609473457 0.7228275249 0.4690483674
-75.4125829158 0.0609477584 0.7228238959 0.4690333380
-75.4124581666 0.0609481709 0.7228202679 0.4690182706
-75.4123334904 0.0609485832 0.7228166414 0.4690031613
-75.4122089123 0.0609489952 0.7228130174 0.4689880070
-75.4120844574 0.0609494068 0.7228093963 0.4689728038
-75.4119601507 0.0609498179 0.7228057791 0.4689575476
-75.4118360177 0.0609502284 0.7228021665 0.4689422348
-75.4117120836 0.0609506382 0.7227985591 0.4689268623
-75.4115883739 0.0609510474 0.7227949578 0.4689114259
-75.4114649141 0.0609514557 0.7227913633 0.4688959216
-75.4113417299 0.0609518631 0.7227877763 0.4688803464
-75.4112188471 0.0609522695 0.7227841975 0.4688646967
-75.4110962916 0.0609526748 0.7227806279 0.4688489681
-75.4109740892 0.0609530789 0.7227770680 0.4688331574
-75.4108522663 0.0609534818 0.7227735187 0.4688172614
-75.4107308491 0.0609538834 0.7227699807 0.4688012762
-75.4106098639 0.0609542836 0.7227664549 0.4687851978
-75.4104893374 0.0609546822 0.7227629419 0.4687690234
-75.4103692962 0.0609550792 0.7227594427 0.4687527495
-75.4102497673 0.0609554745 0.7227559578 0.4687363724
-75.4101307776 0.0609558681 0.7227524883 0.4687198885
-75.4100123544 0.0609562598 0.7227490348 0.4687032951
-75.4098945251 0.0609566495 0.7227455981 0.4686865889
-75.4097773172 0.0609570372 0.7227421791 0.4686697661
-75.4096607584 0.0609574227 0.7227387786 0.4686528241
-75.4095448768 0.0609578060 0.7227353974 0.4686357601
-75.4094297004 0.0609581869 0.7227320364 0.4686185709
-75.4093152575 0.0609585655 0.7227286962 0.4686012533
-75.4092015768 0.0609589415 0.7227253779 0.4685838055
-75.4090886870 0.0609593149 0.7227220822 0.4685662247
-75.4089766169 0.0609596856 0.7227188101 0.4685485080
-75.4088653959 0.0609600535 0.7227155622 0.4685306535
-75.4087550534 0.0609604185 0.7227123396 0.4685126597
-75.4086456190 0.0609607805 0.7227091431 0.4684945242
-75.4085371226 0.0609611393 0.7227059736 0.4684762453
-75.4084295944 0.0609614950 0.7227028319 0.4684578222
-75.4083230647 0.0609618474 0.7226997190 0.4684392539
-75.4082175641 0.0609621964 0.7226966358 0.4684205392
-75.4081131235 0.0609625419 0.7226935831 0.4684016777
-75.4080097742 0.0609628838 0.7226905619 0.4683826701
-75.4079075474 0.0609632219 0.7226875732 0.4683635165
-75.4078064749 0.0609635563 0.7226846178 0.4683442174
-75.4077065886 0.0609638867 0.7226816967 0.4683247747
-75.4076079207 0.0609642131 0.7226788108 0.4683051907
-75.4075105037 0.0609645353 0.7226759612 0.4682854676
-75.4074143703 0.0609648534 0.7226731487 0.4682656084
-75.4073195536 0.0609651670 0.7226703744 0.4682456181
-75.4072260869 0.0609654762 0.7226676393 0.4682255015
-75.4071340037 0.0609657808 0.7226649443 0.4682052639
-75.4070433379 0.0609660808 0.7226622904 0.4681849125
-75.4069541237 0.0609663759 0.7226596787 0.4681644558
-75.4068663956 0.0609666661 0.7226571101 0.4681439029
-75.4067801880 0.0609669513 0.7226545858 0.4681232638
-75.4066955359 0.0609672314 0.7226521067 0.4681025509
-75.4066124747 0.0609675062 0.7226496739 0.4680817783
-75.4065310397 0.0609677756 0.7226472884 0.4680609610
-75.4064512665 0.0609680395 0.7226449513 0.4680401157
-75.4063731910 0.0609682978 0.7226426637 0.4680192619
-75.4062968495 0.0609685503 0.7226404266 0.4679984212
-75.4062222780 0.0609687971 0.7226382411 0.4679776167
-75.4061495130 0.0609690378 0.7226361083 0.4679568737
-75.4060785910 0.0609692724 0.7226340293 0.4679362207
-75.4060095488 0.0609695008 0.7226320052 0.4679156890
-75.4059424229 0.0609697229 0.7226300370 0.4678953114
-75.4058772500 0.0609699385 0.7226281259 0.4678751231
-75.4058140667 0.0609701476 0.7226262730 0.4678551626
-75.4057529094 0.0609703499 0.7226244792 0.4678354711
-75.4056938142 0.0609705454 0.7226227458 0.4678160914
-75.4056368171 0.0609707340 0.7226210738 0.4677970676
-75.4055819535 0.0609709155 0.7226194642 0.4677784458
-75.4055292582 0.0609710899 0.7226179181 0.4677602740
-75.4054787655 0.0609712569 0.7226164365 0.4677426009
-75.4054305088 0.0609714166 0.7226150203 0.4677254745
-75.4053845205 0.0609715687 0.7226136707 0.4677089422
-75.4053408320 0.0609717133 0.7226123884 0.4676930506
-75.4052994735 0.0609718501 0.7226111744 0.4676778449
-75.4052604738 0.0609719792 0.7226100296 0.4676633687
-75.4052238603 0.0609721003 0.7226089548 0.4676496623
-75.4051896590 0.0609722135 0.7226079508 0.4676367629
-75.4051578939 0.0609723186 0.7226070182 0.4676247042
-75.4051285875 0.0609724155 0.7226061577 0.4676135161
-75.4051017605 0.0609725043 0.7226053700 0.4676032253
-75.4050774317 0.0609725848 0.7226046557 0.4675938553
-75.4050556184 0.0609726569 0.7226040151 0.4675854261
-75.4050363357 0.0609727207 0.7226034489 0.4675779546
-75.4050195972 0.0609727761 0.7226029574 0.4675714549
-75.4050054143 0.0609728231 0.7226025409 0.4675659382
-75.4049937968 0.0609728615 0.7226021997 0.4675614136
-75.4049847528 0.0609728914 0.7226019341 0.4675578878
-75.4049782884 0.0609729128 0.7226017443 0.4675553660
-75.4049744080 0.0609729256 0.7226016303 0.4675538516
-75.4049731142 0.0609729299 0.7226015923 0.4675533465
-75.4190205029 0.0609264747 0.7230101462 0.4699686791
-75.4189193975 0.0609268089 0.7230072482 0.4699442341
-75.4188283790 0.0609271097 0.7230046376 0.4699228589
-75.4187379353 0.0609274087 0.7230020420 0.4699022304
-75.4186464651 0.0609277110 0.7229994156 0.4698819777
-75.4185537220 0.0609280175 0.7229967513 0.4698620486
-75.4184596911 0.0609283283 0.7229940487 0.4698424377
-75.4183643963 0.0609286433 0.7229913086 0.4698231422
-75.4182678673 0.0609289624 0.7229885318 0.4698041562
-75.4181701340 0.0609292855 0.7229857192 0.4697854703
-75.4180712258 0.0609296124 0.7229828717 0.4697670720
-75.4179711717 0.0609299431 0.7229799901 0.4697489470
-75.4178699998 0.0609302776 0.7229770752 0.4697310806
-75.4177677382 0.0609306156 0.7229741279 0.4697134571
-75.4176644142 0.0609309572 0.7229711491 0.4696960601
-75.4175600549 0.0609313022 0.7229681394 0.4696788737
-75.4174546872 0.0609316505 0.7229650997 0.4696618828
-75.4173483378 0.0609320020 0.7229620307 0.4696450730
-75.4172410331 0.0609323568 0.7229589333 0.4696284297
-75.4171327992 0.0609327146 0.7229558082 0.4696119402
-75.4170236625 0.0609330754 0.7229526561 0.4695955926
-75.4169136488 0.0609334391 0.7229494779 0.4695793758
-75.4168027841 0.0609338056 0.7229462743 0.4695632794
-75.4166910942 0.0609341748 0.7229430460 0.4695472943
-75.4165786049 0.0609345467 0.7229397939 0.4695314126
-75.4164653419 0.0609349211 0.7229365186 0.4695156266
-75.4163513307 0.0609352981 0.7229332209 0.4694999291
-75.4162365969 0.0609356774 0.7229299016 0.4694843144
-75.4161211661 0.0609360590 0.7229265614 0.4694687769
-75.4160050636 0.0609364429 0.7229232010 0.4694533112
-75.4158883148 0.0609368289 0.7229198212 0.4694379123
-75.4157709448 0.0609372169 0.7229164228 0.4694225761
-75.4156529791 0.0609376069 0.7229130064 0.4694072984
-75.4155344426 0.0609379988 0.7229095729 0.4693920746
-75.4154153605 0.0609383926 0.7229061228 0.4693769009
-75.4152957579 0.0609387880 0.7229026571 0.4693617741
-75.4151756595 0.0609391851 0.7228991763 0.4693466900
-75.4150550905 0.0609395837 0.7228956813 0.4693316446
-75.4149340755 0.0609399838 0.7228921727 0.4693166346
-75.4148126396 0.0609403854 0.7228886513 0.4693016567
-75.4146908073 0.0609407882 0.7228851179 0.4692867068
-75.4145686034 0.0609411923 0.7228815730 0.4692717812
-75.4144460526 0.0609415975 0.7228780175 0.4692568767
-75.4143231796 0.0609420038 0.7228744521 0.4692419896
-75.4142000091 0.0609424110 0.7228708774 0.4692271159
-75.4140765655 0.0609428192 0.7228672943 0.4692122522
-75.4139528737 0.0609432282 0.7228637033 0.4691973952
-75.4138289581 0.0609436380 0.7228601054 0.4691825409
-75.4137048434 0.0609440484 0.7228565011 0.4691676853
-75.4135805541 0.0609444594 0.7228528912 0.4691528253
-75.4134561149 0.0609448708 0.7228492763 0.4691379574
-75.4133315505 0.0609452827 0.7228456573 0.4691230772
-75.4132068854 0.0609456950 0.7228420349 0.4691081811
-75.4130821444 0.0609461075 0.7228384097 0.4690932661
-75.4129573522 0.0609465201 0.7228347824 0.4690783281
-75.4128325334 0.0609469329 0.7228311539 0.4690633629
-75.4127077130 0.0609473457 0.7228275249 0.4690483674
-75.4125829158 0.0609477584 0.7228238959 0.4690333380
-75.4124581666 0.0609481709 0.7228202679 0.4690182706
-75.4123334904 0.0609485832 0.7228166414 0.4690031613
-75.4122089123 0.0609489952 0.7228130174 0.4689880070
-75.4120844573 0.0609494068 0.7228093963 0.4689728038
-75.4119601507 0.0609498179 0.7228057791 0.4689575476
-75.4118360176 0.0609502284 0.7228021665 0.4689422348
-75.4117120836 0.0609506382 0.7227985591 0.4689268623
-75.4115883739 0.0609510474 0.7227949578 0.4689114259
-75.4114649141 0.0609514557 0.7227913633 0.4688959216
-75.4113417299 0.0609518631 0.7227877763 0.4688803464
-75.4112188471 0.0609522695 0.7227841975 0.4688646967
-75.4110962915 0.0609526748 0.7227806279 0.4688489681
-75.4109740892 0.0609530789 0.7227770680 0.4688331574
-75.4108522663 0.0609534818 0.7227735187 0.4688172614
-75.4107308490 0.0609538834 0.7227699807 0.4688012762
-75.4106098638 0.0609542836 0.7227664549 0.4687851978
-75.4104893373 0.0609546822 0.7227629419 0.4687690234
-75.4103692962 0.0609550792 0.7227594427 0.4687527495
-75.4102497673 0.0609554745 0.7227559578 0.4687363724
-75.4101307776 0.0609558681 0.7227524883 0.4687198885
-75.4100123544 0.0609562598 0.7227490348 0.4687032951
-75.4098945251 0.0609566495 0.7227455981 0.4686865889
-75.4097773172 0.0609570372 0.7227421791 0.4686697661
-75.4096607584 0.0609574227 0.7227387786 0.4686528241
-75.4095448768 0.0609578060 0.7227353974 0.4686357601
-75.4094297004 0.0609581869 0.7227320364 0.4686185709
-75.4093152575 0.0609585655 0.7227286962 0.4686012533
-75.4092015768 0.0609589415 0.7227253779 0.4685838055
-75.4090886869 0.0609593149 0.7227220822 0.4685662247
-75.4089766169 0.0609596856 0.7227188101 0.4685485080
-75.4088653959 0.0609600535 0.7227155622 0.4685306535
-75.4087550534 0.0609604185 0.7227123396 0.4685126597
-75.4086456190 0.0609607805 0.7227091431 0.4684945242
-75.4085371226 0.0609611393 0.7227059736 0.4684762453
-75.4084295943 0.0609614950 0.7227028319 0.4684578222
-75.4083230646 0.0609618474 0.7226997190 0.4684392539
-75.4082175640 0.0609621964 0.7226966358 0.4684205392
-75.4081131235 0.0609625419 0.7226935831 0.4684016777
-75.4080097741 0.0609628838 0.7226905619 0.4683826701
-75.4079075474 0.0609632219 0.7226875732 0.4683635165
-75.4078064749 0.0609635563 0.7226846178 0.4683442174
-75.4077065885 0.0609638867 0.7226816967 0.4683247747
-75.4076079206 0.0609642131 0.7226788108 0.4683051907
-75.4075105036 0.0609645353 0.7226759612 0.4682854676
-75.4074143702 0.0609648534 0.7226731487 0.4682656084
-75.4073195535 0.0609651670 0.7226703744 0.4682456181
-75.4072260868 0.0609654762 0.7226676393 0.4682255015
-75.4071340036 0.0609657808 0.7226649443 0.4682052639
-75.4070433379 0.0609660808 0.7226622904 0.4681849125
-75.4069541237 0.0609663759 0.7226596787 0.4681644558
-75.4068663955 0.0609666661 0.7226571101 0.4681439029
-75.4067801879 0.0609669513 0.7226545858 0.4681232638
-75.4066955359 0.0609672314 0.7226521067 0.4681025509
-75.4066124747 0.0609675062 0.7226496739 0.4680817783
-75.4065310396 0.0609677756 0.7226472884 0.4680609610
-75.4064512664 0.0609680395 0.7226449513 0.4680401157
-75.4063731910 0.0609682978 0.7226426637 0.4680192619
-75.4062968494 0.0609685503 0.7226404266 0.4679984212
-75.4062222779 0.0609687971 0.7226382411 0.4679776167
-75.4061495129 0.0609690378 0.7226361083 0.4679568737
-75.4060785910 0.0609692724 0.7226340293 0.4679362207
-75.4060095487 0.0609695008 0.7226320052 0.4679156890
-75.4059424229 0.0609697229 0.7226300370 0.4678953114
-75.4058772500 0.0609699385 0.7226281259 0.4678751231
-75.4058140666 0.0609701476 0.7226262730 0.4678551626
-75.4057529093 0.0609703499 0.7226244792 0.4678354711
-75.4056938142 0.0609705454 0.7226227458 0.4678160914
-75.4056368171 0.0609707340 0.7226210738 0.4677970676
-75.4055819534 0.0609709155 0.7226194642 0.4677784458
-75.4055292581 0.0609710899 0.7226179181 0.4677602740
-75.4054787654 0.0609712569 0.7226164365 0.4677426009
-75.4054305087 0.0609714166 0.7226150203 0.4677254745
-75.4053845204 0.0609715687 0.7226136707 0.4677089422
-75.4053408319 0.0609717133 0.7226123884 0.4676930506
-75.4052994734 0.0609718501 0.7226111744 0.4676778449
-75.4052604737 0.0609719792 0.7226100296 0.4676633687
-75.4052238603 0.0609721003 0.7226089548 0.4676496623
-75.4051896589 0.0609722135 0.7226079508 0.4676367629
-75.4051578939 0.0609723186 0.7226070182 0.4676247042
-75.4051285874 0.0609724155 0.7226061577 0.4676135161
-75.4051017604 0.0609725043 0.7226053700 0.4676032253
-75.4050774317 0.0609725848 0.7226046557 0.4675938553
-75.4050556184 0.0609726569 0.7226040151 0.4675854261
-75.4050363357 0.0609727207 0.7226034489 0.4675779546
-75.4050195971 0.0609727761 0.7226029574 0.4675714549
-75.4050054142 0.0609728231 0.7226025409 0.4675659382
-75.4049937968 0.0609728615 0.7226021997 0.4675614136
-75.4049847528 0.0609728914 0.7226019341 0.4675578878
-75.4049782884 0.0609729128 0.7226017443 0.4675553660
-75.4049744080 0.0609729256 0.7226016303 0.4675538516
-75.4049731142 0.0609729299 0.7226015923 0.4675533465
-75.4190204608 0.0609264748 0.7230101470 0.4699687985
-75.4189193093 0.0609268092 0.7230072498 0.4699444838
-75.4188282436 0.0609271102 0.7230046401 0.4699232407
-75.4187377520 0.0609274092 0.7230020453 0.4699027448
-75.4186462330 0.0609277117 0.7229994197 0.4698826249
-75.4185534400 0.0609280185 0.7229967562 0.4698628287
-75.4184593580 0.0609283294 0.7229940543 0.4698433510
-75.4183640104 0.0609286446 0.7229913149 0.4698241889
-75.4182674269 0.0609289638 0.7229885387 0.4698053365
-75.4181696371 0.0609292871 0.7229857267 0.4697867845
-75.4180706703 0.0609296142 0.7229828797 0.4697685204
-75.4179705550 0.0609299451 0.7229799985 0.4697505300
-75.4178693194 0.0609302798 0.7229770840 0.4697327985
-75.4177669911 0.0609306180 0.7229741370 0.4697153102
-75.4176635973 0.0609309598 0.7229711583 0.4696980488
-75.4175591649 0.0609313050 0.7229681487 0.4696809985
-75.4174537206 0.0609316536 0.7229651090 0.4696641442
-75.4173472908 0.0609320054 0.7229620399 0.4696474713
-75.4172399015 0.0609323604 0.7229589422 0.4696309656
-75.4171315790 0.0609327185 0.7229558167 0.4696146141
-75.4170223490 0.0609330796 0.7229526641 0.4695984051
-75.4169122374 0.0609334436 0.7229494853 0.4695823275
-75.4168012698 0.0609338105 0.7229462808 0.4695663708
-75.4166894719 0.0609341801 0.7229430516 0.4695505262
-75.4165768692 0.0609345523 0.7229397983 0.4695347856
-75.4164634871 0.0609349272 0.7229365217 0.4695191414
-75.4163493509 0.0609353045 0.7229332226 0.4695035864
-75.4162344861 0.0609356842 0.7229299016 0.4694881149
-75.4161189179 0.0609360663 0.7229265596 0.4694727214
-75.4160026714 0.0609364506 0.7229231972 0.4694574005
-75.4158857716 0.0609368371 0.7229198151 0.4694421472
-75.4157682438 0.0609372257 0.7229164143 0.4694269575
-75.4156501128 0.0609376163 0.7229129952 0.4694118271
-75.4155314036 0.0609380087 0.7229095587 0.4693967515
-75.4154121409 0.0609384031 0.7229061056 0.4693817271
-75.4152923495 0.0609387991 0.7229026365 0.4693667504
-75.4151720543 0.0609391968 0.7228991521 0.4693518174
-75.4150512797 0.0609395962 0.7228956532 0.4693369241
-75.4149300505 0.0609399970 0.7228921405 0.4693220673
-75.4148083912 0.0609403993 0.7228886147 0.4693072436
-75.4146863263 0.0609408028 0.7228850765 0.4692924490
-75.4145638802 0.0609412077 0.7228815267 0.4692776797
-75.4144410775 0.0609416138 0.7228779660 0.4692629328
-75.4143179425 0.0609420209 0.7228743950 0.4692482045
-75.4141944996 0.0609424291 0.7228708144 0.4692334907
-75.4140707731 0.0609428382 0.7228672251 0.4692187881
-75.4139467874 0.0609432482 0.7228636277 0.4692040935
-75.4138225669 0.0609436589 0.7228600229 0.4691894028
-75.4136981358 0.0609440703 0.7228564114 0.4691747122
-75.4135735186 0.0609444824 0.7228527939 0.4691600185
-75.4134487396 0.0609448950 0.7228491712 0.4691453181
-75.4133238231 0.0609453081 0.7228455440 0.4691306068
-75.4131987934 0.0609457215 0.7228419129 0.4691158812
-75.4130736751 0.0609461353 0.7228382787 0.4691011379
-75.4129484926 0.0609465492 0.7228346420 0.4690863730
-75.4128232703 0.0609469633 0.7228310037 0.4690715826
-75.4126980327 0.0609473775 0.7228273644 0.4690567631
-75.4125728044 0.0609477916 0.7228237249 0.4690419114
-75.4124476100 0.0609482056 0.7228200858 0.4690270231
-75.4123224741 0.0609486194 0.7228164479 0.4690120944
-75.4121974216 0.0609490330 0.7228128119 0.4689971223
-75.4120724773 0.0609494461 0.7228091785 0.4689821029
-75.4119476659 0.0609498589 0.7228055485 0.4689670319
-75.4118230124 0.0609502711 0.7228019225 0.4689519061
-75.4116985421 0.0609506828 0.7227983014 0.4689367221
-75.4115742798 0.0609510937 0.7227946858 0.4689214758
-75.4114502510 0.0609515039 0.7227910765 0.4689061632
-75.4113264809 0.0609519132 0.7227874743 0.4688907813
-75.4112029951 0.0609523216 0.7227838798 0.4688753265
-75.4110798190 0.0609527290 0.7227802938 0.4688597945
-75.4109569783 0.0609531353 0.7227767171 0.4688441819
-75.4108344990 0.0609535403 0.7227731504 0.4688284857
-75.4107124070 0.0609539441 0.7227695945 0.4688127018
-75.4105907282 0.0609543466 0.7227660502 0.4687968264
-75.4104694890 0.0609547475 0.7227625182 0.4687808564
-75.4103487159 0.0609551470 0.7227589993 0.4687647885
-75.4102284352 0.0609555448 0.7227554942 0.4687486188
-75.4101086737 0.0609559409 0.7227520038 0.4687323439
-75.4099894583 0.0609563352 0.7227485288 0.4687159609
-75.4098708161 0.0609567276 0.7227450701 0.4686994665
-75.4097527741 0.0609571180 0.7227416284 0.4686828567
-75.4096353600 0.0609575064 0.7227382045 0.4686661290
-75.4095186011 0.0609578926 0.7227347993 0.4686492805
-75.4094025254 0.0609582765 0.7227314136 0.4686323078
-75.4092871608 0.0609586581 0.7227280481 0.4686152078
-75.4091725355 0.0609590372 0.7227247037 0.4685979783
-75.4090586779 0.0609594138 0.7227213813 0.4685806167
-75.4089456165 0.0609597878 0.7227180817 0.4685631197
-75.4088333803 0.0609601591 0.7227148057 0.4685454854
-75.4087219984 0.0609605275 0.7227115542 0.4685277121
-75.4086115000 0.0609608930 0.7227083281 0.4685097972
-75.4085019145 0.0609612555 0.7227051282 0.4684917387
-75.4083932719 0.0609616148 0.7227019553 0.4684735356
-75.4082856021 0.0609619710 0.7226988105 0.4684551867
-75.4081789353 0.0609623238 0.7226956945 0.4684366903
-75.4080733021 0.0609626733 0.7226926084 0.4684180459
-75.4079687333 0.0609630192 0.7226895529 0.4683992537
-75.4078652598 0.0609633614 0.7226865290 0.4683803135
-75.4077629130 0.0609637000 0.7226835376 0.4683612251
-75.4076617245 0.0609640347 0.7226805797 0.4683419900
-75.4075617260 0.0609643655 0.7226776561 0.4683226101
-75.4074629497 0.0609646923 0.7226747680 0.4683030867
-75.4073654279 0.0609650149 0.7226719161 0.4682834224
-75.4072691934 0.0609653332 0.7226691015 0.4682636212
-75.4071742790 0.0609656472 0.7226663251 0.4682436872
-75.4070807180 0.0609659567 0.7226635880 0.4682236247
-75.4069885438 0.0609662617 0.7226608911 0.4682034399
-75.4068977903 0.0609665619 0.7226582354 0.4681831403
-75.4068084915 0.0609668573 0.7226556219 0.4681627337
-75.4067206817 0.0609671478 0.7226530517 0.4681422288
-75.4066343954 0.0609674333 0.7226505257 0.4681216366
-75.4065496677 0.0609677136 0.7226480451 0.4681009696
-75.4064665336 0.0609679886 0.7226456108 0.4680802410
-75.4063850284 0.0609682582 0.7226432239 0.4680594658
-75.4063051877 0.0609685224 0.7226408854 0.4680386617
-75.4062270474 0.0609687809 0.7226385965 0.4680178481
-75.4061506435 0.0609690336 0.7226363582 0.4679970457
-75.4060760121 0.0609692806 0.7226341715 0.4679762777
-75.4060031897 0.0609695215 0.7226320376 0.4679555704
-75.4059322128 0.0609697563 0.7226299576 0.4679349522
-75.4058631178 0.0609699849 0.7226279324 0.4679144534
-75.4057959414 0.0609702071 0.7226259633 0.4678941069
-75.4057307203 0.0609704229 0.7226240513 0.4678739488
-75.4056674909 0.0609706321 0.7226221974 0.4678540179
-75.4056062896 0.0609708346 0.7226204029 0.4678343546
-75.4055471525 0.0609710302 0.7226186687 0.4678150010
-75.4054901155 0.0609712190 0.7226169959 0.4677960020
-75.4054352140 0.0609714006 0.7226153856 0.4677774046
-75.4053824828 0.0609715751 0.7226138388 0.4677592565
-75.4053319561 0.0609717422 0.7226123565 0.4677416054
-75.4052836672 0.0609719020 0.7226109398 0.4677244992
-75.4052376486 0.0609720543 0.7226095896 0.4677079859
-75.4051939316 0.0609721989 0.7226083068 0.4676921126
-75.4051525464 0.0609723358 0.7226070923 0.4676769249
-75.4051135218 0.0609724649 0.7226059471 0.4676624657
-75.4050768853 0.0609725862 0.7226048718 0.4676487749
-75.4050426624 0.0609726994 0.7226038674 0.4676358893
-75.4050108774 0.0609728046 0.7226029344 0.4676238428
-75.4049815527 0.0609729016 0.7226020736 0.4676126659
-75.4049547091 0.0609729904 0.7226012857 0.4676023855
-75.4049303655 0.0609730709 0.7226005710 0.4675930253
-75.4049085390 0.0609731432 0.7225999303 0.4675846053
-75.4048892447 0.0609732070 0.7225993638 0.4675771422
-75.4048724961 0.0609732624 0.7225988721 0.4675706499
-75.4048583048 0.0609733094 0.7225984555 0.4675651396
-75.4048466804 0.0609733478 0.7225981142 0.4675606202
-75.4048376311 0.0609733778 0.7225978485 0.4675570984
-75.4048311628 0.0609733992 0.7225976586 0.4675545794
-75.4048272801 0.0609734120 0.7225975446 0.4675530667
-75.4048259856 0.0609734163 0.7225975066 0.4675525622
-75.4190204608 0.0609264748 0.7230101470 0.4699687985
-75.4189193093 0.0609268092 0.7230072498 0.4699444838
-75.4188282436 0.0609271102 0.7230046401 0.4699232407
-75.4187377520 0.0609274092 0.7230020453 0.4699027448
-75.4186462330 0.0609277117 0.7229994197 0.4698826249
-75.4185534400 0.0609280185 0.7229967562 0.4698628287
-75.4184593579 0.0609283294 0.7229940543 0.4698433510
-75.4183640104 0.0609286446 0.7229913149 0.4698241889
-75.4182674269 0.0609289638 0.7229885387 0.4698053365
-75.4181696371 0.0609292871 0.7229857267 0.4697867845
-75.4180706703 0.0609296142 0.7229828797 0.4697685204
-75.4179705550 0.0609299451 0.7229799985 0.4697505300
-75.4178693194 0.0609302798 0.7229770840 0.4697327985
-75.4177669911 0.0609306180 0.7229741370 0.4697153102
-75.4176635973 0.0609309598 0.7229711583 0.4696980488
-75.4175591649 0.0609313050 0.7229681487 0.4696809985
-75.4174537206 0.0609316536 0.7229651090 0.4696641442
-75.4173472908 0.0609320054 0.7229620399 0.4696474713
-75.4172399015 0.0609323604 0.7229589422 0.4696309656
-75.4171315790 0.0609327185 0.7229558167 0.4696146141
-75.4170223490 0.0609330796 0.7229526641 0.4695984051
-75.4169122374 0.0609334436 0.7229494853 0.4695823275
-75.4168012698 0.0609338105 0.7229462808 0.4695663708
-75.4166894719 0.0609341801 0.7229430516 0.4695505262
-75.4165768692 0.0609345523 0.7229397983 0.4695347856
-75.4164634871 0.0609349272 0.7229365217 0.4695191414
-75.4163493509 0.0609353045 0.7229332226 0.4695035864
-75.4162344861 0.0609356842 0.7229299016 0.4694881149
-75.4161189179 0.0609360663 0.7229265596 0.4694727214
-75.4160026714 0.0609364506 0.7229231972 0.4694574005
-75.4158857716 0.0609368371 0.7229198151 0.4694421472
-75.4157682438 0.0609372257 0.7229164143 0.4694269575
-75.4156501128 0.0609376163 0.7229129952 0.4694118271
-75.4155314036 0.0609380087 0.7229095587 0.4693967515
-75.4154121409 0.0609384031 0.7229061056 0.4693817271
-75.4152923495 0.0609387991 0.7229026365 0.4693667504
-75.4151720543 0.0609391968 0.7228991521 0.4693518174
-75.4150512797 0.0609395962 0.7228956532 0.4693369241
-75.4149300505 0.0609399970 0.7228921405 0.4693220673
-75.4148083912 0.0609403993 0.7228886147 0.4693072436
-75.4146863263 0.0609408028 0.7228850765 0.4692924490
-75.4145638802 0.0609412077 0.7228815267 0.4692776797
-75.4144410775 0.0609416138 0.7228779660 0.4692629328
-75.4143179425 0.0609420209 0.7228743950 0.4692482045
-75.4141944995 0.0609424291 0.7228708144 0.4692334907
-75.4140707730 0.0609428382 0.7228672251 0.4692187881
-75.4139467874 0.0609432482 0.7228636277 0.4692040935
-75.4138225669 0.0609436589 0.7228600229 0.4691894028
-75.4136981358 0.0609440703 0.7228564114 0.4691747122
-75.4135735186 0.0609444824 0.7228527939 0.4691600185
-75.4134487396 0.0609448950 0.7228491712 0.4691453181
-75.4133238230 0.0609453081 0.7228455440 0.4691306068
-75.4131987934 0.0609457215 0.7228419129 0.4691158812
-75.4130736751 0.0609461353 0.7228382787 0.4691011379
-75.4129484926 0.0609465492 0.7228346420 0.4690863730
-75.4128232702 0.0609469633 0.7228310037 0.4690715826
-75.4126980326 0.0609473775 0.7228273644 0.4690567631
-75.4125728044 0.0609477916 0.7228237249 0.4690419114
-75.4124476100 0.0609482056 0.7228200858 0.4690270231
-75.4123224741 0.0609486194 0.7228164479 0.4690120944
-75.4121974216 0.0609490330 0.7228128119 0.4689971223
-75.4120724772 0.0609494461 0.7228091785 0.4689821029
-75.4119476659 0.0609498589 0.7228055485 0.4689670319
-75.4118230124 0.0609502711 0.7228019225 0.4689519061
-75.4116985420 0.0609506828 0.7227983014 0.4689367221
-75.4115742798 0.0609510937 0.7227946858 0.4689214758
-75.4114502510 0.0609515039 0.7227910765 0.4689061632
-75.4113264809 0.0609519132 0.7227874743 0.4688907813
-75.4112029950 0.0609523216 0.7227838798 0.4688753265
-75.4110798189 0.0609527290 0.7227802938 0.4688597945
-75.4109569783 0.0609531353 0.7227767171 0.4688441819
-75.4108344990 0.0609535403 0.7227731504 0.4688284857
-75.4107124069 0.0609539441 0.7227695945 0.4688127018
-75.4105907282 0.0609543466 0.7227660502 0.4687968264
-75.4104694890 0.0609547475 0.7227625182 0.4687808564
-75.4103487159 0.0609551470 0.7227589992 0.4687647885
-75.4102284352 0.0609555448 0.7227554942 0.4687486188
-75.4101086737 0.0609559409 0.7227520038 0.4687323439
-75.4099894583 0.0609563352 0.7227485288 0.4687159609
-75.4098708161 0.0609567276 0.7227450701 0.4686994665
-75.4097527741 0.0609571180 0.7227416284 0.4686828567
-75.4096353599 0.0609575064 0.7227382045 0.4686661290
-75.4095186011 0.0609578926 0.7227347993 0.4686492805
-75.4094025254 0.0609582765 0.7227314136 0.4686323078
-75.4092871607 0.0609586581 0.7227280481 0.4686152078
-75.4091725354 0.0609590372 0.7227247037 0.4685979783
-75.4090586778 0.0609594138 0.7227213813 0.4685806167
-75.4089456165 0.0609597878 0.7227180817 0.4685631197
-75.4088333803 0.0609601591 0.7227148057 0.4685454854
-75.4087219984 0.0609605275 0.7227115542 0.4685277121
-75.4086114999 0.0609608930 0.7227083281 0.4685097972
-75.4085019145 0.0609612555 0.7227051282 0.4684917387
-75.4083932719 0.0609616148 0.7227019553 0.4684735356
-75.4082856021 0.0609619710 0.7226988105 0.4684551867
-75.4081789353 0.0609623238 0.7226956945 0.4684366903
-75.4080733021 0.0609626733 0.7226926084 0.4684180459
-75.4079687333 0.0609630192 0.7226895529 0.4683992537
-75.4078652598 0.0609633614 0.7226865290 0.4683803135
-75.4077629130 0.0609637000 0.7226835376 0.4683612251
-75.4076617244 0.0609640347 0.7226805797 0.4683419900
-75.4075617260 0.0609643655 0.7226776561 0.4683226101
-75.4074629497 0.0609646923 0.7226747680 0.4683030867
-75.4073654279 0.0609650149 0.7226719161 0.4682834224
-75.4072691933 0.0609653332 0.7226691015 0.4682636212
-75.4071742790 0.0609656472 0.7226663251 0.4682436872
-75.4070807179 0.0609659567 0.7226635880 0.4682236247
-75.4069885438 0.0609662617 0.7226608911 0.4682034399
-75.4068977903 0.0609665619 0.7226582354 0.4681831403
-75.4068084915 0.0609668573 0.7226556219 0.4681627337
-75.4067206816 0.0609671478 0.7226530517 0.4681422288
-75.4066343954 0.0609674333 0.7226505257 0.4681216366
-75.4065496677 0.0609677136 0.7226480451 0.4681009696
-75.4064665336 0.0609679886 0.7226456108 0.4680802410
-75.4063850283 0.0609682582 0.7226432239 0.4680594658
-75.4063051876 0.0609685224 0.7226408854 0.4680386617
-75.4062270474 0.0609687809 0.7226385965 0.4680178481
-75.4061506435 0.0609690336 0.7226363582 0.4679970457
-75.4060760121 0.0609692806 0.7226341715 0.4679762777
-75.4060031897 0.0609695215 0.7226320376 0.4679555704
-75.4059322127 0.0609697563 0.7226299576 0.4679349522
-75.4058631178 0.0609699849 0.7226279324 0.4679144534
-75.4057959414 0.0609702071 0.7226259633 0.4678941069
-75.4057307202 0.0609704229 0.7226240513 0.4678739488
-75.4056674908 0.0609706321 0.7226221974 0.4678540179
-75.4056062896 0.0609708346 0.7226204029 0.4678343546
-75.4055471525 0.0609710302 0.7226186686 0.4678150010
-75.4054901155 0.0609712190 0.7226169959 0.4677960020
-75.4054352139 0.0609714006 0.7226153856 0.4677774046
-75.4053824828 0.0609715751 0.7226138388 0.4677592565
-75.4053319561 0.0609717422 0.7226123565 0.4677416054
-75.4052836672 0.0609719020 0.7226109398 0.4677244992
-75.4052376485 0.0609720543 0.7226095896 0.4677079859
-75.4051939315 0.0609721989 0.7226083068 0.4676921126
-75.4051525464 0.0609723358 0.7226070923 0.4676769249
-75.4051135218 0.0609724649 0.7226059471 0.4676624657
-75.4050768852 0.0609725862 0.7226048718 0.4676487749
-75.4050426623 0.0609726994 0.7226038674 0.4676358893
-75.4050108773 0.0609728046 0.7226029344 0.4676238428
-75.4049815527 0.0609729016 0.7226020736 0.4676126659
-75.4049547091 0.0609729904 0.7226012857 0.4676023855
-75.4049303655 0.0609730709 0.7226005710 0.4675930253
-75.4049085389 0.0609731432 0.7225999303 0.4675846053
-75.4048892447 0.0609732070 0.7225993638 0.4675771422
-75.4048724961 0.0609732624 0.7225988721 0.4675706499
-75.4048583047 0.0609733094 0.7225984555 0.4675651396
-75.4048466804 0.0609733478 0.7225981142 0.4675606202
-75.4048376310 0.0609733778 0.7225978485 0.4675570984
-75.4048311628 0.0609733992 0.7225976586 0.4675545794
-75.4048272801 0.0609734120 0.7225975446 0.4675530667
-75.4048259855 0.0609734163 0.7225975066 0.4675525622
