-3.6231098815 0.9260104500 0.0022908093 0.5202465331
-3.6231092332 0.9260104559 0.0022908092 0.5202461567
-3.6231072891 0.9260104736 0.0022908090 0.5202450275
-3.6231040514 0.9260105032 0.0022908086 0.5202431454
-3.6230995238 0.9260105445 0.0022908081 0.5202405102
-3.6230937116 0.9260105975 0.0022908074 0.5202371217
-3.6229739357 0.9260116908 0.0022907932 0.5200238219
-3.6229664389 0.9260117592 0.0022907923 0.5200197212
-3.6229585403 0.9260118313 0.0022907914 0.5200156607
-3.6229502479 0.9260119070 0.0022907904 0.5200116403
-3.6229415696 0.9260119862 0.0022907894 0.5200076595
-3.6229325130 0.9260120689 0.0022907883 0.5200037180
-3.6229230856 0.9260121549 0.0022907872 0.5199998155
-3.6229132949 0.9260122443 0.0022907860 0.5199959516
-3.6229031483 0.9260123369 0.0022907848 0.5199921258
-3.6228926529 0.9260124326 0.0022907836 0.5199883380
-3.6228818159 0.9260125315 0.0022907823 0.5199845877
-3.6228706444 0.9260126335 0.0022907810 0.5199808745
-3.6228591453 0.9260127385 0.0022907796 0.5199771982
-3.6228473256 0.9260128463 0.0022907782 0.5199735583
-3.6228351919 0.9260129571 0.0022907768 0.5199699547
-3.6228227510 0.9260130706 0.0022907753 0.5199663868
-3.6228100094 0.9260131869 0.0022907738 0.5199628544
-3.6227969736 0.9260133058 0.0022907723 0.5199593572
-3.6227836501 0.9260134274 0.0022907707 0.5199558949
-3.6227700452 0.9260135516 0.0022907691 0.5199524671
-3.6227561650 0.9260136783 0.0022907674 0.5199490734
-3.6227420159 0.9260138074 0.0022907657 0.5199457137
-3.6227276037 0.9260139389 0.0022907640 0.5199423875
-3.6227129346 0.9260140728 0.0022907623 0.5199390947
-3.6226980143 0.9260142090 0.0022907605 0.5199358347
-3.6226828488 0.9260143474 0.0022907587 0.5199326075
-3.6226674437 0.9260144879 0.0022907569 0.5199294126
-3.6226518047 0.9260146307 0.0022907551 0.5199262498
-3.6226359375 0.9260147755 0.0022907532 0.5199231188
-3.6226198474 0.9260149223 0.0022907513 0.5199200192
-3.6226035399 0.9260150711 0.0022907494 0.5199169508
-3.6225870203 0.9260152219 0.0022907474 0.5199139134
-3.6225702940 0.9260153745 0.0022907454 0.5199109066
-3.6225533661 0.9260155290 0.0022907434 0.5199079301
-3.6225362417 0.9260156853 0.0022907414 0.5199049837
-3.6225189260 0.9260158433 0.0022907393 0.5199020671
-3.6225014237 0.9260160030 0.0022907373 0.5198991800
-3.6224837400 0.9260161644 0.0022907352 0.5198963222
-3.6224658796 0.9260163274 0.0022907331 0.5198934934
-3.6224478472 0.9260164919 0.0022907309 0.5198906933
-3.6224296476 0.9260166580 0.0022907288 0.5198879217
-3.6224112854 0.9260168256 0.0022907266 0.5198851782
-3.6223927651 0.9260169946 0.0022907244 0.5198824627
-3.6223740913 0.9260171650 0.0022907222 0.5198797749
-3.6223552684 0.9260173367 0.0022907200 0.5198771146
-3.6223363007 0.9260175098 0.0022907177 0.5198744814
-3.6223171926 0.9260176842 0.0022907155 0.5198718752
-3.6222979483 0.9260178598 0.0022907132 0.5198692956
-3.6222785719 0.9260180366 0.0022907109 0.5198667425
-3.6222590676 0.9260182146 0.0022907086 0.5198642157
-3.6222394395 0.9260183937 0.0022907063 0.5198617148
-3.6222196915 0.9260185739 0.0022907039 0.5198592396
-3.6221998275 0.9260187551 0.0022907016 0.5198567900
-3.6221798515 0.9260189374 0.0022906992 0.5198543656
-3.6221597672 0.9260191207 0.0022906968 0.5198519663
-3.6221395785 0.9260193049 0.0022906945 0.5198495918
-3.6221192889 0.9260194901 0.0022906920 0.5198472419
-3.6220989022 0.9260196761 0.0022906896 0.5198449163
-3.6220784219 0.9260198630 0.0022906872 0.5198426149
-3.6220578517 0.9260200507 0.0022906848 0.5198403375
-3.6220371949 0.9260202391 0.0022906823 0.5198380837
-3.6220164549 0.9260204284 0.0022906799 0.5198358535
-3.6219956353 0.9260206184 0.0022906774 0.5198336465
-3.6219747392 0.9260208090 0.0022906749 0.5198314626
-3.6219537699 0.9260210004 0.0022906725 0.5198293015
-3.6219327308 0.9260211923 0.0022906700 0.5198271631
-3.6219116249 0.9260213849 0.0022906675 0.5198250472
-3.6218904553 0.9260215781 0.0022906650 0.5198229535
-3.6218692252 0.9260217718 0.0022906625 0.5198208819
-3.6218479376 0.9260219660 0.0022906599 0.5198188321
-3.6218265953 0.9260221608 0.0022906574 0.5198168039
-3.6218052014 0.9260223560 0.0022906549 0.5198147972
-3.6217837588 0.9260225516 0.0022906524 0.5198128118
-3.6217622702 0.9260227477 0.0022906498 0.5198108474
-3.6217407384 0.9260229441 0.0022906473 0.5198089039
-3.6217191662 0.9260231410 0.0022906447 0.5198069811
-3.6216975563 0.9260233381 0.0022906422 0.5198050787
-3.6216759114 0.9260235356 0.0022906396 0.5198031967
-3.6216542340 0.9260237334 0.0022906370 0.5198013348
-3.6216325267 0.9260239315 0.0022906345 0.5197994929
-3.6216107920 0.9260241298 0.0022906319 0.5197976707
-3.6215890324 0.9260243283 0.0022906293 0.5197958681
-3.6215672504 0.9260245270 0.0022906268 0.5197940849
-3.6215454483 0.9260247259 0.0022906242 0.5197923210
-3.6215236285 0.9260249250 0.0022906216 0.5197905761
-3.6215017934 0.9260251242 0.0022906190 0.5197888501
-3.6214799451 0.9260253236 0.0022906164 0.5197871428
-3.6214580860 0.9260255230 0.0022906138 0.5197854540
-3.6214362182 0.9260257225 0.0022906113 0.5197837837
-3.6214143438 0.9260259221 0.0022906087 0.5197821315
-3.6213924651 0.9260261217 0.0022906061 0.5197804974
-3.6213705841 0.9260263213 0.0022906035 0.5197788811
-3.6213487029 0.9260265210 0.0022906009 0.5197772826
-3.6213268234 0.9260267206 0.0022905983 0.5197757016
-3.6213049476 0.9260269202 0.0022905957 0.5197741380
-3.6212830775 0.9260271197 0.0022905931 0.5197725917
-3.6212612150 0.9260273191 0.0022905906 0.5197710624
-3.6212393619 0.9260275185 0.0022905880 0.5197695501
-3.6212175202 0.9260277178 0.0022905854 0.5197680545
-3.6211956915 0.9260279169 0.0022905828 0.5197665756
-3.6211738777 0.9260281159 0.0022905802 0.5197651131
-3.6211520805 0.9260283148 0.0022905777 0.5197636670
-3.6211303015 0.9260285135 0.0022905751 0.5197622370
-3.6211085426 0.9260287120 0.0022905725 0.5197608230
-3.6210868052 0.9260289103 0.0022905699 0.5197594249
-3.6210650911 0.9260291084 0.0022905674 0.5197580426
-3.6210434018 0.9260293062 0.0022905648 0.5197566758
-3.6210217388 0.9260295039 0.0022905623 0.5197553245
-3.6210001037 0.9260297012 0.0022905597 0.5197539885
-3.6209784979 0.9260298983 0.0022905571 0.5197526676
-3.6209569230 0.9260300952 0.0022905546 0.5197513618
-3.6209353802 0.9260302917 0.0022905520 0.5197500709
-3.6209138711 0.9260304879 0.0022905495 0.5197487947
-3.6208923970 0.9260306838 0.0022905470 0.5197475331
-3.6208709592 0.9260308794 0.0022905444 0.5197462860
-3.6208495591 0.9260310746 0.0022905419 0.5197450533
-3.6208281980 0.9260312694 0.0022905394 0.5197438348
-3.6208068770 0.9260314639 0.0022905369 0.5197426303
-3.6207855975 0.9260316581 0.0022905343 0.5197414399
-3.6207643606 0.9260318518 0.0022905318 0.5197402632
-3.6207431676 0.9260320451 0.0022905293 0.5197391003
-3.6207220195 0.9260322380 0.0022905268 0.5197379510
-3.6207009175 0.9260324305 0.0022905243 0.5197368151
-3.6206798628 0.9260326226 0.0022905218 0.5197356925
-3.6206588564 0.9260328142 0.0022905194 0.5197345831
-3.6206378993 0.9260330054 0.0022905169 0.5197334868
-3.6206169926 0.9260331961 0.0022905144 0.5197324035
-3.6205961373 0.9260333863 0.0022905120 0.5197313330
-3.6205753343 0.9260335761 0.0022905095 0.5197302753
-3.6205545848 0.9260337653 0.0022905070 0.5197292301
-3.6205338894 0.9260339541 0.0022905046 0.5197281974
-3.6205132493 0.9260341424 0.0022905022 0.5197271771
-3.6204926653 0.9260343301 0.0022904997 0.5197261691
-3.6204721382 0.9260345174 0.0022904973 0.5197251732
-3.6204516690 0.9260347041 0.0022904949 0.5197241893
-3.6204312583 0.9260348903 0.0022904925 0.5197232174
-3.6204109071 0.9260350759 0.0022904901 0.5197222573
-3.6203906162 0.9260352610 0.0022904877 0.5197213088
-3.6203703862 0.9260354455 0.0022904853 0.5197203720
-3.6203502180 0.9260356294 0.0022904829 0.5197194466
-3.6203301122 0.9260358128 0.0022904805 0.5197185326
-3.6203100696 0.9260359956 0.0022904782 0.5197176298
-3.6202900909 0.9260361779 0.0022904758 0.5197167383
-3.6202701767 0.9260363595 0.0022904735 0.5197158577
-3.6202503276 0.9260365406 0.0022904711 0.5197149882
-3.6202305444 0.9260367210 0.0022904688 0.5197141294
-3.6202108275 0.9260369008 0.0022904664 0.5197132814
-3.6201911777 0.9260370800 0.0022904641 0.5197124441
-3.6201715954 0.9260372586 0.0022904618 0.5197116173
-3.6201520812 0.9260374366 0.0022904595 0.5197108009
-3.6201326357 0.9260376140 0.0022904572 0.5197099949
-3.6201132594 0.9260377907 0.0022904549 0.5197091991
-3.6200939528 0.9260379668 0.0022904526 0.5197084135
-3.6200747163 0.9260381422 0.0022904504 0.5197076379
-3.6200555505 0.9260383170 0.0022904481 0.5197068723
-3.6200364557 0.9260384912 0.0022904459 0.5197061166
-3.6200174325 0.9260386647 0.0022904436 0.5197053706
-3.6199984813 0.9260388375 0.0022904414 0.5197046342
-3.6199796024 0.9260390097 0.0022904391 0.5197039075
-3.6199607962 0.9260391812 0.0022904369 0.5197031902
-3.6199420632 0.9260393521 0.0022904347 0.5197024823
-3.6199234036 0.9260395222 0.0022904325 0.5197017838
-3.6199048178 0.9260396917 0.0022904303 0.5197010944
-3.6198863062 0.9260398606 0.0022904281 0.5197004142
-3.6198678691 0.9260400287 0.0022904260 0.5196997430
-3.6198495067 0.9260401962 0.0022904238 0.5196990808
-3.6198312194 0.9260403629 0.0022904216 0.5196984274
-3.6198130073 0.9260405290 0.0022904195 0.5196977828
-3.6197948709 0.9260406944 0.0022904173 0.5196971468
-3.6197768103 0.9260408591 0.0022904152 0.5196965195
-3.6197588257 0.9260410231 0.0022904131 0.5196959007
-3.6197409174 0.9260411865 0.0022904110 0.5196952903
-3.6197230856 0.9260413491 0.0022904089 0.5196946883
-3.6197053304 0.9260415110 0.0022904068 0.5196940946
-3.6196876521 0.9260416722 0.0022904047 0.5196935090
-3.6196700507 0.9260418327 0.0022904026 0.5196929316
-3.6196525266 0.9260419925 0.0022904005 0.5196923622
-3.6196350797 0.9260421516 0.0022903985 0.5196918007
-3.6196177103 0.9260423100 0.0022903964 0.5196912471
-3.6196004184 0.9260424677 0.0022903944 0.5196907012
-3.6195832042 0.9260426247 0.0022903924 0.5196901631
-3.6195660678 0.9260427809 0.0022903903 0.5196896326
-3.6195490091 0.9260429365 0.0022903883 0.5196891097
-3.6195320284 0.9260430913 0.0022903863 0.5196885942
-3.6195151257 0.9260432454 0.0022903843 0.5196880862
-3.6194983010 0.9260433989 0.0022903823 0.5196875854
-3.6194815543 0.9260435516 0.0022903804 0.5196870920
-3.6194648857 0.9260437036 0.0022903784 0.5196866057
-3.6194482953 0.9260438548 0.0022903764 0.5196861265
-3.6194317829 0.9260440054 0.0022903745 0.5196856543
-3.6194153487 0.9260441553 0.0022903726 0.5196851891
-3.6193989926 0.9260443044 0.0022903706 0.5196847308
-3.6193827146 0.9260444528 0.0022903687 0.5196842793
-3.6193665146 0.9260446005 0.0022903668 0.5196838346
-3.6193503927 0.9260447475 0.0022903649 0.5196833965
-3.6193343487 0.9260448938 0.0022903630 0.5196829650
-3.6193183826 0.9260450394 0.0022903611 0.5196825401
-3.6193024943 0.9260451843 0.0022903593 0.5196821216
-3.6192866839 0.9260453284 0.0022903574 0.5196817095
-3.6192709511 0.9260454719 0.0022903555 0.5196813038
-3.6192552958 0.9260456146 0.0022903537 0.5196809043
-3.6192397181 0.9260457566 0.0022903519 0.5196805110
-3.6192242178 0.9260458980 0.0022903500 0.5196801239
-3.6192087947 0.9260460386 0.0022903482 0.5196797428
-3.6191934487 0.9260461785 0.0022903464 0.5196793677
-3.6191781797 0.9260463177 0.0022903446 0.5196789985
-3.6191629875 0.9260464562 0.0022903428 0.5196786352
-3.6191478721 0.9260465940 0.0022903410 0.5196782778
-3.6191328332 0.9260467311 0.0022903393 0.5196779260
-3.6191178707 0.9260468675 0.0022903375 0.5196775800
-3.6191029844 0.9260470033 0.0022903357 0.5196772395
-3.6190881740 0.9260471383 0.0022903340 0.5196769046
-3.6190734396 0.9260472726 0.0022903323 0.5196765752
-3.6190587807 0.9260474063 0.0022903305 0.5196762513
-3.6190441973 0.9260475392 0.0022903288 0.5196759327
-3.6190296892 0.9260476715 0.0022903271 0.5196756194
-3.6190152560 0.9260478031 0.0022903254 0.5196753114
-3.6190008977 0.9260479340 0.0022903237 0.5196750085
-3.6189866139 0.9260480642 0.0022903220 0.5196747108
-3.6189724044 0.9260481937 0.0022903204 0.5196744182
-3.6189582690 0.9260483226 0.0022903187 0.5196741306
-3.6189442075 0.9260484508 0.0022903170 0.5196738479
-3.6189302196 0.9260485783 0.0022903154 0.5196735702
-3.6189163050 0.9260487051 0.0022903137 0.5196732972
-3.6189024634 0.9260488313 0.0022903121 0.5196730291
-3.6188886947 0.9260489568 0.0022903105 0.5196727657
-3.6188749985 0.9260490817 0.0022903089 0.5196725069
-3.6188613745 0.9260492059 0.0022903073 0.5196722528
-3.6188478225 0.9260493294 0.0022903057 0.5196720033
-3.6188343422 0.9260494523 0.0022903041 0.5196717582
-3.6188209332 0.9260495745 0.0022903025 0.5196715176
-3.6188075953 0.9260496961 0.0022903009 0.5196712814
-3.6187943281 0.9260498170 0.0022902994 0.5196710496
-3.6187811314 0.9260499373 0.0022902978 0.5196708220
-3.6187680048 0.9260500570 0.0022902963 0.5196705987
-3.6187549480 0.9260501760 0.0022902947 0.5196703795
-3.6187419607 0.9260502944 0.0022902932 0.5196701645
-3.6187290426 0.9260504121 0.0022902917 0.5196699536
-3.6187161932 0.9260505292 0.0022902902 0.5196697467
-3.6187034124 0.9260506457 0.0022902887 0.5196695438
-3.6186906996 0.9260507616 0.0022902872 0.5196693448
-3.6186780547 0.9260508769 0.0022902857 0.5196691497
-3.6186654772 0.9260509915 0.0022902842 0.5196689584
-3.6186529667 0.9260511055 0.0022902827 0.5196687709
-3.6186405230 0.9260512190 0.0022902813 0.5196685871
-3.6186281456 0.9260513318 0.0022902798 0.5196684069
-3.6186158342 0.9260514440 0.0022902784 0.5196682305
-3.6186035884 0.9260515556 0.0022902769 0.5196680575
-3.6185914078 0.9260516666 0.0022902755 0.5196678882
-3.6185792921 0.9260517770 0.0022902741 0.5196677223
-3.6185672409 0.9260518869 0.0022902727 0.5196675598
-3.6185552537 0.9260519961 0.0022902713 0.5196674007
-3.6185433302 0.9260521048 0.0022902698 0.5196672450
-3.6185314701 0.9260522129 0.0022902685 0.5196670925
-3.6185196728 0.9260523204 0.0022902671 0.5196669433
-3.6185079381 0.9260524274 0.0022902657 0.5196667973
-3.6184962655 0.9260525337 0.0022902643 0.5196666544
-3.6184846545 0.9260526396 0.0022902629 0.5196665147
-3.6184731049 0.9260527448 0.0022902616 0.5196663780
-3.6184616161 0.9260528495 0.0022902602 0.5196662443
-3.6184501878 0.9260529537 0.0022902589 0.5196661136
-3.6184388196 0.9260530573 0.0022902576 0.5196659858
-3.6184275110 0.9260531603 0.0022902562 0.5196658609
-3.6184162616 0.9260532628 0.0022902549 0.5196657388
-3.6184050710 0.9260533648 0.0022902536 0.5196656195
-3.6183939388 0.9260534663 0.0022902523 0.5196655030
-3.6183828645 0.9260535672 0.0022902510 0.5196653891
-3.6183718477 0.9260536676 0.0022902497 0.5196652780
-3.6183608880 0.9260537675 0.0022902484 0.5196651694
-3.6183499849 0.9260538668 0.0022902471 0.5196650634
-3.6183391381 0.9260539657 0.0022902458 0.5196649599
-3.6183283470 0.9260540640 0.0022902446 0.5196648590
-3.6183176112 0.9260541618 0.0022902433 0.5196647604
-3.6183069303 0.9260542592 0.0022902421 0.5196646643
-3.6182963038 0.9260543560 0.0022902408 0.5196645706
-3.6182857313 0.9260544523 0.0022902396 0.5196644791
-3.6182752124 0.9260545482 0.0022902383 0.5196643900
-3.6182647465 0.9260546436 0.0022902371 0.5196643030
-3.6182543333 0.9260547384 0.0022902359 0.5196642183
-3.6182439723 0.9260548329 0.0022902347 0.5196641358
-3.6182336630 0.9260549268 0.0022902334 0.5196640553
-3.6182234049 0.9260550203 0.0022902322 0.5196639769
-3.6182131977 0.9260551133 0.0022902310 0.5196639006
-3.6182030409 0.9260552058 0.0022902299 0.5196638262
-3.6181929340 0.9260552979 0.0022902287 0.5196637538
-3.6181828765 0.9260553895 0.0022902275 0.5196636833
-3.6181728680 0.9260554807 0.0022902263 0.5196636147
-3.6181629080 0.9260555715 0.0022902251 0.5196635480
-3.6181529960 0.9260556618 0.0022902240 0.5196634830
-3.6181431316 0.9260557517 0.0022902228 0.5196634198
-3.6181333142 0.9260558411 0.0022902217 0.5196633583
-3.6181235424 0.9260559302 0.0022902205 0.5196632985
-3.6181138112 0.9260560188 0.0022902194 0.5196632403
-3.6181040927 0.9260561074 0.0022902182 0.5196631836
-3.6180942275 0.9260561972 0.0022902171 0.5196631276
-3.6180887436 0.9260562472 0.0022902164 0.5196630977
-3.6180838851 0.9260562915 0.0022902159 0.5196630722
-3.6180791704 0.9260563344 0.0022902153 0.5196630487
-3.6180745169 0.9260563768 0.0022902148 0.5196630268
-3.6180699100 0.9260564188 0.0022902142 0.5196630063
-3.6180653472 0.9260564604 0.0022902137 0.5196629872
-3.6180608278 0.9260565015 0.0022902132 0.5196629695
-3.6180563515 0.9260565423 0.0022902126 0.5196629532
-3.6180519180 0.9260565827 0.0022902121 0.5196629383
-3.6180475270 0.9260566227 0.0022902116 0.5196629247
-3.6180431784 0.9260566623 0.0022902111 0.5196629124
-3.6180388720 0.9260567016 0.0022902106 0.5196629015
-3.6180346073 0.9260567404 0.0022902101 0.5196628919
-3.6180303844 0.9260567789 0.0022902096 0.5196628835
-3.6180262028 0.9260568170 0.0022902091 0.5196628764
-3.6180220623 0.9260568547 0.0022902086 0.5196628705
-3.6180179628 0.9260568920 0.0022902081 0.5196628659
-3.6180139039 0.9260569290 0.0022902077 0.5196628624
-3.6180098854 0.9260569656 0.0022902072 0.5196628602
-3.6180059071 0.9260570018 0.0022902067 0.5196628592
-3.6180019688 0.9260570377 0.0022902063 0.5196628593
-3.6179980702 0.9260570732 0.0022902058 0.5196628605
-3.6179942110 0.9260571084 0.0022902053 0.5196628629
-3.6179903910 0.9260571431 0.0022902049 0.5196628664
-3.6179866101 0.9260571776 0.0022902045 0.5196628710
-3.6179828678 0.9260572117 0.0022902040 0.5196628767
-3.6179791641 0.9260572454 0.0022902036 0.5196628835
-3.6179754986 0.9260572788 0.0022902032 0.5196628913
-3.6179718711 0.9260573118 0.0022902027 0.5196629001
-3.6179682814 0.9260573445 0.0022902023 0.5196629100
-3.6179647292 0.9260573769 0.0022902019 0.5196629209
-3.6179612143 0.9260574089 0.0022902015 0.5196629327
-3.6179577364 0.9260574405 0.0022902011 0.5196629456
-3.6179542954 0.9260574719 0.0022902007 0.5196629594
-3.6179508909 0.9260575029 0.0022902003 0.5196629742
-3.6179475228 0.9260575335 0.0022901999 0.5196629899
-3.6179441907 0.9260575639 0.0022901995 0.5196630065
-3.6179408945 0.9260575939 0.0022901991 0.5196630240
-3.6179376338 0.9260576236 0.0022901987 0.5196630425
-3.6179344086 0.9260576530 0.0022901983 0.5196630618
-3.6179312184 0.9260576820 0.0022901980 0.5196630820
-3.6179280632 0.9260577107 0.0022901976 0.5196631030
-3.6179249426 0.9260577391 0.0022901972 0.5196631248
-3.6179218564 0.9260577672 0.0022901969 0.5196631475
-3.6179188043 0.9260577950 0.0022901965 0.5196631710
-3.6179157862 0.9260578225 0.0022901962 0.5196631954
-3.6179128018 0.9260578497 0.0022901958 0.5196632204
-3.6179098509 0.9260578765 0.0022901955 0.5196632463
-3.6179069331 0.9260579031 0.0022901951 0.5196632729
-3.6179040483 0.9260579294 0.0022901948 0.5196633003
-3.6179011963 0.9260579553 0.0022901945 0.5196633284
-3.6178983768 0.9260579810 0.0022901941 0.5196633573
-3.6178955896 0.9260580064 0.0022901938 0.5196633868
-3.6178928343 0.9260580314 0.0022901935 0.5196634171
-3.6178901109 0.9260580562 0.0022901932 0.5196634480
-3.6178874191 0.9260580807 0.0022901929 0.5196634796
-3.6178847586 0.9260581049 0.0022901925 0.5196635119
-3.6178821292 0.9260581289 0.0022901922 0.5196635448
-3.6178795306 0.9260581525 0.0022901919 0.5196635783
-3.6178769627 0.9260581759 0.0022901916 0.5196636125
-3.6178744252 0.9260581990 0.0022901913 0.5196636473
-3.6178719178 0.9260582218 0.0022901911 0.5196636827
-3.6178694404 0.9260582444 0.0022901908 0.5196637187
-3.6178669927 0.9260582666 0.0022901905 0.5196637553
-3.6178645744 0.9260582886 0.0022901902 0.5196637925
-3.6178621854 0.9260583104 0.0022901899 0.5196638302
-3.6178598254 0.9260583318 0.0022901896 0.5196638684
-3.6178574943 0.9260583531 0.0022901894 0.5196639072
-3.6178551916 0.9260583740 0.0022901891 0.5196639465
-3.6178529173 0.9260583947 0.0022901888 0.5196639864
-3.6178506711 0.9260584151 0.0022901886 0.5196640267
-3.6178484528 0.9260584353 0.0022901883 0.5196640675
-3.6178462622 0.9260584553 0.0022901881 0.5196641089
-3.6178440989 0.9260584749 0.0022901878 0.5196641506
-3.6178419629 0.9260584944 0.0022901876 0.5196641929
-3.6178398538 0.9260585136 0.0022901873 0.5196642356
-3.6178377716 0.9260585325 0.0022901871 0.5196642787
-3.6178357158 0.9260585512 0.0022901868 0.5196643223
-3.6178336864 0.9260585697 0.0022901866 0.5196643663
-3.6178316830 0.9260585879 0.0022901864 0.5196644107
-3.6178297055 0.9260586059 0.0022901861 0.5196644556
-3.6178277537 0.9260586236 0.0022901859 0.5196645008
-3.6178258273 0.9260586411 0.0022901857 0.5196645464
-3.6178239261 0.9260586584 0.0022901855 0.5196645923
-3.6178220499 0.9260586755 0.0022901853 0.5196646387
-3.6178201985 0.9260586923 0.0022901850 0.5196646853
-3.6178183717 0.9260587089 0.0022901848 0.5196647324
-3.6178165692 0.9260587253 0.0022901846 0.5196647797
-3.6178147908 0.9260587415 0.0022901844 0.5196648274
-3.6178130364 0.9260587575 0.0022901842 0.5196648754
-3.6178113056 0.9260587732 0.0022901840 0.5196649238
-3.6178095984 0.9260587887 0.0022901838 0.5196649724
-3.6178079144 0.9260588040 0.0022901836 0.5196650213
-3.6178062535 0.9260588191 0.0022901834 0.5196650705
-3.6178046155 0.9260588340 0.0022901832 0.5196651199
-3.6178030001 0.9260588487 0.0022901830 0.5196651697
-3.6178014071 0.9260588632 0.0022901829 0.5196652197
-3.6177998364 0.9260588775 0.0022901827 0.5196652699
-3.6177982877 0.9260588915 0.0022901825 0.5196653204
-3.6177967609 0.9260589054 0.0022901823 0.5196653711
-3.6177952556 0.9260589191 0.0022901821 0.5196654220
-3.6177937718 0.9260589326 0.0022901820 0.5196654731
-3.6177923091 0.9260589459 0.0022901818 0.5196655245
-3.6177908675 0.9260589590 0.0022901816 0.5196655760
-3.6177894467 0.9260589719 0.0022901815 0.5196656278
-3.6177880465 0.9260589846 0.0022901813 0.5196656797
-3.6177866666 0.9260589972 0.0022901812 0.5196657318
-3.6177853070 0.9260590095 0.0022901810 0.5196657840
-3.6177839674 0.9260590217 0.0022901808 0.5196658365
-3.6177826476 0.9260590337 0.0022901807 0.5196658890
-3.6177813474 0.9260590455 0.0022901805 0.5196659417
-3.6177800666 0.9260590571 0.0022901804 0.5196659946
-3.6177788050 0.9260590686 0.0022901803 0.5196660476
-3.6177775624 0.9260590799 0.0022901801 0.5196661007
-3.6177763387 0.9260590910 0.0022901800 0.5196661539
-3.6177751336 0.9260591019 0.0022901798 0.5196662072
-3.6177739469 0.9260591127 0.0022901797 0.5196662606
-3.6177727785 0.9260591233 0.0022901796 0.5196663141
-3.6177716281 0.9260591338 0.0022901794 0.5196663677
-3.6177704957 0.9260591440 0.0022901793 0.5196664214
-3.6177693809 0.9260591542 0.0022901792 0.5196664751
-3.6177682836 0.9260591641 0.0022901790 0.5196665290
-3.6177672036 0.9260591739 0.0022901789 0.5196665828
-3.6177661408 0.9260591836 0.0022901788 0.5196666367
-3.6177650949 0.9260591931 0.0022901787 0.5196666907
-3.6177640657 0.9260592024 0.0022901786 0.5196667447
-3.6177630532 0.9260592116 0.0022901784 0.5196667987
-3.6177620570 0.9260592206 0.0022901783 0.5196668528
-3.6177610770 0.9260592295 0.0022901782 0.5196669068
-3.6177601131 0.9260592383 0.0022901781 0.5196669609
-3.6177591650 0.9260592469 0.0022901780 0.5196670150
-3.6177582326 0.9260592554 0.0022901779 0.5196670691
-3.6177573157 0.9260592637 0.0022901778 0.5196671232
-3.6177564142 0.9260592719 0.0022901777 0.5196671772
-3.6177555278 0.9260592799 0.0022901776 0.5196672313
-3.6177546563 0.9260592878 0.0022901775 0.5196672853
-3.6177537997 0.9260592956 0.0022901774 0.5196673393
-3.6177529577 0.9260593032 0.0022901773 0.5196673932
-3.6177521301 0.9260593107 0.0022901772 0.5196674471
-3.6177513169 0.9260593181 0.0022901771 0.5196675010
-3.6177505177 0.9260593253 0.0022901770 0.5196675548
-3.6177497326 0.9260593325 0.0022901769 0.5196676085
-3.6177489612 0.9260593394 0.0022901768 0.5196676622
-3.6177482034 0.9260593463 0.0022901768 0.5196677157
-3.6177474590 0.9260593531 0.0022901767 0.5196677693
-3.6177467280 0.9260593597 0.0022901766 0.5196678227
-3.6177460101 0.9260593662 0.0022901765 0.5196678760
-3.6177453052 0.9260593726 0.0022901764 0.5196679293
-3.6177446130 0.9260593789 0.0022901763 0.5196679824
-3.6177439335 0.9260593850 0.0022901763 0.5196680355
-3.6177432665 0.9260593911 0.0022901762 0.5196680884
-3.6177426118 0.9260593970 0.0022901761 0.5196681412
-3.6177419693 0.9260594028 0.0022901760 0.5196681939
-3.6177413388 0.9260594085 0.0022901760 0.5196682464
-3.6177407201 0.9260594141 0.0022901759 0.5196682989
-3.6177401131 0.9260594196 0.0022901758 0.5196683512
-3.6177395177 0.9260594250 0.0022901758 0.5196684033
-3.6177389337 0.9260594303 0.0022901757 0.5196684553
-3.6177383610 0.9260594355 0.0022901756 0.5196685072
-3.6177377993 0.9260594406 0.0022901756 0.5196685589
-3.6177372486 0.9260594456 0.0022901755 0.5196686104
-3.6177367086 0.9260594504 0.0022901755 0.5196686618
-3.6177361794 0.9260594552 0.0022901754 0.5196687130
-3.6177356606 0.9260594599 0.0022901753 0.5196687640
-3.6177351522 0.9260594645 0.0022901753 0.5196688148
-3.6177346540 0.9260594690 0.0022901752 0.5196688655
-3.6177341658 0.9260594734 0.0022901752 0.5196689160
-3.6177336877 0.9260594778 0.0022901751 0.5196689662
-3.6177332192 0.9260594820 0.0022901751 0.5196690163
-3.6177327605 0.9260594861 0.0022901750 0.5196690662
-3.6177323112 0.9260594902 0.0022901750 0.5196691159
-3.6177318714 0.9260594942 0.0022901749 0.5196691653
-3.6177314407 0.9260594981 0.0022901749 0.5196692145
-3.6177310192 0.9260595019 0.0022901748 0.5196692636
-3.6177306066 0.9260595056 0.0022901748 0.5196693124
-3.6177302029 0.9260595093 0.0022901747 0.5196693609
-3.6177298079 0.9260595128 0.0022901747 0.5196694093
-3.6177294214 0.9260595163 0.0022901746 0.5196694574
-3.6177290433 0.9260595197 0.0022901746 0.5196695052
-3.6177286736 0.9260595231 0.0022901746 0.5196695528
-3.6177283121 0.9260595263 0.0022901745 0.5196696002
-3.6177279586 0.9260595295 0.0022901745 0.5196696473
-3.6177276130 0.9260595326 0.0022901744 0.5196696942
-3.6177272752 0.9260595357 0.0022901744 0.5196697408
-3.6177269451 0.9260595387 0.0022901744 0.5196697871
-3.6177266226 0.9260595416 0.0022901743 0.5196698332
-3.6177263075 0.9260595444 0.0022901743 0.5196698790
-3.6177259997 0.9260595472 0.0022901743 0.5196699245
-3.6177256990 0.9260595499 0.0022901742 0.5196699697
-3.6177254055 0.9260595526 0.0022901742 0.5196700147
-3.6177251189 0.9260595551 0.0022901742 0.5196700594
-3.6177248391 0.9260595577 0.0022901741 0.5196701038
-3.6177245661 0.9260595601 0.0022901741 0.5196701479
-3.6177242996 0.9260595625 0.0022901741 0.5196701917
-3.6177240397 0.9260595649 0.0022901741 0.5196702352
-3.6177237861 0.9260595671 0.0022901740 0.5196702784
-3.6177235388 0.9260595694 0.0022901740 0.5196703213
-3.6177232977 0.9260595715 0.0022901740 0.5196703639
-3.6177230625 0.9260595736 0.0022901739 0.5196704061
-3.6177228334 0.9260595757 0.0022901739 0.5196704481
-3.6177226100 0.9260595777 0.0022901739 0.5196704897
-3.6177223924 0.9260595797 0.0022901739 0.5196705311
-3.6177221804 0.9260595816 0.0022901739 0.5196705721
-3.6177219739 0.9260595834 0.0022901738 0.5196706127
-3.6177217729 0.9260595852 0.0022901738 0.5196706531
-3.6177215771 0.9260595870 0.0022901738 0.5196706931
-3.6177213865 0.9260595887 0.0022901738 0.5196707327
-3.6177212011 0.9260595904 0.0022901737 0.5196707721
-3.6177210206 0.9260595920 0.0022901737 0.5196708111
-3.6177208451 0.9260595936 0.0022901737 0.5196708497
-3.6177206744 0.9260595951 0.0022901737 0.5196708880
-3.6177205084 0.9260595966 0.0022901737 0.5196709260
-3.6177203470 0.9260595980 0.0022901737 0.5196709635
-3.6177201901 0.9260595994 0.0022901736 0.5196710008
-3.6177200377 0.9260596008 0.0022901736 0.5196710377
-3.6177198896 0.9260596021 0.0022901736 0.5196710742
-3.6177197458 0.9260596034 0.0022901736 0.5196711103
-3.6177196062 0.9260596047 0.0022901736 0.5196711461
-3.6177194706 0.9260596059 0.0022901736 0.5196711815
-3.6177193390 0.9260596070 0.0022901736 0.5196712166
-3.6177192114 0.9260596082 0.0022901735 0.5196712513
-3.6177190875 0.9260596093 0.0022901735 0.5196712856
-3.6177189674 0.9260596104 0.0022901735 0.5196713195
-3.6177188509 0.9260596114 0.0022901735 0.5196713530
-3.6177187380 0.9260596124 0.0022901735 0.5196713862
-3.6177186286 0.9260596134 0.0022901735 0.5196714190
-3.6177185226 0.9260596143 0.0022901735 0.5196714514
-3.6177184199 0.9260596152 0.0022901735 0.5196714834
-3.6177183205 0.9260596161 0.0022901735 0.5196715150
-3.6177182243 0.9260596170 0.0022901734 0.5196715462
-3.6177181311 0.9260596178 0.0022901734 0.5196715770
-3.6177180410 0.9260596186 0.0022901734 0.5196716074
-3.6177179539 0.9260596194 0.0022901734 0.5196716374
-3.6177178696 0.9260596201 0.0022901734 0.5196716671
-3.6177177881 0.9260596209 0.0022901734 0.5196716963
-3.6177177094 0.9260596216 0.0022901734 0.5196717251
-3.6177176333 0.9260596222 0.0022901734 0.5196717535
-3.6177175599 0.9260596229 0.0022901734 0.5196717815
-3.6177174889 0.9260596235 0.0022901734 0.5196718091
-3.6177174205 0.9260596241 0.0022901734 0.5196718362
-3.6177173545 0.9260596247 0.0022901734 0.5196718630
-3.6177172908 0.9260596253 0.0022901734 0.5196718893
-3.6177172293 0.9260596258 0.0022901733 0.5196719152
-3.6177171701 0.9260596263 0.0022901733 0.5196719407
-3.6177171131 0.9260596268 0.0022901733 0.5196719658
-3.6177170581 0.9260596273 0.0022901733 0.5196719905
-3.6177170052 0.9260596278 0.0022901733 0.5196720147
-3.6177169543 0.9260596282 0.0022901733 0.5196720385
-3.6177169053 0.9260596287 0.0022901733 0.5196720619
-3.6177168582 0.9260596291 0.0022901733 0.5196720848
-3.6177168128 0.9260596295 0.0022901733 0.5196721073
-3.6177167693 0.9260596299 0.0022901733 0.5196721294
-3.6177167275 0.9260596302 0.0022901733 0.5196721511
-3.6177166873 0.9260596306 0.0022901733 0.5196721723
-3.6177166487 0.9260596309 0.0022901733 0.5196721931
-3.6177166117 0.9260596312 0.0022901733 0.5196722134
-3.6177165762 0.9260596316 0.0022901733 0.5196722333
-3.6177165422 0.9260596318 0.0022901733 0.5196722528
-3.6177165096 0.9260596321 0.0022901733 0.5196722718
-3.6177164784 0.9260596324 0.0022901733 0.5196722904
-3.6177164485 0.9260596327 0.0022901733 0.5196723085
-3.6177164199 0.9260596329 0.0022901733 0.5196723262
-3.6177163925 0.9260596332 0.0022901733 0.5196723434
-3.6177163664 0.9260596334 0.0022901733 0.5196723602
-3.6177163414 0.9260596336 0.0022901733 0.5196723766
-3.6177163176 0.9260596338 0.0022901733 0.5196723925
-3.6177162949 0.9260596340 0.0022901733 0.5196724079
-3.6177162732 0.9260596342 0.0022901733 0.5196724229
-3.6177162526 0.9260596344 0.0022901733 0.5196724375
-3.6177162329 0.9260596345 0.0022901733 0.5196724516
-3.6177162142 0.9260596347 0.0022901733 0.5196724652
-3.6177161965 0.9260596349 0.0022901733 0.5196724784
-3.6177161796 0.9260596350 0.0022901733 0.5196724911
-3.6177161636 0.9260596351 0.0022901733 0.5196725034
-3.6177161485 0.9260596353 0.0022901733 0.5196725152
-3.6177161341 0.9260596354 0.0022901732 0.5196725266
-3.6177161206 0.9260596355 0.0022901732 0.5196725375
-3.6177161078 0.9260596356 0.0022901732 0.5196725479
-3.6177160957 0.9260596357 0.0022901732 0.5196725579
-3.6177160844 0.9260596358 0.0022901732 0.5196725674
-3.6177160737 0.9260596359 0.0022901732 0.5196725765
-3.6177160637 0.9260596360 0.0022901732 0.5196725851
-3.6177160544 0.9260596361 0.0022901732 0.5196725932
-3.6177160457 0.9260596361 0.0022901732 0.5196726009
-3.6177160376 0.9260596362 0.0022901732 0.5196726081
-3.6177160302 0.9260596363 0.0022901732 0.5196726148
-3.6177160233 0.9260596363 0.0022901732 0.5196726211
-3.6177160169 0.9260596364 0.0022901732 0.5196726270
-3.6177160112 0.9260596364 0.0022901732 0.5196726323
-3.6177160059 0.9260596365 0.0022901732 0.5196726372
-3.6177160012 0.9260596365 0.0022901732 0.5196726416
-3.6177159971 0.9260596366 0.0022901732 0.5196726456
-3.6177159934 0.9260596366 0.0022901732 0.5196726491
-3.6177159902 0.9260596366 0.0022901732 0.5196726521
-3.6177159876 0.9260596366 0.0022901732 0.5196726547
-3.6177159854 0.9260596367 0.0022901732 0.5196726568
-3.6177159837 0.9260596367 0.0022901732 0.5196726584
-3.6177159825 0.9260596367 0.0022901732 0.5196726596
-3.6177159818 0.9260596367 0.0022901732 0.5196726603
-3.6177159816 0.9260596367 0.0022901732 0.5196726605
-3.6180887436 0.9260562472 0.0022902164 0.5196630977
-3.6180838851 0.9260562915 0.0022902159 0.5196630722
-3.6180791704 0.9260563344 0.0022902153 0.5196630487
-3.6180745169 0.9260563768 0.0022902148 0.5196630268
-3.6180699100 0.9260564188 0.0022902142 0.5196630063
-3.6180653472 0.9260564604 0.0022902137 0.5196629872
-3.6180608278 0.9260565015 0.0022902132 0.5196629695
-3.6180563515 0.9260565423 0.0022902126 0.5196629532
-3.6180519180 0.9260565827 0.0022902121 0.5196629383
-3.6180475270 0.9260566227 0.0022902116 0.5196629247
-3.6180431784 0.9260566623 0.0022902111 0.5196629124
-3.6180388720 0.9260567016 0.0022902106 0.5196629015
-3.6180346073 0.9260567404 0.0022902101 0.5196628919
-3.6180303844 0.9260567789 0.0022902096 0.5196628835
-3.6180262028 0.9260568170 0.0022902091 0.5196628764
-3.6180220623 0.9260568547 0.0022902086 0.5196628705
-3.6180179628 0.9260568920 0.0022902081 0.5196628659
-3.6180139039 0.9260569290 0.0022902077 0.5196628624
-3.6180098854 0.9260569656 0.0022902072 0.5196628602
-3.6180059071 0.9260570018 0.0022902067 0.5196628592
-3.6180019688 0.9260570377 0.0022902063 0.5196628593
-3.6179980702 0.9260570732 0.0022902058 0.5196628605
-3.6179942110 0.9260571084 0.0022902053 0.5196628629
-3.6179903910 0.9260571431 0.0022902049 0.5196628664
-3.6179866101 0.9260571776 0.0022902045 0.5196628710
-3.6179828678 0.9260572117 0.0022902040 0.5196628767
-3.6179791641 0.9260572454 0.0022902036 0.5196628835
-3.6179754986 0.9260572788 0.0022902032 0.5196628913
-3.6179718711 0.9260573118 0.0022902027 0.5196629001
-3.6179682814 0.9260573445 0.0022902023 0.5196629100
-3.6179647292 0.9260573769 0.0022902019 0.5196629209
-3.6179612143 0.9260574089 0.0022902015 0.5196629327
-3.6179577365 0.9260574405 0.0022902011 0.5196629456
-3.6179542954 0.9260574719 0.0022902007 0.5196629594
-3.6179508909 0.9260575029 0.0022902003 0.5196629742
-3.6179475228 0.9260575335 0.0022901999 0.5196629899
-3.6179441907 0.9260575639 0.0022901995 0.5196630065
-3.6179408945 0.9260575939 0.0022901991 0.5196630240
-3.6179376338 0.9260576236 0.0022901987 0.5196630425
-3.6179344086 0.9260576530 0.0022901983 0.5196630618
-3.6179312184 0.9260576820 0.0022901980 0.5196630820
-3.6179280632 0.9260577107 0.0022901976 0.5196631030
-3.6179249426 0.9260577391 0.0022901972 0.5196631248
-3.6179218564 0.9260577672 0.0022901969 0.5196631475
-3.6179188043 0.9260577950 0.0022901965 0.5196631710
-3.6179157862 0.9260578225 0.0022901962 0.5196631954
-3.6179128018 0.9260578497 0.0022901958 0.5196632204
-3.6179098509 0.9260578765 0.0022901955 0.5196632463
-3.6179069331 0.9260579031 0.0022901951 0.5196632729
-3.6179040483 0.9260579294 0.0022901948 0.5196633003
-3.6179011963 0.9260579553 0.0022901945 0.5196633284
-3.6178983768 0.9260579810 0.0022901941 0.5196633573
-3.6178955896 0.9260580064 0.0022901938 0.5196633868
-3.6178928343 0.9260580314 0.0022901935 0.5196634171
-3.6178901109 0.9260580562 0.0022901932 0.5196634480
-3.6178874191 0.9260580807 0.0022901929 0.5196634796
-3.6178847586 0.9260581049 0.0022901925 0.5196635119
-3.6178821292 0.9260581289 0.0022901922 0.5196635448
-3.6178795306 0.9260581525 0.0022901919 0.5196635783
-3.6178769627 0.9260581759 0.0022901916 0.5196636125
-3.6178744252 0.9260581990 0.0022901913 0.5196636473
-3.6178719178 0.9260582218 0.0022901911 0.5196636827
-3.6178694404 0.9260582444 0.0022901908 0.5196637187
-3.6178669927 0.9260582666 0.0022901905 0.5196637553
-3.6178645744 0.9260582886 0.0022901902 0.5196637925
-3.6178621854 0.9260583104 0.0022901899 0.5196638302
-3.6178598255 0.9260583318 0.0022901896 0.5196638684
-3.6178574943 0.9260583531 0.0022901894 0.5196639072
-3.6178551916 0.9260583740 0.0022901891 0.5196639465
-3.6178529173 0.9260583947 0.0022901888 0.5196639864
-3.6178506711 0.9260584151 0.0022901886 0.5196640267
-3.6178484528 0.9260584353 0.0022901883 0.5196640675
-3.6178462622 0.9260584553 0.0022901881 0.5196641089
-3.6178440989 0.9260584749 0.0022901878 0.5196641506
-3.6178419629 0.9260584944 0.0022901876 0.5196641929
-3.6178398539 0.9260585136 0.0022901873 0.5196642356
-3.6178377716 0.9260585325 0.0022901871 0.5196642787
-3.6178357158 0.9260585512 0.0022901868 0.5196643223
-3.6178336864 0.9260585697 0.0022901866 0.5196643663
-3.6178316830 0.9260585879 0.0022901864 0.5196644107
-3.6178297055 0.9260586059 0.0022901861 0.5196644556
-3.6178277537 0.9260586236 0.0022901859 0.5196645008
-3.6178258273 0.9260586411 0.0022901857 0.5196645464
-3.6178239261 0.9260586584 0.0022901855 0.5196645923
-3.6178220499 0.9260586755 0.0022901853 0.5196646387
-3.6178201985 0.9260586923 0.0022901850 0.5196646853
-3.6178183717 0.9260587089 0.0022901848 0.5196647324
-3.6178165692 0.9260587253 0.0022901846 0.5196647797
-3.6178147908 0.9260587415 0.0022901844 0.5196648274
-3.6178130364 0.9260587575 0.0022901842 0.5196648754
-3.6178113056 0.9260587732 0.0022901840 0.5196649238
-3.6178095984 0.9260587887 0.0022901838 0.5196649724
-3.6178079144 0.9260588040 0.0022901836 0.5196650213
-3.6178062535 0.9260588191 0.0022901834 0.5196650705
-3.6178046155 0.9260588340 0.0022901832 0.5196651199
-3.6178030001 0.9260588487 0.0022901830 0.5196651697
-3.6178014071 0.9260588632 0.0022901829 0.5196652197
-3.6177998364 0.9260588775 0.0022901827 0.5196652699
-3.6177982877 0.9260588915 0.0022901825 0.5196653204
-3.6177967609 0.9260589054 0.0022901823 0.5196653711
-3.6177952556 0.9260589191 0.0022901821 0.5196654220
-3.6177937718 0.9260589326 0.0022901820 0.5196654731
-3.6177923091 0.9260589459 0.0022901818 0.5196655245
-3.6177908675 0.9260589590 0.0022901816 0.5196655760
-3.6177894467 0.9260589719 0.0022901815 0.5196656278
-3.6177880465 0.9260589846 0.0022901813 0.5196656797
-3.6177866666 0.9260589972 0.0022901812 0.5196657318
-3.6177853070 0.9260590095 0.0022901810 0.5196657840
-3.6177839674 0.9260590217 0.0022901808 0.5196658365
-3.6177826476 0.9260590337 0.0022901807 0.5196658890
-3.6177813474 0.9260590455 0.0022901805 0.5196659417
-3.6177800666 0.9260590571 0.0022901804 0.5196659946
-3.6177788050 0.9260590686 0.0022901803 0.5196660476
-3.6177775624 0.9260590799 0.0022901801 0.5196661007
-3.6177763387 0.9260590910 0.0022901800 0.5196661539
-3.6177751336 0.9260591019 0.0022901798 0.5196662072
-3.6177739469 0.9260591127 0.0022901797 0.5196662606
-3.6177727785 0.9260591233 0.0022901796 0.5196663141
-3.6177716282 0.9260591338 0.0022901794 0.5196663677
-3.6177704957 0.9260591440 0.0022901793 0.5196664214
-3.6177693809 0.9260591542 0.0022901792 0.5196664751
-3.6177682836 0.9260591641 0.0022901790 0.5196665290
-3.6177672036 0.9260591739 0.0022901789 0.5196665828
-3.6177661408 0.9260591836 0.0022901788 0.5196666367
-3.6177650949 0.9260591931 0.0022901787 0.5196666907
-3.6177640657 0.9260592024 0.0022901786 0.5196667447
-3.6177630532 0.9260592116 0.0022901784 0.5196667987
-3.6177620570 0.9260592206 0.0022901783 0.5196668528
-3.6177610770 0.9260592295 0.0022901782 0.5196669068
-3.6177601131 0.9260592383 0.0022901781 0.5196669609
-3.6177591650 0.9260592469 0.0022901780 0.5196670150
-3.6177582326 0.9260592554 0.0022901779 0.5196670691
-3.6177573158 0.9260592637 0.0022901778 0.5196671232
-3.6177564142 0.9260592719 0.0022901777 0.5196671772
-3.6177555278 0.9260592799 0.0022901776 0.5196672313
-3.6177546563 0.9260592878 0.0022901775 0.5196672853
-3.6177537997 0.9260592956 0.0022901774 0.5196673393
-3.6177529577 0.9260593032 0.0022901773 0.5196673932
-3.6177521301 0.9260593107 0.0022901772 0.5196674471
-3.6177513169 0.9260593181 0.0022901771 0.5196675010
-3.6177505177 0.9260593253 0.0022901770 0.5196675548
-3.6177497326 0.9260593325 0.0022901769 0.5196676085
-3.6177489612 0.9260593394 0.0022901768 0.5196676622
-3.6177482034 0.9260593463 0.0022901768 0.5196677157
-3.6177474591 0.9260593531 0.0022901767 0.5196677693
-3.6177467280 0.9260593597 0.0022901766 0.5196678227
-3.6177460101 0.9260593662 0.0022901765 0.5196678760
-3.6177453052 0.9260593726 0.0022901764 0.5196679293
-3.6177446130 0.9260593789 0.0022901763 0.5196679824
-3.6177439335 0.9260593850 0.0022901763 0.5196680355
-3.6177432665 0.9260593911 0.0022901762 0.5196680884
-3.6177426118 0.9260593970 0.0022901761 0.5196681412
-3.6177419693 0.9260594028 0.0022901760 0.5196681939
-3.6177413388 0.9260594085 0.0022901760 0.5196682464
-3.6177407201 0.9260594141 0.0022901759 0.5196682989
-3.6177401131 0.9260594196 0.0022901758 0.5196683512
-3.6177395177 0.9260594250 0.0022901758 0.5196684033
-3.6177389337 0.9260594303 0.0022901757 0.5196684553
-3.6177383610 0.9260594355 0.0022901756 0.5196685072
-3.6177377993 0.9260594406 0.0022901756 0.5196685589
-3.6177372486 0.9260594456 0.0022901755 0.5196686104
-3.6177367086 0.9260594504 0.0022901755 0.5196686618
-3.6177361794 0.9260594552 0.0022901754 0.5196687130
-3.6177356606 0.9260594599 0.0022901753 0.5196687640
-3.6177351522 0.9260594645 0.0022901753 0.5196688148
-3.6177346540 0.9260594690 0.0022901752 0.5196688655
-3.6177341659 0.9260594734 0.0022901752 0.5196689160
-3.6177336877 0.9260594778 0.0022901751 0.5196689662
-3.6177332193 0.9260594820 0.0022901751 0.5196690163
-3.6177327605 0.9260594861 0.0022901750 0.5196690662
-3.6177323113 0.9260594902 0.0022901750 0.5196691159
-3.6177318714 0.9260594942 0.0022901749 0.5196691653
-3.6177314407 0.9260594981 0.0022901749 0.5196692146
-3.6177310192 0.9260595019 0.0022901748 0.5196692636
-3.6177306066 0.9260595056 0.0022901748 0.5196693124
-3.6177302029 0.9260595093 0.0022901747 0.5196693609
-3.6177298079 0.9260595128 0.0022901747 0.5196694093
-3.6177294214 0.9260595163 0.0022901746 0.5196694574
-3.6177290434 0.9260595197 0.0022901746 0.5196695052
-3.6177286736 0.9260595231 0.0022901746 0.5196695528
-3.6177283121 0.9260595263 0.0022901745 0.5196696002
-3.6177279586 0.9260595295 0.0022901745 0.5196696473
-3.6177276130 0.9260595326 0.0022901744 0.5196696942
-3.6177272752 0.9260595357 0.0022901744 0.5196697408
-3.6177269451 0.9260595387 0.0022901744 0.5196697871
-3.6177266226 0.9260595416 0.0022901743 0.5196698332
-3.6177263075 0.9260595444 0.0022901743 0.5196698790
-3.6177259997 0.9260595472 0.0022901743 0.5196699245
-3.6177256991 0.9260595499 0.0022901742 0.5196699697
-3.6177254055 0.9260595525 0.0022901742 0.5196700147
-3.6177251189 0.9260595551 0.0022901742 0.5196700594
-3.6177248391 0.9260595577 0.0022901741 0.5196701038
-3.6177245661 0.9260595601 0.0022901741 0.5196701479
-3.6177242997 0.9260595625 0.0022901741 0.5196701917
-3.6177240397 0.9260595649 0.0022901741 0.5196702352
-3.6177237861 0.9260595671 0.0022901740 0.5196702784
-3.6177235388 0.9260595694 0.0022901740 0.5196703213
-3.6177232977 0.9260595715 0.0022901740 0.5196703639
-3.6177230626 0.9260595736 0.0022901739 0.5196704061
-3.6177228334 0.9260595757 0.0022901739 0.5196704481
-3.6177226100 0.9260595777 0.0022901739 0.5196704897
-3.6177223924 0.9260595797 0.0022901739 0.5196705311
-3.6177221804 0.9260595816 0.0022901739 0.5196705721
-3.6177219739 0.9260595834 0.0022901738 0.5196706127
-3.6177217729 0.9260595852 0.0022901738 0.5196706531
-3.6177215771 0.9260595870 0.0022901738 0.5196706931
-3.6177213865 0.9260595887 0.0022901738 0.5196707327
-3.6177212011 0.9260595904 0.0022901737 0.5196707721
-3.6177210206 0.9260595920 0.0022901737 0.5196708111
-3.6177208451 0.9260595936 0.0022901737 0.5196708497
-3.6177206744 0.9260595951 0.0022901737 0.5196708880
-3.6177205084 0.9260595966 0.0022901737 0.5196709260
-3.6177203470 0.9260595980 0.0022901737 0.5196709635
-3.6177201901 0.9260595994 0.0022901736 0.5196710008
-3.6177200377 0.9260596008 0.0022901736 0.5196710377
-3.6177198897 0.9260596021 0.0022901736 0.5196710742
-3.6177197458 0.9260596034 0.0022901736 0.5196711103
-3.6177196062 0.9260596047 0.0022901736 0.5196711461
-3.6177194706 0.9260596059 0.0022901736 0.5196711815
-3.6177193390 0.9260596070 0.0022901736 0.5196712166
-3.6177192114 0.9260596082 0.0022901735 0.5196712513
-3.6177190875 0.9260596093 0.0022901735 0.5196712856
-3.6177189674 0.9260596104 0.0022901735 0.5196713195
-3.6177188509 0.9260596114 0.0022901735 0.5196713530
-3.6177187380 0.9260596124 0.0022901735 0.5196713862
-3.6177186286 0.9260596134 0.0022901735 0.5196714190
-3.6177185226 0.9260596143 0.0022901735 0.5196714514
-3.6177184199 0.9260596152 0.0022901735 0.5196714834
-3.6177183205 0.9260596161 0.0022901735 0.5196715150
-3.6177182243 0.9260596170 0.0022901734 0.5196715462
-3.6177181311 0.9260596178 0.0022901734 0.5196715770
-3.6177180410 0.9260596186 0.0022901734 0.5196716074
-3.6177179539 0.9260596194 0.0022901734 0.5196716374
-3.6177178696 0.9260596201 0.0022901734 0.5196716671
-3.6177177881 0.9260596209 0.0022901734 0.5196716963
-3.6177177094 0.9260596216 0.0022901734 0.5196717251
-3.6177176333 0.9260596222 0.0022901734 0.5196717535
-3.6177175599 0.9260596229 0.0022901734 0.5196717815
-3.6177174890 0.9260596235 0.0022901734 0.5196718091
-3.6177174205 0.9260596241 0.0022901734 0.5196718362
-3.6177173545 0.9260596247 0.0022901734 0.5196718630
-3.6177172908 0.9260596253 0.0022901734 0.5196718893
-3.6177172293 0.9260596258 0.0022901733 0.5196719152
-3.6177171701 0.9260596263 0.0022901733 0.5196719407
-3.6177171131 0.9260596268 0.0022901733 0.5196719658
-3.6177170581 0.9260596273 0.0022901733 0.5196719905
-3.6177170052 0.9260596278 0.0022901733 0.5196720147
-3.6177169543 0.9260596282 0.0022901733 0.5196720385
-3.6177169053 0.9260596287 0.0022901733 0.5196720619
-3.6177168582 0.9260596291 0.0022901733 0.5196720848
-3.6177168129 0.9260596295 0.0022901733 0.5196721073
-3.6177167693 0.9260596299 0.0022901733 0.5196721294
-3.6177167275 0.9260596302 0.0022901733 0.5196721511
-3.6177166873 0.9260596306 0.0022901733 0.5196721723
-3.6177166487 0.9260596309 0.0022901733 0.5196721931
-3.6177166117 0.9260596312 0.0022901733 0.5196722134
-3.6177165762 0.9260596316 0.0022901733 0.5196722333
-3.6177165422 0.9260596318 0.0022901733 0.5196722528
-3.6177165096 0.9260596321 0.0022901733 0.5196722718
-3.6177164784 0.9260596324 0.0022901733 0.5196722904
-3.6177164485 0.9260596327 0.0022901733 0.5196723085
-3.6177164199 0.9260596329 0.0022901733 0.5196723262
-3.6177163925 0.9260596332 0.0022901733 0.5196723434
-3.6177163664 0.9260596334 0.0022901733 0.5196723602
-3.6177163414 0.9260596336 0.0022901733 0.5196723766
-3.6177163176 0.9260596338 0.0022901733 0.5196723925
-3.6177162949 0.9260596340 0.0022901733 0.5196724079
-3.6177162732 0.9260596342 0.0022901733 0.5196724229
-3.6177162526 0.9260596344 0.0022901733 0.5196724375
-3.6177162329 0.9260596345 0.0022901733 0.5196724516
-3.6177162142 0.9260596347 0.0022901733 0.5196724652
-3.6177161965 0.9260596349 0.0022901733 0.5196724784
-3.6177161796 0.9260596350 0.0022901733 0.5196724911
-3.6177161636 0.9260596351 0.0022901733 0.5196725034
-3.6177161485 0.9260596353 0.0022901733 0.5196725152
-3.6177161341 0.9260596354 0.0022901732 0.5196725266
-3.6177161206 0.9260596355 0.0022901732 0.5196725375
-3.6177161078 0.9260596356 0.0022901732 0.5196725479
-3.6177160957 0.9260596357 0.0022901732 0.5196725579
-3.6177160844 0.9260596358 0.0022901732 0.5196725674
-3.6177160737 0.9260596359 0.0022901732 0.5196725765
-3.6177160637 0.9260596360 0.0022901732 0.5196725851
-3.6177160544 0.9260596361 0.0022901732 0.5196725932
-3.6177160457 0.9260596361 0.0022901732 0.5196726009
-3.6177160376 0.9260596362 0.0022901732 0.5196726081
-3.6177160302 0.9260596363 0.0022901732 0.5196726148
-3.6177160233 0.9260596363 0.0022901732 0.5196726211
-3.6177160169 0.9260596364 0.0022901732 0.5196726270
-3.6177160112 0.9260596364 0.0022901732 0.5196726323
-3.6177160059 0.9260596365 0.0022901732 0.5196726372
-3.6177160012 0.9260596365 0.0022901732 0.5196726416
-3.6177159971 0.9260596366 0.0022901732 0.5196726456
-3.6177159934 0.9260596366 0.0022901732 0.5196726491
-3.6177159903 0.9260596366 0.0022901732 0.5196726521
-3.6177159876 0.9260596366 0.0022901732 0.5196726547
-3.6177159854 0.9260596367 0.0022901732 0.5196726568
-3.6177159837 0.9260596367 0.0022901732 0.5196726584
-3.6177159825 0.9260596367 0.0022901732 0.5196726596
-3.6177159818 0.9260596367 0.0022901732 0.5196726603
-3.6177159816 0.9260596367 0.0022901732 0.5196726605
